 BkNo Year Day hh mm ss mss ns    Azimuth(deg)    Elevation(deg)Tv DvTSnRSnDTpSTpSId BkCtSRtInTim
    1 2016 322 17 23 53 000 0      73.59000000       1.49000000  0  5 b5 f0 15 04 04 0001 01 00
    1 2016 322 17 23 54 000 0      73.59000000       1.49000000  0  5 b5 f0 15 04 04 0001 01 00
    1 2016 322 17 23 55 000 0      73.56000000       1.53000000  0  5 b5 f0 15 04 04 0001 01 00
    1 2016 322 17 23 56 000 0      73.56000000       1.53000000  0  5 b5 f0 15 04 04 0001 01 00
    1 2016 322 17 23 57 000 0      73.56000000       1.53000000  0  5 b5 f0 15 04 04 0001 01 00
    1 2016 322 17 23 58 000 0      73.56000000       1.50000000  0  5 b5 f0 15 04 04 0001 01 00
    1 2016 322 17 23 59 000 0      73.56000000       1.49000000  0  5 b5 f0 15 04 04 0001 01 00
    1 2016 322 17 24 00 000 0      73.56000000       1.49000000  0  5 b5 f0 15 04 04 0001 01 00
    1 2016 322 17 24 01 000 0      73.56000000       1.49000000  0  5 b5 f0 15 04 04 0001 01 00
    1 2016 322 17 24 02 000 0      73.56000000       1.49000000  0  5 b5 f0 15 04 04 0001 01 00
    2 2016 322 17 24 03 000 0      73.56000000       1.49000000  0  5 b5 f0 15 04 04 0002 01 00
    2 2016 322 17 24 04 000 0      73.56000000       1.49000000  0  5 b5 f0 15 04 04 0002 01 00
    2 2016 322 17 24 05 000 0      73.56000000       1.49000000  0  5 b5 f0 15 04 04 0002 01 00
    2 2016 322 17 24 06 000 0      73.56000000       1.49000000  0  5 b5 f0 15 04 04 0002 01 00
    2 2016 322 17 24 07 000 0      73.56000000       1.49000000  0  5 b5 f0 15 04 04 0002 01 00
    2 2016 322 17 24 08 000 0      73.56000000       1.51000000  0  3 b5 f0 15 04 04 0002 01 00
    2 2016 322 17 24 09 000 0      73.25000000       1.50000000  0  3 b5 f0 15 04 04 0002 01 00
    2 2016 322 17 24 10 000 0      70.98000000       1.50000000  0  3 b5 f0 15 04 04 0002 01 00
    2 2016 322 17 24 11 000 0      68.46000000       1.50000000  0  3 b5 f0 15 04 04 0002 01 00
    2 2016 322 17 24 12 000 0      65.69000000       1.50000000  0  3 b5 f0 15 04 04 0002 01 00
    3 2016 322 17 24 13 000 0      63.16000000       1.50000000  0  3 b5 f0 15 04 04 0003 01 00
    3 2016 322 17 24 14 000 0      60.66000000       1.50000000  0  3 b5 f0 15 04 04 0003 01 00
    3 2016 322 17 24 15 000 0      58.16000000       1.50000000  0  3 b5 f0 15 04 04 0003 01 00
    3 2016 322 17 24 16 000 0      55.90000000       1.50000000  0  3 b5 f0 15 04 04 0003 01 00
    3 2016 322 17 24 17 000 0      53.40000000       1.50000000  0  3 b5 f0 15 04 04 0003 01 00
    3 2016 322 17 24 18 000 0      50.91000000       1.50000000  0  3 b5 f0 15 04 04 0003 01 00
    3 2016 322 17 24 19 000 0      48.17000000       1.50000000  0  3 b5 f0 15 04 04 0003 01 00
    3 2016 322 17 24 20 000 0      45.65000000       1.50000000  0  3 b5 f0 15 04 04 0003 01 00
    3 2016 322 17 24 21 000 0      43.15000000       1.50000000  0  3 b5 f0 15 04 04 0003 01 00
    3 2016 322 17 24 22 000 0      40.67000000       1.50000000  0  3 b5 f0 15 04 04 0003 01 00
    4 2016 322 17 24 23 000 0      38.40000000       1.50000000  0  3 b5 f0 15 04 04 0004 01 00
    4 2016 322 17 24 24 000 0      35.90000000       1.50000000  0  3 b5 f0 15 04 04 0004 01 00
    4 2016 322 17 24 25 000 0      33.40000000       1.50000000  0  3 b5 f0 15 04 04 0004 01 00
    4 2016 322 17 24 26 000 0      30.67000000       1.50000000  0  3 b5 f0 15 04 04 0004 01 00
    4 2016 322 17 24 27 000 0      28.16000000       1.50000000  0  3 b5 f0 15 04 04 0004 01 00
    4 2016 322 17 24 28 000 0      25.66000000       1.50000000  0  3 b5 f0 15 04 04 0004 01 00
    4 2016 322 17 24 29 000 0      23.15000000       1.50000000  0  3 b5 f0 15 04 04 0004 01 00
    4 2016 322 17 24 30 000 0      20.90000000       1.50000000  0  3 b5 f0 15 04 04 0004 01 00
    4 2016 322 17 24 31 000 0      18.41000000       1.50000000  0  3 b5 f0 15 04 04 0004 01 00
    4 2016 322 17 24 32 000 0      15.89000000       1.50000000  0  3 b5 f0 15 04 04 0004 01 00
    5 2016 322 17 24 33 000 0      13.40000000       1.50000000  0  3 b5 f0 15 04 04 0005 01 00
    5 2016 322 17 24 34 000 0      10.90000000       1.50000000  0  3 b5 f0 15 04 04 0005 01 00
    5 2016 322 17 24 35 000 0       8.39000000       1.50000000  0  3 b5 f0 15 04 04 0005 01 00
    5 2016 322 17 24 36 000 0       5.65000000       1.50000000  0  3 b5 f0 15 04 04 0005 01 00
    5 2016 322 17 24 37 000 0       3.40000000       1.50000000  0  3 b5 f0 15 04 04 0005 01 00
    5 2016 322 17 24 38 000 0       0.90000000       1.50000000  0  3 b5 f0 15 04 04 0005 01 00
    5 2016 322 17 24 39 000 0     358.39000000       1.50000000  0  3 b5 f0 15 04 04 0005 01 00
    5 2016 322 17 24 40 000 0     355.89000000       1.50000000  0  3 b5 f0 15 04 04 0005 01 00
    5 2016 322 17 24 41 000 0     353.39000000       1.50000000  0  3 b5 f0 15 04 04 0005 01 00
    5 2016 322 17 24 42 000 0     350.89000000       1.50000000  0  3 b5 f0 15 04 04 0005 01 00
    6 2016 322 17 24 43 000 0     348.40000000       1.50000000  0  3 b5 f0 15 04 04 0006 01 00
    6 2016 322 17 24 44 000 0     345.90000000       1.50000000  0  3 b5 f0 15 04 04 0006 01 00
    6 2016 322 17 24 45 000 0     343.38000000       1.50000000  0  3 b5 f0 15 04 04 0006 01 00
    6 2016 322 17 24 46 000 0     340.89000000       1.50000000  0  3 b5 f0 15 04 04 0006 01 00
    6 2016 322 17 24 47 000 0     338.39000000       1.50000000  0  3 b5 f0 15 04 04 0006 01 00
    6 2016 322 17 24 48 000 0     335.87000000       1.50000000  0  3 b5 f0 15 04 04 0006 01 00
    6 2016 322 17 24 49 000 0     333.37000000       1.50000000  0  3 b5 f0 15 04 04 0006 01 00
    6 2016 322 17 24 50 000 0     330.91000000       1.50000000  0  3 b5 f0 15 04 04 0006 01 00
    6 2016 322 17 24 51 000 0     328.39000000       1.50000000  0  3 b5 f0 15 04 04 0006 01 00
    6 2016 322 17 24 52 000 0     325.90000000       1.50000000  0  3 b5 f0 15 04 04 0006 01 00
    7 2016 322 17 24 53 000 0     323.39000000       1.50000000  0  3 b5 f0 15 04 04 0007 01 00
    7 2016 322 17 24 54 000 0     320.90000000       1.50000000  0  3 b5 f0 15 04 04 0007 01 00
    7 2016 322 17 24 55 000 0     318.35000000       1.50000000  0  3 b5 f0 15 04 04 0007 01 00
    7 2016 322 17 24 56 000 0     315.88000000       1.50000000  0  3 b5 f0 15 04 04 0007 01 00
    7 2016 322 17 24 57 000 0     313.16000000       1.50000000  0  3 b5 f0 15 04 04 0007 01 00
    7 2016 322 17 24 58 000 0     310.90000000       1.50000000  0  3 b5 f0 15 04 04 0007 01 00
    7 2016 322 17 24 59 000 0     308.40000000       1.51000000  0  3 b5 f0 15 04 04 0007 01 00
    7 2016 322 17 25 00 000 0     305.90000000       1.50000000  0  3 b5 f0 15 04 04 0007 01 00
    7 2016 322 17 25 01 000 0     303.40000000       1.50000000  0  3 b5 f0 15 04 04 0007 01 00
    7 2016 322 17 25 02 000 0     300.89000000       1.50000000  0  3 b5 f0 15 04 04 0007 01 00
    8 2016 322 17 25 03 000 0     298.38000000       1.50000000  0  3 b5 f0 15 04 04 0008 01 00
    8 2016 322 17 25 04 000 0     295.67000000       1.50000000  0  3 b5 f0 15 04 04 0008 01 00
    8 2016 322 17 25 05 000 0     293.41000000       1.50000000  0  3 b5 f0 15 04 04 0008 01 00
    8 2016 322 17 25 06 000 0     290.90000000       1.50000000  0  3 b5 f0 15 04 04 0008 01 00
    8 2016 322 17 25 07 000 0     288.39000000       1.50000000  0  3 b5 f0 15 04 04 0008 01 00
    8 2016 322 17 25 08 000 0     285.90000000       1.50000000  0  3 b5 f0 15 04 04 0008 01 00
    8 2016 322 17 25 09 000 0     283.39000000       1.50000000  0  3 b5 f0 15 04 04 0008 01 00
    8 2016 322 17 25 10 000 0     280.89000000       1.50000000  0  3 b5 f0 15 04 04 0008 01 00
    8 2016 322 17 25 11 000 0     278.39000000       1.50000000  0  3 b5 f0 15 04 04 0008 01 00
    8 2016 322 17 25 12 000 0     275.90000000       1.50000000  0  3 b5 f0 15 04 04 0008 01 00
    9 2016 322 17 25 13 000 0     273.41000000       1.50000000  0  3 b5 f0 15 04 04 0009 01 00
    9 2016 322 17 25 14 000 0     270.90000000       1.50000000  0  3 b5 f0 15 04 04 0009 01 00
    9 2016 322 17 25 15 000 0     268.39000000       1.50000000  0  3 b5 f0 15 04 04 0009 01 00
    9 2016 322 17 25 16 000 0     265.88000000       1.50000000  0  3 b5 f0 15 04 04 0009 01 00
    9 2016 322 17 25 17 000 0     263.42000000       1.50000000  0  3 b5 f0 15 04 04 0009 01 00
    9 2016 322 17 25 18 000 0     260.93000000       1.50000000  0  3 b5 f0 15 04 04 0009 01 00
    9 2016 322 17 25 19 000 0     258.59000000       1.50000000  0  3 b5 f0 15 04 04 0009 01 00
    9 2016 322 17 25 20 000 0     256.99000000       1.50000000  0  3 b5 f0 15 04 04 0009 01 00
    9 2016 322 17 25 21 000 0     255.99000000       1.50000000  0  3 b5 f0 15 04 04 0009 01 00
    9 2016 322 17 25 22 000 0     255.45000000       1.50000000  0  3 b5 f0 15 04 04 0009 01 00
   10 2016 322 17 25 23 000 0     255.13000000       1.50000000  0  3 b5 f0 15 04 04 000a 01 00
   10 2016 322 17 25 24 000 0     255.15000000       1.50000000  0  3 b5 f0 15 04 04 000a 01 00
   10 2016 322 17 25 25 000 0     255.19000000       1.50000000  0  3 b5 f0 15 04 04 000a 01 00
   10 2016 322 17 25 26 000 0     255.19000000       1.50000000  0  3 b5 f0 15 04 04 000a 01 00
   10 2016 322 17 25 27 000 0     255.21000000       1.50000000  0  3 b5 f0 15 04 04 000a 01 00
   10 2016 322 17 25 28 000 0     255.22000000       1.50000000  0  3 b5 f0 15 04 04 000a 01 00
   10 2016 322 17 25 29 000 0     255.22000000       1.50000000  0  3 b5 f0 15 04 04 000a 01 00
   10 2016 322 17 25 30 000 0     255.22000000       1.50000000  0  3 b5 f0 15 04 04 000a 01 00
   10 2016 322 17 25 31 000 0     255.22000000       1.50000000  0  3 b5 f0 15 04 04 000a 01 00
   10 2016 322 17 25 32 000 0     255.22000000       1.50000000  0  3 b5 f0 15 04 04 000a 01 00
   11 2016 322 17 25 33 000 0     255.21000000       1.50000000  0  3 b5 f0 15 04 04 000b 01 00
   11 2016 322 17 25 34 000 0     255.19000000       1.50000000  0  3 b5 f0 15 04 04 000b 01 00
   11 2016 322 17 25 35 000 0     255.19000000       1.50000000  0  3 b5 f0 15 04 04 000b 01 00
   11 2016 322 17 25 36 000 0     255.19000000       1.50000000  0  3 b5 f0 15 04 04 000b 01 00
   11 2016 322 17 25 37 000 0     255.19000000       1.50000000  0  3 b5 f0 15 04 04 000b 01 00
   11 2016 322 17 25 38 000 0     255.19000000       1.50000000  0  3 b5 f0 15 04 04 000b 01 00
   11 2016 322 17 25 39 000 0     255.19000000       1.50000000  0  3 b5 f0 15 04 04 000b 01 00
   11 2016 322 17 25 40 000 0     255.19000000       1.50000000  0  3 b5 f0 15 04 04 000b 01 00
   11 2016 322 17 25 41 000 0     255.19000000       1.50000000  0  3 b5 f0 15 04 04 000b 01 00
   11 2016 322 17 25 42 000 0     255.20000000       1.50000000  0  3 b5 f0 15 04 04 000b 01 00
   12 2016 322 17 25 43 000 0     255.20000000       1.50000000  0  3 b5 f0 15 04 04 000c 01 00
   12 2016 322 17 25 44 000 0     255.20000000       1.50000000  0  3 b5 f0 15 04 04 000c 01 00
   12 2016 322 17 25 45 000 0     255.20000000       1.50000000  0  3 b5 f0 15 04 04 000c 01 00
   12 2016 322 17 25 46 000 0     255.20000000       1.50000000  0  3 b5 f0 15 04 04 000c 01 00
   12 2016 322 17 25 47 000 0     255.20000000       1.50000000  0  3 b5 f0 15 04 04 000c 01 00
   12 2016 322 17 25 48 000 0     255.20000000       1.50000000  0  3 b5 f0 15 04 04 000c 01 00
   12 2016 322 17 25 49 000 0     255.20000000       1.50000000  0  3 b5 f0 15 04 04 000c 01 00
   12 2016 322 17 25 50 000 0     255.20000000       1.50000000  0  3 b5 f0 15 04 04 000c 01 00
   12 2016 322 17 25 51 000 0     255.20000000       1.50000000  0  3 b5 f0 15 04 04 000c 01 00
   12 2016 322 17 25 52 000 0     255.20000000       1.50000000  0  3 b5 f0 15 04 04 000c 01 00
   13 2016 322 17 25 53 000 0     255.20000000       1.50000000  0  3 b5 f0 15 04 04 000d 01 00
   13 2016 322 17 25 54 000 0     255.20000000       1.50000000  0  3 b5 f0 15 04 04 000d 01 00
   13 2016 322 17 25 55 000 0     255.20000000       1.50000000  0  3 b5 f0 15 04 04 000d 01 00
   13 2016 322 17 25 56 000 0     255.20000000       1.50000000  0  3 b5 f0 15 04 04 000d 01 00
   13 2016 322 17 25 57 000 0     255.20000000       1.50000000  0  3 b5 f0 15 04 04 000d 01 00
   13 2016 322 17 25 58 000 0     255.20000000       1.50000000  0  3 b5 f0 15 04 04 000d 01 00
   13 2016 322 17 25 59 000 0     255.20000000       1.50000000  0  3 b5 f0 15 04 04 000d 01 00
   13 2016 322 17 26 00 000 0     255.20000000       1.50000000  0  3 b5 f0 15 04 04 000d 01 00
   13 2016 322 17 26 01 000 0     255.20000000       1.50000000  0  3 b5 f0 15 04 04 000d 01 00
   13 2016 322 17 26 02 000 0     255.20000000       1.50000000  0  3 b5 f0 15 04 04 000d 01 00
   14 2016 322 17 26 03 000 0     255.20000000       1.50000000  0  3 b5 f0 15 04 04 000e 01 00
   14 2016 322 17 26 04 000 0     255.20000000       1.50000000  0  3 b5 f0 15 04 04 000e 01 00
   14 2016 322 17 26 05 000 0     255.20000000       1.50000000  0  3 b5 f0 15 04 04 000e 01 00
   14 2016 322 17 26 06 000 0     255.20000000       1.50000000  0  3 b5 f0 15 04 04 000e 01 00
   14 2016 322 17 26 07 000 0     255.20000000       1.50000000  0  3 b5 f0 15 04 04 000e 01 00
   14 2016 322 17 26 08 000 0     255.20000000       1.50000000  0  3 b5 f0 15 04 04 000e 01 00
   14 2016 322 17 26 09 000 0     255.20000000       1.50000000  0  3 b5 f0 15 04 04 000e 01 00
   14 2016 322 17 26 10 000 0     255.20000000       1.50000000  0  3 b5 f0 15 04 04 000e 01 00
   14 2016 322 17 26 11 000 0     255.20000000       1.50000000  0  3 b5 f0 15 04 04 000e 01 00
   14 2016 322 17 26 12 000 0     255.20000000       1.50000000  0  3 b5 f0 15 04 04 000e 01 00
   15 2016 322 17 26 13 000 0     255.20000000       1.50000000  0  3 b5 f0 15 04 04 000f 01 00
   15 2016 322 17 26 14 000 0     255.20000000       1.50000000  0  3 b5 f0 15 04 04 000f 01 00
   15 2016 322 17 26 15 000 0     255.20000000       1.50000000  0  3 b5 f0 15 04 04 000f 01 00
   15 2016 322 17 26 16 000 0     255.20000000       1.50000000  0  3 b5 f0 15 04 04 000f 01 00
   15 2016 322 17 26 17 000 0     255.20000000       1.50000000  0  3 b5 f0 15 04 04 000f 01 00
   15 2016 322 17 26 18 000 0     255.20000000       1.50000000  0  3 b5 f0 15 04 04 000f 01 00
   15 2016 322 17 26 19 000 0     255.20000000       1.50000000  0  3 b5 f0 15 04 04 000f 01 00
   15 2016 322 17 26 20 000 0     255.20000000       1.50000000  0  3 b5 f0 15 04 04 000f 01 00
   15 2016 322 17 26 21 000 0     255.20000000       1.50000000  0  3 b5 f0 15 04 04 000f 01 00
   15 2016 322 17 26 22 000 0     255.20000000       1.50000000  0  3 b5 f0 15 04 04 000f 01 00
   16 2016 322 17 26 23 000 0     255.20000000       1.50000000  0  3 b5 f0 15 04 04 0010 01 00
   16 2016 322 17 26 24 000 0     255.20000000       1.50000000  0  3 b5 f0 15 04 04 0010 01 00
   16 2016 322 17 26 25 000 0     255.20000000       1.50000000  0  3 b5 f0 15 04 04 0010 01 00
   16 2016 322 17 26 26 000 0     255.20000000       1.50000000  0  3 b5 f0 15 04 04 0010 01 00
   16 2016 322 17 26 27 000 0     255.20000000       1.50000000  0  3 b5 f0 15 04 04 0010 01 00
   16 2016 322 17 26 28 000 0     255.20000000       1.50000000  0  3 b5 f0 15 04 04 0010 01 00
   16 2016 322 17 26 29 000 0     255.20000000       1.50000000  0  3 b5 f0 15 04 04 0010 01 00
   16 2016 322 17 26 30 000 0     255.20000000       1.50000000  0  3 b5 f0 15 04 04 0010 01 00
   16 2016 322 17 26 31 000 0     255.20000000       1.50000000  0  3 b5 f0 15 04 04 0010 01 00
   16 2016 322 17 26 32 000 0     255.20000000       1.50000000  0  3 b5 f0 15 04 04 0010 01 00
   17 2016 322 17 26 33 000 0     255.20000000       1.50000000  0  3 b5 f0 15 04 04 0011 01 00
   17 2016 322 17 26 34 000 0     255.20000000       1.50000000  0  3 b5 f0 15 04 04 0011 01 00
   17 2016 322 17 26 35 000 0     255.20000000       1.50000000  0  3 b5 f0 15 04 04 0011 01 00
   17 2016 322 17 26 36 000 0     255.20000000       1.50000000  0  3 b5 f0 15 04 04 0011 01 00
   17 2016 322 17 26 37 000 0     255.20000000       1.50000000  0  3 b5 f0 15 04 04 0011 01 00
   17 2016 322 17 26 38 000 0     255.20000000       1.51000000  0  3 b5 f0 15 04 04 0011 01 00
   17 2016 322 17 26 39 000 0     255.20000000       1.51000000  0  3 b5 f0 15 04 04 0011 01 00
   17 2016 322 17 26 40 000 0     255.20000000       1.51000000  0  3 b5 f0 15 04 04 0011 01 00
   17 2016 322 17 26 41 000 0     255.11000000       1.51000000  0  3 b5 f0 15 04 04 0011 01 00
   17 2016 322 17 26 42 000 0     255.11000000       1.51000000  0  3 b5 f0 15 04 04 0011 01 00
   18 2016 322 17 26 43 000 0     255.10000000       1.51000000  0  3 b5 f0 15 04 04 0012 01 00
   18 2016 322 17 26 44 000 0     255.03000000       1.51000000  0  3 b5 f0 15 04 04 0012 01 00
   18 2016 322 17 26 45 000 0     255.00000000       1.51000000  0  3 b5 f0 15 04 04 0012 01 00
   18 2016 322 17 26 46 000 0     254.95000000       1.51000000  0  3 b5 f0 15 04 04 0012 01 00
   18 2016 322 17 26 47 000 0     254.93000000       1.51000000  0  3 b5 f0 15 04 04 0012 01 00
   18 2016 322 17 26 48 000 0     254.87000000       1.51000000  0  3 b5 f0 15 04 04 0012 01 00
   18 2016 322 17 26 49 000 0     254.82000000       1.50000000  0  3 b5 f0 15 04 04 0012 01 00
   18 2016 322 17 26 50 000 0     254.78000000       1.49000000  0  3 b5 f0 15 04 04 0012 01 00
   18 2016 322 17 26 51 000 0     254.76000000       1.49000000  0  3 b5 f0 15 04 04 0012 01 00
   18 2016 322 17 26 52 000 0     254.70000000       1.49000000  0  3 b5 f0 15 04 04 0012 01 00
   19 2016 322 17 26 53 000 0     254.67000000       1.49000000  0  3 b5 f0 15 04 04 0013 01 00
   19 2016 322 17 26 54 000 0     254.61000000       1.49000000  0  3 b5 f0 15 04 04 0013 01 00
   19 2016 322 17 26 55 000 0     254.60000000       1.49000000  0  3 b5 f0 15 04 04 0013 01 00
   19 2016 322 17 26 56 000 0     254.54000000       1.49000000  0  3 b5 f0 15 04 04 0013 01 00
   19 2016 322 17 26 57 000 0     254.49000000       1.49000000  0  3 b5 f0 15 04 04 0013 01 00
   19 2016 322 17 26 58 000 0     254.47000000       1.50000000  0  3 b5 f0 15 04 04 0013 01 00
   19 2016 322 17 26 59 000 0     254.40000000       1.51000000  0  3 b5 f0 15 04 04 0013 01 00
   19 2016 322 17 27 00 000 0     254.36000000       1.51000000  0  3 b5 f0 15 04 04 0013 01 00
   19 2016 322 17 27 01 000 0     254.33000000       1.56000000  0  3 b5 f0 15 04 04 0013 01 00
   19 2016 322 17 27 02 000 0     254.28000000       1.56000000  0  3 b5 f0 15 04 04 0013 01 00
   20 2016 322 17 27 03 000 0     254.24000000       1.56000000  0  3 b5 f0 15 04 04 0014 01 00
   20 2016 322 17 27 04 000 0     254.19000000       1.62000000  0  3 b5 f0 15 04 04 0014 01 00
   20 2016 322 17 27 05 000 0     254.16000000       1.64000000  0  3 b5 f0 15 04 04 0014 01 00
   20 2016 322 17 27 06 000 0     254.09000000       1.68000000  0  3 b5 f0 15 04 04 0014 01 00
   20 2016 322 17 27 07 000 0     254.06000000       1.70000000  0  3 b5 f0 15 04 04 0014 01 00
   20 2016 322 17 27 08 000 0     254.03000000       1.73000000  0  3 b5 f0 15 04 04 0014 01 00
   20 2016 322 17 27 09 000 0     253.98000000       1.75000000  0  3 b5 f0 15 04 04 0014 01 00
   20 2016 322 17 27 10 000 0     253.92000000       1.79000000  0  3 b5 f0 15 04 04 0014 01 00
   20 2016 322 17 27 11 000 0     253.89000000       1.83000000  0  3 b5 f0 15 04 04 0014 01 00
   20 2016 322 17 27 12 000 0     253.84000000       1.90000000  0  3 b5 f0 15 04 04 0014 01 00
   21 2016 322 17 27 13 000 0     253.79000000       1.96000000  0  3 b5 f0 15 04 04 0015 01 00
   21 2016 322 17 27 14 000 0     253.74000000       2.01000000  0  3 b5 f0 15 04 04 0015 01 00
   21 2016 322 17 27 15 000 0     253.69000000       2.07000000  0  3 b5 f0 15 04 04 0015 01 00
   21 2016 322 17 27 16 000 0     253.67000000       2.13000000  0  3 b5 f0 15 04 04 0015 01 00
   21 2016 322 17 27 17 000 0     253.59000000       2.19000000  0  3 b5 f0 15 04 04 0015 01 00
   21 2016 322 17 27 18 000 0     253.56000000       2.25000000  0  3 b5 f0 15 04 04 0015 01 00
   21 2016 322 17 27 19 000 0     253.50000000       2.32000000  0  3 b5 f0 15 04 04 0015 01 00
   21 2016 322 17 27 20 000 0     253.49000000       2.37000000  0  3 b5 f0 15 04 04 0015 01 00
   21 2016 322 17 27 21 000 0     253.41000000       2.42000000  0  3 b5 f0 15 04 04 0015 01 00
   21 2016 322 17 27 22 000 0     253.38000000       2.49000000  0  3 b5 f0 15 04 04 0015 01 00
   22 2016 322 17 27 23 000 0     253.32000000       2.54000000  0  3 b5 f0 15 04 04 0016 01 00
   22 2016 322 17 27 24 000 0     253.29000000       2.61000000  0  3 b5 f0 15 04 04 0016 01 00
   22 2016 322 17 27 25 000 0     253.22000000       2.67000000  0  3 b5 f0 15 04 04 0016 01 00
   22 2016 322 17 27 26 000 0     253.18000000       2.74000000  0  3 b5 f0 15 04 04 0016 01 00
   22 2016 322 17 27 27 000 0     253.13000000       2.78000000  0  3 b5 f0 15 04 04 0016 01 00
   22 2016 322 17 27 28 000 0     253.06000000       2.85000000  0  3 b5 f0 15 04 04 0016 01 00
   22 2016 322 17 27 29 000 0     253.03000000       2.90000000  0  3 b5 f0 15 04 04 0016 01 00
   22 2016 322 17 27 30 000 0     252.97000000       2.97000000  0  3 b5 f0 15 04 04 0016 01 00
   22 2016 322 17 27 31 000 0     252.94000000       3.03000000  0  3 b5 f0 15 04 04 0016 01 00
   22 2016 322 17 27 32 000 0     252.87000000       3.10000000  0  3 b5 f0 15 04 04 0016 01 00
   23 2016 322 17 27 33 000 0     252.83000000       3.16000000  0  3 b5 f0 15 04 04 0017 01 00
   23 2016 322 17 27 34 000 0     252.77000000       3.22000000  0  3 b5 f0 15 04 04 0017 01 00
   23 2016 322 17 27 35 000 0     252.72000000       3.28000000  0  3 b5 f0 15 04 04 0017 01 00
   23 2016 322 17 27 36 000 0     252.67000000       3.34000000  0  3 b5 f0 15 04 04 0017 01 00
   23 2016 322 17 27 37 000 0     252.64000000       3.41000000  0  3 b5 f0 15 04 04 0017 01 00
   23 2016 322 17 27 38 000 0     252.59000000       3.47000000  0  3 b5 f0 15 04 04 0017 01 00
   23 2016 322 17 27 39 000 0     252.51000000       3.53000000  0  3 b5 f0 15 04 04 0017 01 00
   23 2016 322 17 27 40 000 0     252.48000000       3.60000000  0  3 b5 f0 15 04 04 0017 01 00
   23 2016 322 17 27 41 000 0     252.41000000       3.66000000  0  3 b5 f0 15 04 04 0017 01 00
   23 2016 322 17 27 42 000 0     252.37000000       3.72000000  0  3 b5 f0 15 04 04 0017 01 00
   24 2016 322 17 27 43 000 0     252.33000000       3.78000000  0  3 b5 f0 15 04 04 0018 01 00
   24 2016 322 17 27 44 000 0     252.26000000       3.85000000  0  3 b5 f0 15 04 04 0018 01 00
   24 2016 322 17 27 45 000 0     252.21000000       3.92000000  0  3 b5 f0 15 04 04 0018 01 00
   24 2016 322 17 27 46 000 0     252.15000000       3.98000000  0  3 b5 f0 15 04 04 0018 01 00
   24 2016 322 17 27 47 000 0     252.10000000       4.04000000  0  3 b5 f0 15 04 04 0018 01 00
   24 2016 322 17 27 48 000 0     252.04000000       4.10000000  0  3 b5 f0 15 04 04 0018 01 00
   24 2016 322 17 27 49 000 0     251.99000000       4.16000000  0  3 b5 f0 15 04 04 0018 01 00
   24 2016 322 17 27 50 000 0     251.94000000       4.23000000  0  3 b5 f0 15 04 04 0018 01 00
   24 2016 322 17 27 51 000 0     251.87000000       4.30000000  0  3 b5 f0 15 04 04 0018 01 00
   24 2016 322 17 27 52 000 0     251.83000000       4.37000000  0  3 b5 f0 15 04 04 0018 01 00
   25 2016 322 17 27 53 000 0     251.76000000       4.43000000  0  3 b5 f0 15 04 04 0019 01 00
   25 2016 322 17 27 54 000 0     251.72000000       4.50000000  0  3 b5 f0 15 04 04 0019 01 00
   25 2016 322 17 27 55 000 0     251.66000000       4.56000000  0  3 b5 f0 15 04 04 0019 01 00
   25 2016 322 17 27 56 000 0     251.62000000       4.62000000  0  3 b5 f0 15 04 04 0019 01 00
   25 2016 322 17 27 57 000 0     251.56000000       4.66000000  0  0 b5 f0 15 04 04 0019 01 00
   25 2016 322 17 27 58 000 0     251.47000000       4.72000000  0  0 b5 f0 15 04 04 0019 01 00
   25 2016 322 17 27 59 000 0     251.37000000       4.78000000  0  0 b5 f0 15 04 04 0019 01 00
   25 2016 322 17 28 00 000 0     251.25000000       4.84000000  0  0 b5 f0 15 04 04 0019 01 00
   25 2016 322 17 28 01 000 0     251.14000000       4.91000000  0  0 b5 f0 15 04 04 0019 01 00
   25 2016 322 17 28 02 000 0     251.06000000       5.00000000  0  0 b5 f0 15 04 04 0019 01 00
   26 2016 322 17 28 03 000 0     250.98000000       5.06000000  0  0 b5 f0 15 04 04 001a 01 00
   26 2016 322 17 28 04 000 0     250.91000000       5.15000000  0  0 b5 f0 15 04 04 001a 01 00
   26 2016 322 17 28 05 000 0     250.87000000       5.21000000  0  0 b5 f0 15 04 04 001a 01 00
   26 2016 322 17 28 06 000 0     250.83000000       5.27000000  0  0 b5 f0 15 04 04 001a 01 00
   26 2016 322 17 28 07 000 0     250.78000000       5.34000000  0  0 b5 f0 15 04 04 001a 01 00
   26 2016 322 17 28 08 000 0     250.77000000       5.41000000  0  0 b5 f0 15 04 04 001a 01 00
   26 2016 322 17 28 09 000 0     250.71000000       5.46000000  0  0 b5 f0 15 04 04 001a 01 00
   26 2016 322 17 28 10 000 0     250.69000000       5.50000000  0  0 b5 f0 15 04 04 001a 01 00
   26 2016 322 17 28 11 000 0     250.61000000       5.56000000  0  0 b5 f0 15 04 04 001a 01 00
   26 2016 322 17 28 12 000 0     250.55000000       5.62000000  0  0 b5 f0 15 04 04 001a 01 00
   27 2016 322 17 28 13 000 0     250.47000000       5.69000000  0  0 b5 f0 15 04 04 001b 01 00
   27 2016 322 17 28 14 000 0     250.40000000       5.77000000  0  0 b5 f0 15 04 04 001b 01 00
   27 2016 322 17 28 15 000 0     250.33000000       5.84000000  0  0 b5 f0 15 04 04 001b 01 00
   27 2016 322 17 28 16 000 0     250.24000000       5.92000000  0  0 b5 f0 15 04 04 001b 01 00
   27 2016 322 17 28 17 000 0     250.18000000       5.99000000  0  0 b5 f0 15 04 04 001b 01 00
   27 2016 322 17 28 18 000 0     250.12000000       6.06000000  0  0 b5 f0 15 04 04 001b 01 00
   27 2016 322 17 28 19 000 0     250.07000000       6.14000000  0  0 b5 f0 15 04 04 001b 01 00
   27 2016 322 17 28 20 000 0     250.01000000       6.20000000  0  0 b5 f0 15 04 04 001b 01 00
   27 2016 322 17 28 21 000 0     249.94000000       6.26000000  0  0 b5 f0 15 04 04 001b 01 00
   27 2016 322 17 28 22 000 0     249.88000000       6.31000000  0  0 b5 f0 15 04 04 001b 01 00
   28 2016 322 17 28 23 000 0     249.82000000       6.39000000  0  0 b5 f0 15 04 04 001c 01 00
   28 2016 322 17 28 24 000 0     249.79000000       6.45000000  0  0 b5 f0 15 04 04 001c 01 00
   28 2016 322 17 28 25 000 0     249.70000000       6.54000000  0  0 b5 f0 15 04 04 001c 01 00
   28 2016 322 17 28 26 000 0     249.65000000       6.63000000  0  0 b5 f0 15 04 04 001c 01 00
   28 2016 322 17 28 27 000 0     249.56000000       6.71000000  0  0 b5 f0 15 04 04 001c 01 00
   28 2016 322 17 28 28 000 0     249.47000000       6.78000000  0  0 b5 f0 15 04 04 001c 01 00
   28 2016 322 17 28 29 000 0     249.41000000       6.84000000  0  0 b5 f0 15 04 04 001c 01 00
   28 2016 322 17 28 30 000 0     249.33000000       6.90000000  0  0 b5 f0 15 04 04 001c 01 00
   28 2016 322 17 28 31 000 0     249.27000000       6.95000000  0  0 b5 f0 15 04 04 001c 01 00
   28 2016 322 17 28 32 000 0     249.21000000       7.03000000  0  0 b5 f0 15 04 04 001c 01 00
   29 2016 322 17 28 33 000 0     249.14000000       7.10000000  0  0 b5 f0 15 04 04 001d 01 00
   29 2016 322 17 28 34 000 0     249.09000000       7.16000000  0  0 b5 f0 15 04 04 001d 01 00
   29 2016 322 17 28 35 000 0     249.02000000       7.23000000  0  0 b5 f0 15 04 04 001d 01 00
   29 2016 322 17 28 36 000 0     248.96000000       7.31000000  0  0 b5 f0 15 04 04 001d 01 00
   29 2016 322 17 28 37 000 0     248.89000000       7.39000000  0  0 b5 f0 15 04 04 001d 01 00
   29 2016 322 17 28 38 000 0     248.82000000       7.46000000  0  0 b5 f0 15 04 04 001d 01 00
   29 2016 322 17 28 39 000 0     248.73000000       7.53000000  0  0 b5 f0 15 04 04 001d 01 00
   29 2016 322 17 28 40 000 0     248.66000000       7.60000000  0  0 b5 f0 15 04 04 001d 01 00
   29 2016 322 17 28 41 000 0     248.59000000       7.66000000  0  0 b5 f0 15 04 04 001d 01 00
   29 2016 322 17 28 42 000 0     248.52000000       7.73000000  0  0 b5 f0 15 04 04 001d 01 00
   30 2016 322 17 28 43 000 0     248.44000000       7.81000000  0  0 b5 f0 15 04 04 001e 01 00
   30 2016 322 17 28 44 000 0     248.37000000       7.88000000  0  0 b5 f0 15 04 04 001e 01 00
   30 2016 322 17 28 45 000 0     248.31000000       7.96000000  0  0 b5 f0 15 04 04 001e 01 00
   30 2016 322 17 28 46 000 0     248.24000000       8.04000000  0  0 b5 f0 15 04 04 001e 01 00
   30 2016 322 17 28 47 000 0     248.18000000       8.12000000  0  0 b5 f0 15 04 04 001e 01 00
   30 2016 322 17 28 48 000 0     248.09000000       8.18000000  0  0 b5 f0 15 04 04 001e 01 00
   30 2016 322 17 28 49 000 0     248.01000000       8.26000000  0  0 b5 f0 15 04 04 001e 01 00
   30 2016 322 17 28 50 000 0     247.93000000       8.33000000  0  0 b5 f0 15 04 04 001e 01 00
   30 2016 322 17 28 51 000 0     247.84000000       8.39000000  0  0 b5 f0 15 04 04 001e 01 00
   30 2016 322 17 28 52 000 0     247.77000000       8.46000000  0  0 b5 f0 15 04 04 001e 01 00
   31 2016 322 17 28 53 000 0     247.70000000       8.54000000  0  0 b5 f0 15 04 04 001f 01 00
   31 2016 322 17 28 54 000 0     247.63000000       8.62000000  0  0 b5 f0 15 04 04 001f 01 00
   31 2016 322 17 28 55 000 0     247.54000000       8.70000000  0  0 b5 f0 15 04 04 001f 01 00
   31 2016 322 17 28 56 000 0     247.46000000       8.77000000  0  0 b5 f0 15 04 04 001f 01 00
   31 2016 322 17 28 57 000 0     247.38000000       8.85000000  0  0 b5 f0 15 04 04 001f 01 00
   31 2016 322 17 28 58 000 0     247.31000000       8.92000000  0  0 b5 f0 15 04 04 001f 01 00
   31 2016 322 17 28 59 000 0     247.24000000       9.00000000  0  0 b5 f0 15 04 04 001f 01 00
   31 2016 322 17 29 00 000 0     247.16000000       9.07000000  0  0 b5 f0 15 04 04 001f 01 00
   31 2016 322 17 29 01 000 0     247.08000000       9.15000000  0  0 b5 f0 15 04 04 001f 01 00
   31 2016 322 17 29 02 000 0     246.99000000       9.23000000  0  0 b5 f0 15 04 04 001f 01 00
   32 2016 322 17 29 03 000 0     246.90000000       9.30000000  0  0 b5 f0 15 04 04 0020 01 00
   32 2016 322 17 29 04 000 0     246.80000000       9.38000000  0  0 b5 f0 15 04 04 0020 01 00
   32 2016 322 17 29 05 000 0     246.74000000       9.45000000  0  0 b5 f0 15 04 04 0020 01 00
   32 2016 322 17 29 06 000 0     246.65000000       9.53000000  0  0 b5 f0 15 04 04 0020 01 00
   32 2016 322 17 29 07 000 0     246.57000000       9.60000000  0  0 b5 f0 15 04 04 0020 01 00
   32 2016 322 17 29 08 000 0     246.50000000       9.68000000  0  0 b5 f0 15 04 04 0020 01 00
   32 2016 322 17 29 09 000 0     246.41000000       9.77000000  0  0 b5 f0 15 04 04 0020 01 00
   32 2016 322 17 29 10 000 0     246.33000000       9.86000000  0  0 b5 f0 15 04 04 0020 01 00
   32 2016 322 17 29 11 000 0     246.23000000       9.95000000  0  0 b5 f0 15 04 04 0020 01 00
   32 2016 322 17 29 12 000 0     246.15000000      10.03000000  0  0 b5 f0 15 04 04 0020 01 00
   33 2016 322 17 29 13 000 0     246.05000000      10.11000000  0  0 b5 f0 15 04 04 0021 01 00
   33 2016 322 17 29 14 000 0     245.97000000      10.20000000  0  0 b5 f0 15 04 04 0021 01 00
   33 2016 322 17 29 15 000 0     245.88000000      10.27000000  0  0 b5 f0 15 04 04 0021 01 00
   33 2016 322 17 29 16 000 0     245.80000000      10.36000000  0  0 b5 f0 15 04 04 0021 01 00
   33 2016 322 17 29 17 000 0     245.72000000      10.44000000  0  0 b5 f0 15 04 04 0021 01 00
   33 2016 322 17 29 18 000 0     245.63000000      10.52000000  0  0 b5 f0 15 04 04 0021 01 00
   33 2016 322 17 29 19 000 0     245.55000000      10.61000000  0  0 b5 f0 15 04 04 0021 01 00
   33 2016 322 17 29 20 000 0     245.47000000      10.69000000  0  0 b5 f0 15 04 04 0021 01 00
   33 2016 322 17 29 21 000 0     245.37000000      10.77000000  0  0 b5 f0 15 04 04 0021 01 00
   33 2016 322 17 29 22 000 0     245.28000000      10.84000000  0  0 b5 f0 15 04 04 0021 01 00
   34 2016 322 17 29 23 000 0     245.19000000      10.91000000  0  0 b5 f0 15 04 04 0022 01 00
   34 2016 322 17 29 24 000 0     245.09000000      10.99000000  0  0 b5 f0 15 04 04 0022 01 00
   34 2016 322 17 29 25 000 0     245.01000000      11.08000000  0  0 b5 f0 15 04 04 0022 01 00
   34 2016 322 17 29 26 000 0     244.90000000      11.17000000  0  0 b5 f0 15 04 04 0022 01 00
   34 2016 322 17 29 27 000 0     244.81000000      11.26000000  0  0 b5 f0 15 04 04 0022 01 00
   34 2016 322 17 29 28 000 0     244.71000000      11.34000000  0  0 b5 f0 15 04 04 0022 01 00
   34 2016 322 17 29 29 000 0     244.61000000      11.44000000  0  0 b5 f0 15 04 04 0022 01 00
   34 2016 322 17 29 30 000 0     244.53000000      11.51000000  0  0 b5 f0 15 04 04 0022 01 00
   34 2016 322 17 29 31 000 0     244.42000000      11.60000000  0  0 b5 f0 15 04 04 0022 01 00
   34 2016 322 17 29 32 000 0     244.31000000      11.68000000  0  0 b5 f0 15 04 04 0022 01 00
   35 2016 322 17 29 33 000 0     244.21000000      11.76000000  0  0 b5 f0 15 04 04 0023 01 00
   35 2016 322 17 29 34 000 0     244.11000000      11.85000000  0  0 b5 f0 15 04 04 0023 01 00
   35 2016 322 17 29 35 000 0     244.01000000      11.94000000  0  0 b5 f0 15 04 04 0023 01 00
   35 2016 322 17 29 36 000 0     243.89000000      12.03000000  0  0 b5 f0 15 04 04 0023 01 00
   35 2016 322 17 29 37 000 0     243.80000000      12.11000000  0  0 b5 f0 15 04 04 0023 01 00
   35 2016 322 17 29 38 000 0     243.71000000      12.19000000  0  0 b5 f0 15 04 04 0023 01 00
   35 2016 322 17 29 39 000 0     243.60000000      12.27000000  0  0 b5 f0 15 04 04 0023 01 00
   35 2016 322 17 29 40 000 0     243.50000000      12.36000000  0  0 b5 f0 15 04 04 0023 01 00
   35 2016 322 17 29 41 000 0     243.38000000      12.44000000  0  0 b5 f0 15 04 04 0023 01 00
   35 2016 322 17 29 42 000 0     243.27000000      12.53000000  0  0 b5 f0 15 04 04 0023 01 00
   36 2016 322 17 29 43 000 0     243.15000000      12.63000000  0  0 b5 f0 15 04 04 0024 01 00
   36 2016 322 17 29 44 000 0     243.04000000      12.72000000  0  0 b5 f0 15 04 04 0024 01 00
   36 2016 322 17 29 45 000 0     242.95000000      12.79000000  0  0 b5 f0 15 04 04 0024 01 00
   36 2016 322 17 29 46 000 0     242.84000000      12.89000000  0  0 b5 f0 15 04 04 0024 01 00
   36 2016 322 17 29 47 000 0     242.73000000      12.97000000  0  0 b5 f0 15 04 04 0024 01 00
   36 2016 322 17 29 48 000 0     242.63000000      13.07000000  0  0 b5 f0 15 04 04 0024 01 00
   36 2016 322 17 29 49 000 0     242.51000000      13.17000000  0  0 b5 f0 15 04 04 0024 01 00
   36 2016 322 17 29 50 000 0     242.42000000      13.26000000  0  0 b5 f0 15 04 04 0024 01 00
   36 2016 322 17 29 51 000 0     242.32000000      13.36000000  0  0 b5 f0 15 04 04 0024 01 00
   36 2016 322 17 29 52 000 0     242.20000000      13.45000000  0  0 b5 f0 15 04 04 0024 01 00
   37 2016 322 17 29 53 000 0     242.09000000      13.55000000  0  0 b5 f0 15 04 04 0025 01 00
   37 2016 322 17 29 54 000 0     241.95000000      13.64000000  0  0 b5 f0 15 04 04 0025 01 00
   37 2016 322 17 29 55 000 0     241.83000000      13.73000000  0  0 b5 f0 15 04 04 0025 01 00
   37 2016 322 17 29 56 000 0     241.71000000      13.82000000  0  0 b5 f0 15 04 04 0025 01 00
   37 2016 322 17 29 57 000 0     241.60000000      13.92000000  0  0 b5 f0 15 04 04 0025 01 00
   37 2016 322 17 29 58 000 0     241.48000000      14.01000000  0  0 b5 f0 15 04 04 0025 01 00
   37 2016 322 17 29 59 000 0     241.38000000      14.12000000  0  0 b5 f0 15 04 04 0025 01 00
   37 2016 322 17 30 00 000 0     241.26000000      14.22000000  0  0 b5 f0 15 04 04 0025 01 00
   37 2016 322 17 30 01 000 0     241.15000000      14.31000000  0  0 b5 f0 15 04 04 0025 01 00
   37 2016 322 17 30 02 000 0     241.03000000      14.41000000  0  0 b5 f0 15 04 04 0025 01 00
   38 2016 322 17 30 03 000 0     240.90000000      14.50000000  0  0 b5 f0 15 04 04 0026 01 00
   38 2016 322 17 30 04 000 0     240.78000000      14.61000000  0  0 b5 f0 15 04 04 0026 01 00
   38 2016 322 17 30 05 000 0     240.64000000      14.70000000  0  0 b5 f0 15 04 04 0026 01 00
   38 2016 322 17 30 06 000 0     240.51000000      14.79000000  0  0 b5 f0 15 04 04 0026 01 00
   38 2016 322 17 30 07 000 0     240.39000000      14.89000000  0  0 b5 f0 15 04 04 0026 01 00
   38 2016 322 17 30 08 000 0     240.26000000      14.99000000  0  0 b5 f0 15 04 04 0026 01 00
   38 2016 322 17 30 09 000 0     240.14000000      15.08000000  0  0 b5 f0 15 04 04 0026 01 00
   38 2016 322 17 30 10 000 0     240.02000000      15.18000000  0  0 b5 f0 15 04 04 0026 01 00
   38 2016 322 17 30 11 000 0     239.88000000      15.29000000  0  0 b5 f0 15 04 04 0026 01 00
   38 2016 322 17 30 12 000 0     239.76000000      15.38000000  0  0 b5 f0 15 04 04 0026 01 00
   39 2016 322 17 30 13 000 0     239.65000000      15.49000000  0  0 b5 f0 15 04 04 0027 01 00
   39 2016 322 17 30 14 000 0     239.51000000      15.58000000  0  0 b5 f0 15 04 04 0027 01 00
   39 2016 322 17 30 15 000 0     239.38000000      15.68000000  0  0 b5 f0 15 04 04 0027 01 00
   39 2016 322 17 30 16 000 0     239.26000000      15.77000000  0  0 b5 f0 15 04 04 0027 01 00
   39 2016 322 17 30 17 000 0     239.12000000      15.88000000  0  0 b5 f0 15 04 04 0027 01 00
   39 2016 322 17 30 18 000 0     238.97000000      15.98000000  0  0 b5 f0 15 04 04 0027 01 00
   39 2016 322 17 30 19 000 0     238.84000000      16.09000000  0  0 b5 f0 15 04 04 0027 01 00
   39 2016 322 17 30 20 000 0     238.70000000      16.19000000  0  0 b5 f0 15 04 04 0027 01 00
   39 2016 322 17 30 21 000 0     238.54000000      16.29000000  0  0 b5 f0 15 04 04 0027 01 00
   39 2016 322 17 30 22 000 0     238.39000000      16.39000000  0  0 b5 f0 15 04 04 0027 01 00
   40 2016 322 17 30 23 000 0     238.25000000      16.50000000  0  0 b5 f0 15 04 04 0028 01 00
   40 2016 322 17 30 24 000 0     238.10000000      16.60000000  0  0 b5 f0 15 04 04 0028 01 00
   40 2016 322 17 30 25 000 0     237.98000000      16.71000000  0  0 b5 f0 15 04 04 0028 01 00
   40 2016 322 17 30 26 000 0     237.83000000      16.81000000  0  0 b5 f0 15 04 04 0028 01 00
   40 2016 322 17 30 27 000 0     237.70000000      16.91000000  0  0 b5 f0 15 04 04 0028 01 00
   40 2016 322 17 30 28 000 0     237.55000000      17.02000000  0  0 b5 f0 15 04 04 0028 01 00
   40 2016 322 17 30 29 000 0     237.41000000      17.12000000  0  0 b5 f0 15 04 04 0028 01 00
   40 2016 322 17 30 30 000 0     237.25000000      17.23000000  0  0 b5 f0 15 04 04 0028 01 00
   40 2016 322 17 30 31 000 0     237.09000000      17.34000000  0  0 b5 f0 15 04 04 0028 01 00
   40 2016 322 17 30 32 000 0     236.93000000      17.44000000  0  0 b5 f0 15 04 04 0028 01 00
   41 2016 322 17 30 33 000 0     236.78000000      17.54000000  0  0 b5 f0 15 04 04 0029 01 00
   41 2016 322 17 30 34 000 0     236.65000000      17.63000000  0  0 b5 f0 15 04 04 0029 01 00
   41 2016 322 17 30 35 000 0     236.49000000      17.73000000  0  0 b5 f0 15 04 04 0029 01 00
   41 2016 322 17 30 36 000 0     236.34000000      17.84000000  0  0 b5 f0 15 04 04 0029 01 00
   41 2016 322 17 30 37 000 0     236.19000000      17.95000000  0  0 b5 f0 15 04 04 0029 01 00
   41 2016 322 17 30 38 000 0     236.03000000      18.05000000  0  0 b5 f0 15 04 04 0029 01 00
   41 2016 322 17 30 39 000 0     235.86000000      18.16000000  0  0 b5 f0 15 04 04 0029 01 00
   41 2016 322 17 30 40 000 0     235.70000000      18.28000000  0  0 b5 f0 15 04 04 0029 01 00
   41 2016 322 17 30 41 000 0     235.54000000      18.39000000  0  0 b5 f0 15 04 04 0029 01 00
   41 2016 322 17 30 42 000 0     235.37000000      18.51000000  0  0 b5 f0 15 04 04 0029 01 00
   42 2016 322 17 30 43 000 0     235.21000000      18.62000000  0  0 b5 f0 15 04 04 002a 01 00
   42 2016 322 17 30 44 000 0     235.04000000      18.74000000  0  0 b5 f0 15 04 04 002a 01 00
   42 2016 322 17 30 45 000 0     234.87000000      18.85000000  0  0 b5 f0 15 04 04 002a 01 00
   42 2016 322 17 30 46 000 0     234.69000000      18.96000000  0  0 b5 f0 15 04 04 002a 01 00
   42 2016 322 17 30 47 000 0     234.54000000      19.06000000  0  0 b5 f0 15 04 04 002a 01 00
   42 2016 322 17 30 48 000 0     234.38000000      19.15000000  0  0 b5 f0 15 04 04 002a 01 00
   42 2016 322 17 30 49 000 0     234.20000000      19.26000000  0  0 b5 f0 15 04 04 002a 01 00
   42 2016 322 17 30 50 000 0     234.04000000      19.38000000  0  0 b5 f0 15 04 04 002a 01 00
   42 2016 322 17 30 51 000 0     233.85000000      19.51000000  0  0 b5 f0 15 04 04 002a 01 00
   42 2016 322 17 30 52 000 0     233.68000000      19.61000000  0  0 b5 f0 15 04 04 002a 01 00
   43 2016 322 17 30 53 000 0     233.50000000      19.72000000  0  0 b5 f0 15 04 04 002b 01 00
   43 2016 322 17 30 54 000 0     233.31000000      19.82000000  0  0 b5 f0 15 04 04 002b 01 00
   43 2016 322 17 30 55 000 0     233.14000000      19.92000000  0  0 b5 f0 15 04 04 002b 01 00
   43 2016 322 17 30 56 000 0     232.95000000      20.03000000  0  0 b5 f0 15 04 04 002b 01 00
   43 2016 322 17 30 57 000 0     232.76000000      20.14000000  0  0 b5 f0 15 04 04 002b 01 00
   43 2016 322 17 30 58 000 0     232.58000000      20.27000000  0  0 b5 f0 15 04 04 002b 01 00
   43 2016 322 17 30 59 000 0     232.39000000      20.38000000  0  0 b5 f0 15 04 04 002b 01 00
   43 2016 322 17 31 00 000 0     232.20000000      20.50000000  0  0 b5 f0 15 04 04 002b 01 00
   43 2016 322 17 31 01 000 0     232.03000000      20.62000000  0  0 b5 f0 15 04 04 002b 01 00
   43 2016 322 17 31 02 000 0     231.84000000      20.73000000  0  0 b5 f0 15 04 04 002b 01 00
   44 2016 322 17 31 03 000 0     231.65000000      20.85000000  0  0 b5 f0 15 04 04 002c 01 00
   44 2016 322 17 31 04 000 0     231.45000000      20.97000000  0  0 b5 f0 15 04 04 002c 01 00
   44 2016 322 17 31 05 000 0     231.24000000      21.09000000  0  0 b5 f0 15 04 04 002c 01 00
   44 2016 322 17 31 06 000 0     231.02000000      21.21000000  0  0 b5 f0 15 04 04 002c 01 00
   44 2016 322 17 31 07 000 0     230.82000000      21.34000000  0  0 b5 f0 15 04 04 002c 01 00
   44 2016 322 17 31 08 000 0     230.64000000      21.45000000  0  0 b5 f0 15 04 04 002c 01 00
   44 2016 322 17 31 09 000 0     230.43000000      21.58000000  0  0 b5 f0 15 04 04 002c 01 00
   44 2016 322 17 31 10 000 0     230.23000000      21.70000000  0  0 b5 f0 15 04 04 002c 01 00
   44 2016 322 17 31 11 000 0     230.03000000      21.81000000  0  0 b5 f0 15 04 04 002c 01 00
   44 2016 322 17 31 12 000 0     229.81000000      21.94000000  0  0 b5 f0 15 04 04 002c 01 00
   45 2016 322 17 31 13 000 0     229.60000000      22.06000000  0  0 b5 f0 15 04 04 002d 01 00
   45 2016 322 17 31 14 000 0     229.38000000      22.19000000  0  0 b5 f0 15 04 04 002d 01 00
   45 2016 322 17 31 15 000 0     229.19000000      22.30000000  0  0 b5 f0 15 04 04 002d 01 00
   45 2016 322 17 31 16 000 0     228.97000000      22.41000000  0  0 b5 f0 15 04 04 002d 01 00
   45 2016 322 17 31 17 000 0     228.77000000      22.53000000  0  0 b5 f0 15 04 04 002d 01 00
   45 2016 322 17 31 18 000 0     228.54000000      22.65000000  0  0 b5 f0 15 04 04 002d 01 00
   45 2016 322 17 31 19 000 0     228.30000000      22.78000000  0  0 b5 f0 15 04 04 002d 01 00
   45 2016 322 17 31 20 000 0     228.08000000      22.91000000  0  0 b5 f0 15 04 04 002d 01 00
   45 2016 322 17 31 21 000 0     227.86000000      23.03000000  0  0 b5 f0 15 04 04 002d 01 00
   45 2016 322 17 31 22 000 0     227.65000000      23.14000000  0  0 b5 f0 15 04 04 002d 01 00
   46 2016 322 17 31 23 000 0     227.43000000      23.26000000  0  0 b5 f0 15 04 04 002e 01 00
   46 2016 322 17 31 24 000 0     227.20000000      23.38000000  0  0 b5 f0 15 04 04 002e 01 00
   46 2016 322 17 31 25 000 0     226.97000000      23.51000000  0  0 b5 f0 15 04 04 002e 01 00
   46 2016 322 17 31 26 000 0     226.72000000      23.64000000  0  0 b5 f0 15 04 04 002e 01 00
   46 2016 322 17 31 27 000 0     226.49000000      23.76000000  0  0 b5 f0 15 04 04 002e 01 00
   46 2016 322 17 31 28 000 0     226.26000000      23.89000000  0  0 b5 f0 15 04 04 002e 01 00
   46 2016 322 17 31 29 000 0     226.04000000      24.00000000  0  0 b5 f0 15 04 04 002e 01 00
   46 2016 322 17 31 30 000 0     225.79000000      24.13000000  0  0 b5 f0 15 04 04 002e 01 00
   46 2016 322 17 31 31 000 0     225.52000000      24.27000000  0  0 b5 f0 15 04 04 002e 01 00
   46 2016 322 17 31 32 000 0     225.27000000      24.39000000  0  0 b5 f0 15 04 04 002e 01 00
   47 2016 322 17 31 33 000 0     225.02000000      24.52000000  0  0 b5 f0 15 04 04 002f 01 00
   47 2016 322 17 31 34 000 0     224.77000000      24.64000000  0  0 b5 f0 15 04 04 002f 01 00
   47 2016 322 17 31 35 000 0     224.52000000      24.77000000  0  0 b5 f0 15 04 04 002f 01 00
   47 2016 322 17 31 36 000 0     224.29000000      24.88000000  0  0 b5 f0 15 04 04 002f 01 00
   47 2016 322 17 31 37 000 0     224.02000000      25.01000000  0  0 b5 f0 15 04 04 002f 01 00
   47 2016 322 17 31 38 000 0     223.78000000      25.13000000  0  0 b5 f0 15 04 04 002f 01 00
   47 2016 322 17 31 39 000 0     223.52000000      25.25000000  0  0 b5 f0 15 04 04 002f 01 00
   47 2016 322 17 31 40 000 0     223.27000000      25.38000000  0  0 b5 f0 15 04 04 002f 01 00
   47 2016 322 17 31 41 000 0     223.00000000      25.50000000  0  0 b5 f0 15 04 04 002f 01 00
   47 2016 322 17 31 42 000 0     222.76000000      25.61000000  0  0 b5 f0 15 04 04 002f 01 00
   48 2016 322 17 31 43 000 0     222.49000000      25.74000000  0  0 b5 f0 15 04 04 0030 01 00
   48 2016 322 17 31 44 000 0     222.22000000      25.86000000  0  0 b5 f0 15 04 04 0030 01 00
   48 2016 322 17 31 45 000 0     221.94000000      25.98000000  0  0 b5 f0 15 04 04 0030 01 00
   48 2016 322 17 31 46 000 0     221.67000000      26.11000000  0  0 b5 f0 15 04 04 0030 01 00
   48 2016 322 17 31 47 000 0     221.40000000      26.23000000  0  0 b5 f0 15 04 04 0030 01 00
   48 2016 322 17 31 48 000 0     221.12000000      26.36000000  0  0 b5 f0 15 04 04 0030 01 00
   48 2016 322 17 31 49 000 0     220.85000000      26.48000000  0  0 b5 f0 15 04 04 0030 01 00
   48 2016 322 17 31 50 000 0     220.56000000      26.61000000  0  0 b5 f0 15 04 04 0030 01 00
   48 2016 322 17 31 51 000 0     220.26000000      26.75000000  0  0 b5 f0 15 04 04 0030 01 00
   48 2016 322 17 31 52 000 0     219.97000000      26.86000000  0  0 b5 f0 15 04 04 0030 01 00
   49 2016 322 17 31 53 000 0     219.68000000      26.99000000  0  0 b5 f0 15 04 04 0031 01 00
   49 2016 322 17 31 54 000 0     219.39000000      27.11000000  0  0 b5 f0 15 04 04 0031 01 00
   49 2016 322 17 31 55 000 0     219.09000000      27.22000000  0  0 b5 f0 15 04 04 0031 01 00
   49 2016 322 17 31 56 000 0     218.81000000      27.34000000  0  0 b5 f0 15 04 04 0031 01 00
   49 2016 322 17 31 57 000 0     218.52000000      27.47000000  0  0 b5 f0 15 04 04 0031 01 00
   49 2016 322 17 31 58 000 0     218.19000000      27.60000000  0  0 b5 f0 15 04 04 0031 01 00
   49 2016 322 17 31 59 000 0     217.90000000      27.72000000  0  0 b5 f0 15 04 04 0031 01 00
   49 2016 322 17 32 00 000 0     217.60000000      27.84000000  0  0 b5 f0 15 04 04 0031 01 00
   49 2016 322 17 32 01 000 0     217.29000000      27.97000000  0  0 b5 f0 15 04 04 0031 01 00
   49 2016 322 17 32 02 000 0     216.98000000      28.09000000  0  0 b5 f0 15 04 04 0031 01 00
   50 2016 322 17 32 03 000 0     216.71000000      28.20000000  0  0 b5 f0 15 04 04 0032 01 00
   50 2016 322 17 32 04 000 0     216.39000000      28.33000000  0  0 b5 f0 15 04 04 0032 01 00
   50 2016 322 17 32 05 000 0     216.04000000      28.45000000  0  0 b5 f0 15 04 04 0032 01 00
   50 2016 322 17 32 06 000 0     215.70000000      28.58000000  0  0 b5 f0 15 04 04 0032 01 00
   50 2016 322 17 32 07 000 0     215.37000000      28.70000000  0  0 b5 f0 15 04 04 0032 01 00
   50 2016 322 17 32 08 000 0     215.04000000      28.82000000  0  0 b5 f0 15 04 04 0032 01 00
   50 2016 322 17 32 09 000 0     214.71000000      28.94000000  0  0 b5 f0 15 04 04 0032 01 00
   50 2016 322 17 32 10 000 0     214.41000000      29.04000000  0  0 b5 f0 15 04 04 0032 01 00
   50 2016 322 17 32 11 000 0     214.08000000      29.15000000  0  0 b5 f0 15 04 04 0032 01 00
   50 2016 322 17 32 12 000 0     213.71000000      29.28000000  0  0 b5 f0 15 04 04 0032 01 00
   51 2016 322 17 32 13 000 0     213.36000000      29.40000000  0  0 b5 f0 15 04 04 0033 01 00
   51 2016 322 17 32 14 000 0     213.02000000      29.51000000  0  0 b5 f0 15 04 04 0033 01 00
   51 2016 322 17 32 15 000 0     212.68000000      29.64000000  0  0 b5 f0 15 04 04 0033 01 00
   51 2016 322 17 32 16 000 0     212.34000000      29.76000000  0  0 b5 f0 15 04 04 0033 01 00
   51 2016 322 17 32 17 000 0     212.03000000      29.86000000  0  0 b5 f0 15 04 04 0033 01 00
   51 2016 322 17 32 18 000 0     211.67000000      29.97000000  0  0 b5 f0 15 04 04 0033 01 00
   51 2016 322 17 32 19 000 0     211.27000000      30.10000000  0  0 b5 f0 15 04 04 0033 01 00
   51 2016 322 17 32 20 000 0     210.92000000      30.21000000  0  0 b5 f0 15 04 04 0033 01 00
   51 2016 322 17 32 21 000 0     210.55000000      30.32000000  0  0 b5 f0 15 04 04 0033 01 00
   51 2016 322 17 32 22 000 0     210.19000000      30.43000000  0  0 b5 f0 15 04 04 0033 01 00
   52 2016 322 17 32 23 000 0     209.83000000      30.53000000  0  0 b5 f0 15 04 04 0034 01 00
   52 2016 322 17 32 24 000 0     209.49000000      30.63000000  0  0 b5 f0 15 04 04 0034 01 00
   52 2016 322 17 32 25 000 0     209.12000000      30.73000000  0  0 b5 f0 15 04 04 0034 01 00
   52 2016 322 17 32 26 000 0     208.72000000      30.84000000  0  0 b5 f0 15 04 04 0034 01 00
   52 2016 322 17 32 27 000 0     208.35000000      30.95000000  0  0 b5 f0 15 04 04 0034 01 00
   52 2016 322 17 32 28 000 0     207.97000000      31.05000000  0  0 b5 f0 15 04 04 0034 01 00
   52 2016 322 17 32 29 000 0     207.58000000      31.16000000  0  0 b5 f0 15 04 04 0034 01 00
   52 2016 322 17 32 30 000 0     207.19000000      31.26000000  0  0 b5 f0 15 04 04 0034 01 00
   52 2016 322 17 32 31 000 0     206.83000000      31.35000000  0  0 b5 f0 15 04 04 0034 01 00
   52 2016 322 17 32 32 000 0     206.44000000      31.46000000  0  0 b5 f0 15 04 04 0034 01 00
   53 2016 322 17 32 33 000 0     206.05000000      31.55000000  0  0 b5 f0 15 04 04 0035 01 00
   53 2016 322 17 32 34 000 0     205.66000000      31.66000000  0  0 b5 f0 15 04 04 0035 01 00
   53 2016 322 17 32 35 000 0     205.27000000      31.76000000  0  0 b5 f0 15 04 04 0035 01 00
   53 2016 322 17 32 36 000 0     204.87000000      31.86000000  0  0 b5 f0 15 04 04 0035 01 00
   53 2016 322 17 32 37 000 0     204.44000000      31.97000000  0  0 b5 f0 15 04 04 0035 01 00
   53 2016 322 17 32 38 000 0     204.07000000      32.05000000  0  0 b5 f0 15 04 04 0035 01 00
   53 2016 322 17 32 39 000 0     203.66000000      32.15000000  0  0 b5 f0 15 04 04 0035 01 00
   53 2016 322 17 32 40 000 0     203.25000000      32.24000000  0  0 b5 f0 15 04 04 0035 01 00
   53 2016 322 17 32 41 000 0     202.85000000      32.34000000  0  0 b5 f0 15 04 04 0035 01 00
   53 2016 322 17 32 42 000 0     202.43000000      32.43000000  0  0 b5 f0 15 04 04 0035 01 00
   54 2016 322 17 32 43 000 0     202.00000000      32.52000000  0  0 b5 f0 15 04 04 0036 01 00
   54 2016 322 17 32 44 000 0     201.58000000      32.60000000  0  0 b5 f0 15 04 04 0036 01 00
   54 2016 322 17 32 45 000 0     201.16000000      32.70000000  0  0 b5 f0 15 04 04 0036 01 00
   54 2016 322 17 32 46 000 0     200.73000000      32.78000000  0  0 b5 f0 15 04 04 0036 01 00
   54 2016 322 17 32 47 000 0     200.30000000      32.87000000  0  0 b5 f0 15 04 04 0036 01 00
   54 2016 322 17 32 48 000 0     199.88000000      32.95000000  0  0 b5 f0 15 04 04 0036 01 00
   54 2016 322 17 32 49 000 0     199.44000000      33.04000000  0  0 b5 f0 15 04 04 0036 01 00
   54 2016 322 17 32 50 000 0     199.01000000      33.12000000  0  0 b5 f0 15 04 04 0036 01 00
   54 2016 322 17 32 51 000 0     198.58000000      33.19000000  0  0 b5 f0 15 04 04 0036 01 00
   54 2016 322 17 32 52 000 0     198.16000000      33.27000000  0  0 b5 f0 15 04 04 0036 01 00
   55 2016 322 17 32 53 000 0     197.73000000      33.35000000  0  0 b5 f0 15 04 04 0037 01 00
   55 2016 322 17 32 54 000 0     197.30000000      33.42000000  0  0 b5 f0 15 04 04 0037 01 00
   55 2016 322 17 32 55 000 0     196.84000000      33.48000000  0  0 b5 f0 15 04 04 0037 01 00
   55 2016 322 17 32 56 000 0     196.41000000      33.55000000  0  0 b5 f0 15 04 04 0037 01 00
   55 2016 322 17 32 57 000 0     195.95000000      33.62000000  0  0 b5 f0 15 04 04 0037 01 00
   55 2016 322 17 32 58 000 0     195.51000000      33.69000000  0  0 b5 f0 15 04 04 0037 01 00
   55 2016 322 17 32 59 000 0     195.04000000      33.76000000  0  0 b5 f0 15 04 04 0037 01 00
   55 2016 322 17 33 00 000 0     194.58000000      33.82000000  0  0 b5 f0 15 04 04 0037 01 00
   55 2016 322 17 33 01 000 0     194.11000000      33.88000000  0  0 b5 f0 15 04 04 0037 01 00
   55 2016 322 17 33 02 000 0     193.66000000      33.94000000  0  0 b5 f0 15 04 04 0037 01 00
   56 2016 322 17 33 03 000 0     193.20000000      34.00000000  0  0 b5 f0 15 04 04 0038 01 00
   56 2016 322 17 33 04 000 0     192.75000000      34.06000000  0  0 b5 f0 15 04 04 0038 01 00
   56 2016 322 17 33 05 000 0     192.30000000      34.11000000  0  0 b5 f0 15 04 04 0038 01 00
   56 2016 322 17 33 06 000 0     191.84000000      34.15000000  0  0 b5 f0 15 04 04 0038 01 00
   56 2016 322 17 33 07 000 0     191.35000000      34.20000000  0  0 b5 f0 15 04 04 0038 01 00
   56 2016 322 17 33 08 000 0     190.89000000      34.24000000  0  0 b5 f0 15 04 04 0038 01 00
   56 2016 322 17 33 09 000 0     190.41000000      34.28000000  0  0 b5 f0 15 04 04 0038 01 00
   56 2016 322 17 33 10 000 0     189.94000000      34.32000000  0  0 b5 f0 15 04 04 0038 01 00
   56 2016 322 17 33 11 000 0     189.45000000      34.35000000  0  0 b5 f0 15 04 04 0038 01 00
   56 2016 322 17 33 12 000 0     188.99000000      34.41000000  0  0 b5 f0 15 04 04 0038 01 00
   57 2016 322 17 33 13 000 0     188.51000000      34.44000000  0  0 b5 f0 15 04 04 0039 01 00
   57 2016 322 17 33 14 000 0     188.05000000      34.49000000  0  0 b5 f0 15 04 04 0039 01 00
   57 2016 322 17 33 15 000 0     187.58000000      34.49000000  0  0 b5 f0 15 04 04 0039 01 00
   57 2016 322 17 33 16 000 0     187.11000000      34.55000000  0  0 b5 f0 15 04 04 0039 01 00
   57 2016 322 17 33 17 000 0     186.64000000      34.57000000  0  0 b5 f0 15 04 04 0039 01 00
   57 2016 322 17 33 18 000 0     186.15000000      34.59000000  0  0 b5 f0 15 04 04 0039 01 00
   57 2016 322 17 33 19 000 0     185.68000000      34.62000000  0  0 b5 f0 15 04 04 0039 01 00
   57 2016 322 17 33 20 000 0     185.15000000      34.65000000  0  0 b5 f0 15 04 04 0039 01 00
   57 2016 322 17 33 21 000 0     184.67000000      34.65000000  0  0 b5 f0 15 04 04 0039 01 00
   57 2016 322 17 33 22 000 0     184.20000000      34.68000000  0  0 b5 f0 15 04 04 0039 01 00
   58 2016 322 17 33 23 000 0     183.72000000      34.71000000  0  0 b5 f0 15 04 04 003a 01 00
   58 2016 322 17 33 24 000 0     183.30000000      34.71000000  0  0 b5 f0 15 04 04 003a 01 00
   58 2016 322 17 33 25 000 0     182.78000000      34.71000000  0  0 b5 f0 15 04 04 003a 01 00
   58 2016 322 17 33 26 000 0     182.26000000      34.74000000  0  0 b5 f0 15 04 04 003a 01 00
   58 2016 322 17 33 27 000 0     181.75000000      34.74000000  0  0 b5 f0 15 04 04 003a 01 00
   58 2016 322 17 33 28 000 0     181.27000000      34.74000000  0  0 b5 f0 15 04 04 003a 01 00
   58 2016 322 17 33 29 000 0     180.79000000      34.74000000  0  0 b5 f0 15 04 04 003a 01 00
   58 2016 322 17 33 30 000 0     180.35000000      34.78000000  0  0 b5 f0 15 04 04 003a 01 00
   58 2016 322 17 33 31 000 0     179.87000000      34.79000000  0  0 b5 f0 15 04 04 003a 01 00
   58 2016 322 17 33 32 000 0     179.45000000      34.75000000  0  0 b5 f0 15 04 04 003a 01 00
   59 2016 322 17 33 33 000 0     178.96000000      34.77000000  0  0 b5 f0 15 04 04 003b 01 00
   59 2016 322 17 33 34 000 0     178.48000000      34.76000000  0  0 b5 f0 15 04 04 003b 01 00
   59 2016 322 17 33 35 000 0     178.00000000      34.75000000  0  0 b5 f0 15 04 04 003b 01 00
   59 2016 322 17 33 36 000 0     177.48000000      34.74000000  0  0 b5 f0 15 04 04 003b 01 00
   59 2016 322 17 33 37 000 0     176.95000000      34.74000000  0  0 b5 f0 15 04 04 003b 01 00
   59 2016 322 17 33 38 000 0     176.44000000      34.71000000  0  0 b5 f0 15 04 04 003b 01 00
   59 2016 322 17 33 39 000 0     176.03000000      34.71000000  0  0 b5 f0 15 04 04 003b 01 00
   59 2016 322 17 33 40 000 0     175.57000000      34.71000000  0  0 b5 f0 15 04 04 003b 01 00
   59 2016 322 17 33 41 000 0     175.10000000      34.69000000  0  0 b5 f0 15 04 04 003b 01 00
   59 2016 322 17 33 42 000 0     174.64000000      34.65000000  0  0 b5 f0 15 04 04 003b 01 00
   60 2016 322 17 33 43 000 0     174.18000000      34.63000000  0  0 b5 f0 15 04 04 003c 01 00
   60 2016 322 17 33 44 000 0     173.65000000      34.58000000  0  0 b5 f0 15 04 04 003c 01 00
   60 2016 322 17 33 45 000 0     173.18000000      34.54000000  0  0 b5 f0 15 04 04 003c 01 00
   60 2016 322 17 33 46 000 0     172.74000000      34.52000000  0  0 b5 f0 15 04 04 003c 01 00
   60 2016 322 17 33 47 000 0     172.28000000      34.49000000  0  0 b5 f0 15 04 04 003c 01 00
   60 2016 322 17 33 48 000 0     171.80000000      34.48000000  0  0 b5 f0 15 04 04 003c 01 00
   60 2016 322 17 33 49 000 0     171.33000000      34.43000000  0  0 b5 f0 15 04 04 003c 01 00
   60 2016 322 17 33 50 000 0     170.85000000      34.39000000  0  0 b5 f0 15 04 04 003c 01 00
   60 2016 322 17 33 51 000 0     170.34000000      34.34000000  0  0 b5 f0 15 04 04 003c 01 00
   60 2016 322 17 33 52 000 0     169.87000000      34.28000000  0  0 b5 f0 15 04 04 003c 01 00
   61 2016 322 17 33 53 000 0     169.45000000      34.22000000  0  0 b5 f0 15 04 04 003d 01 00
   61 2016 322 17 33 54 000 0     168.98000000      34.18000000  0  0 b5 f0 15 04 04 003d 01 00
   61 2016 322 17 33 55 000 0     168.53000000      34.13000000  0  0 b5 f0 15 04 04 003d 01 00
   61 2016 322 17 33 56 000 0     168.05000000      34.08000000  0  0 b5 f0 15 04 04 003d 01 00
   61 2016 322 17 33 57 000 0     167.60000000      34.02000000  0  0 b5 f0 15 04 04 003d 01 00
   61 2016 322 17 33 58 000 0     167.09000000      33.95000000  0  0 b5 f0 15 04 04 003d 01 00
   61 2016 322 17 33 59 000 0     166.64000000      33.90000000  0  0 b5 f0 15 04 04 003d 01 00
   61 2016 322 17 34 00 000 0     166.23000000      33.84000000  0  0 b5 f0 15 04 04 003d 01 00
   61 2016 322 17 34 01 000 0     165.78000000      33.77000000  0  0 b5 f0 15 04 04 003d 01 00
   61 2016 322 17 34 02 000 0     165.33000000      33.70000000  0  0 b5 f0 15 04 04 003d 01 00
   62 2016 322 17 34 03 000 0     164.89000000      33.64000000  0  0 b5 f0 15 04 04 003e 01 00
   62 2016 322 17 34 04 000 0     164.44000000      33.56000000  0  0 b5 f0 15 04 04 003e 01 00
   62 2016 322 17 34 05 000 0     164.02000000      33.49000000  0  0 b5 f0 15 04 04 003e 01 00
   62 2016 322 17 34 06 000 0     163.57000000      33.43000000  0  0 b5 f0 15 04 04 003e 01 00
   62 2016 322 17 34 07 000 0     163.13000000      33.35000000  0  0 b5 f0 15 04 04 003e 01 00
   62 2016 322 17 34 08 000 0     162.67000000      33.27000000  0  0 b5 f0 15 04 04 003e 01 00
   62 2016 322 17 34 09 000 0     162.24000000      33.20000000  0  0 b5 f0 15 04 04 003e 01 00
   62 2016 322 17 34 10 000 0     161.79000000      33.12000000  0  0 b5 f0 15 04 04 003e 01 00
   62 2016 322 17 34 11 000 0     161.36000000      33.04000000  0  0 b5 f0 15 04 04 003e 01 00
   62 2016 322 17 34 12 000 0     160.90000000      32.96000000  0  0 b5 f0 15 04 04 003e 01 00
   63 2016 322 17 34 13 000 0     160.48000000      32.87000000  0  0 b5 f0 15 04 04 003f 01 00
   63 2016 322 17 34 14 000 0     160.09000000      32.79000000  0  0 b5 f0 15 04 04 003f 01 00
   63 2016 322 17 34 15 000 0     159.67000000      32.71000000  0  0 b5 f0 15 04 04 003f 01 00
   63 2016 322 17 34 16 000 0     159.23000000      32.62000000  0  0 b5 f0 15 04 04 003f 01 00
   63 2016 322 17 34 17 000 0     158.82000000      32.53000000  0  0 b5 f0 15 04 04 003f 01 00
   63 2016 322 17 34 18 000 0     158.41000000      32.43000000  0  0 b5 f0 15 04 04 003f 01 00
   63 2016 322 17 34 19 000 0     157.95000000      32.34000000  0  0 b5 f0 15 04 04 003f 01 00
   63 2016 322 17 34 20 000 0     157.57000000      32.25000000  0  0 b5 f0 15 04 04 003f 01 00
   63 2016 322 17 34 21 000 0     157.16000000      32.16000000  0  0 b5 f0 15 04 04 003f 01 00
   63 2016 322 17 34 22 000 0     156.75000000      32.06000000  0  0 b5 f0 15 04 04 003f 01 00
   64 2016 322 17 34 23 000 0     156.33000000      31.96000000  0  0 b5 f0 15 04 04 0040 01 00
   64 2016 322 17 34 24 000 0     155.94000000      31.87000000  0  0 b5 f0 15 04 04 0040 01 00
   64 2016 322 17 34 25 000 0     155.53000000      31.77000000  0  0 b5 f0 15 04 04 0040 01 00
   64 2016 322 17 34 26 000 0     155.09000000      31.65000000  0  0 b5 f0 15 04 04 0040 01 00
   64 2016 322 17 34 27 000 0     154.75000000      31.56000000  0  0 b5 f0 15 04 04 0040 01 00
   64 2016 322 17 34 28 000 0     154.36000000      31.46000000  0  0 b5 f0 15 04 04 0040 01 00
   64 2016 322 17 34 29 000 0     153.98000000      31.35000000  0  0 b5 f0 15 04 04 0040 01 00
   64 2016 322 17 34 30 000 0     153.59000000      31.25000000  0  0 b5 f0 15 04 04 0040 01 00
   64 2016 322 17 34 31 000 0     153.19000000      31.14000000  0  0 b5 f0 15 04 04 0040 01 00
   64 2016 322 17 34 32 000 0     152.81000000      31.03000000  0  0 b5 f0 15 04 04 0040 01 00
   65 2016 322 17 34 33 000 0     152.44000000      30.92000000  0  0 b5 f0 15 04 04 0041 01 00
   65 2016 322 17 34 34 000 0     152.10000000      30.82000000  0  0 b5 f0 15 04 04 0041 01 00
   65 2016 322 17 34 35 000 0     151.72000000      30.72000000  0  0 b5 f0 15 04 04 0041 01 00
   65 2016 322 17 34 36 000 0     151.35000000      30.61000000  0  0 b5 f0 15 04 04 0041 01 00
   65 2016 322 17 34 37 000 0     150.93000000      30.49000000  0  0 b5 f0 15 04 04 0041 01 00
   65 2016 322 17 34 38 000 0     150.56000000      30.39000000  0  0 b5 f0 15 04 04 0041 01 00
   65 2016 322 17 34 39 000 0     150.19000000      30.28000000  0  0 b5 f0 15 04 04 0041 01 00
   65 2016 322 17 34 40 000 0     149.81000000      30.17000000  0  0 b5 f0 15 04 04 0041 01 00
   65 2016 322 17 34 41 000 0     149.49000000      30.06000000  0  0 b5 f0 15 04 04 0041 01 00
   65 2016 322 17 34 42 000 0     149.13000000      29.95000000  0  0 b5 f0 15 04 04 0041 01 00
   66 2016 322 17 34 43 000 0     148.78000000      29.83000000  0  0 b5 f0 15 04 04 0042 01 00
   66 2016 322 17 34 44 000 0     148.40000000      29.71000000  0  0 b5 f0 15 04 04 0042 01 00
   66 2016 322 17 34 45 000 0     148.05000000      29.60000000  0  0 b5 f0 15 04 04 0042 01 00
   66 2016 322 17 34 46 000 0     147.71000000      29.47000000  0  0 b5 f0 15 04 04 0042 01 00
   66 2016 322 17 34 47 000 0     147.37000000      29.35000000  0  0 b5 f0 15 04 04 0042 01 00
   66 2016 322 17 34 48 000 0     147.07000000      29.25000000  0  0 b5 f0 15 04 04 0042 01 00
   66 2016 322 17 34 49 000 0     146.75000000      29.13000000  0  0 b5 f0 15 04 04 0042 01 00
   66 2016 322 17 34 50 000 0     146.41000000      29.00000000  0  0 b5 f0 15 04 04 0042 01 00
   66 2016 322 17 34 51 000 0     146.07000000      28.89000000  0  0 b5 f0 15 04 04 0042 01 00
   66 2016 322 17 34 52 000 0     145.73000000      28.76000000  0  0 b5 f0 15 04 04 0042 01 00
   67 2016 322 17 34 53 000 0     145.40000000      28.64000000  0  0 b5 f0 15 04 04 0043 01 00
   67 2016 322 17 34 54 000 0     145.08000000      28.53000000  0  0 b5 f0 15 04 04 0043 01 00
   67 2016 322 17 34 55 000 0     144.78000000      28.42000000  0  0 b5 f0 15 04 04 0043 01 00
   67 2016 322 17 34 56 000 0     144.47000000      28.29000000  0  0 b5 f0 15 04 04 0043 01 00
   67 2016 322 17 34 57 000 0     144.15000000      28.18000000  0  0 b5 f0 15 04 04 0043 01 00
   67 2016 322 17 34 58 000 0     143.82000000      28.04000000  0  0 b5 f0 15 04 04 0043 01 00
   67 2016 322 17 34 59 000 0     143.50000000      27.92000000  0  0 b5 f0 15 04 04 0043 01 00
   67 2016 322 17 35 00 000 0     143.20000000      27.79000000  0  0 b5 f0 15 04 04 0043 01 00
   67 2016 322 17 35 01 000 0     142.90000000      27.67000000  0  0 b5 f0 15 04 04 0043 01 00
   67 2016 322 17 35 02 000 0     142.63000000      27.56000000  0  0 b5 f0 15 04 04 0043 01 00
   68 2016 322 17 35 03 000 0     142.33000000      27.44000000  0  0 b5 f0 15 04 04 0044 01 00
   68 2016 322 17 35 04 000 0     142.02000000      27.32000000  0  0 b5 f0 15 04 04 0044 01 00
   68 2016 322 17 35 05 000 0     141.69000000      27.18000000  0  0 b5 f0 15 04 04 0044 01 00
   68 2016 322 17 35 06 000 0     141.39000000      27.07000000  0  0 b5 f0 15 04 04 0044 01 00
   68 2016 322 17 35 07 000 0     141.09000000      26.95000000  0  0 b5 f0 15 04 04 0044 01 00
   68 2016 322 17 35 08 000 0     140.83000000      26.83000000  0  0 b5 f0 15 04 04 0044 01 00
   68 2016 322 17 35 09 000 0     140.54000000      26.71000000  0  0 b5 f0 15 04 04 0044 01 00
   68 2016 322 17 35 10 000 0     140.25000000      26.59000000  0  0 b5 f0 15 04 04 0044 01 00
   68 2016 322 17 35 11 000 0     139.98000000      26.46000000  0  0 b5 f0 15 04 04 0044 01 00
   68 2016 322 17 35 12 000 0     139.71000000      26.34000000  0  0 b5 f0 15 04 04 0044 01 00
   69 2016 322 17 35 13 000 0     139.44000000      26.21000000  0  0 b5 f0 15 04 04 0045 01 00
   69 2016 322 17 35 14 000 0     139.17000000      26.09000000  0  0 b5 f0 15 04 04 0045 01 00
   69 2016 322 17 35 15 000 0     138.90000000      25.97000000  0  0 b5 f0 15 04 04 0045 01 00
   69 2016 322 17 35 16 000 0     138.63000000      25.84000000  0  0 b5 f0 15 04 04 0045 01 00
   69 2016 322 17 35 17 000 0     138.36000000      25.71000000  0  0 b5 f0 15 04 04 0045 01 00
   69 2016 322 17 35 18 000 0     138.09000000      25.59000000  0  0 b5 f0 15 04 04 0045 01 00
   69 2016 322 17 35 19 000 0     137.79000000      25.45000000  0  0 b5 f0 15 04 04 0045 01 00
   69 2016 322 17 35 20 000 0     137.52000000      25.32000000  0  0 b5 f0 15 04 04 0045 01 00
   69 2016 322 17 35 21 000 0     137.27000000      25.21000000  0  0 b5 f0 15 04 04 0045 01 00
   69 2016 322 17 35 22 000 0     137.05000000      25.09000000  0  0 b5 f0 15 04 04 0045 01 00
   70 2016 322 17 35 23 000 0     136.80000000      24.96000000  0  0 b5 f0 15 04 04 0046 01 00
   70 2016 322 17 35 24 000 0     136.55000000      24.84000000  0  0 b5 f0 15 04 04 0046 01 00
   70 2016 322 17 35 25 000 0     136.31000000      24.72000000  0  0 b5 f0 15 04 04 0046 01 00
   70 2016 322 17 35 26 000 0     136.05000000      24.58000000  0  0 b5 f0 15 04 04 0046 01 00
   70 2016 322 17 35 27 000 0     135.80000000      24.46000000  0  0 b5 f0 15 04 04 0046 01 00
   70 2016 322 17 35 28 000 0     135.56000000      24.34000000  0  0 b5 f0 15 04 04 0046 01 00
   70 2016 322 17 35 29 000 0     135.33000000      24.22000000  0  0 b5 f0 15 04 04 0046 01 00
   70 2016 322 17 35 30 000 0     135.07000000      24.09000000  0  0 b5 f0 15 04 04 0046 01 00
   70 2016 322 17 35 31 000 0     134.81000000      23.96000000  0  0 b5 f0 15 04 04 0046 01 00
   70 2016 322 17 35 32 000 0     134.56000000      23.83000000  0  0 b5 f0 15 04 04 0046 01 00
   71 2016 322 17 35 33 000 0     134.33000000      23.72000000  0  0 b5 f0 15 04 04 0047 01 00
   71 2016 322 17 35 34 000 0     134.09000000      23.59000000  0  0 b5 f0 15 04 04 0047 01 00
   71 2016 322 17 35 35 000 0     133.85000000      23.47000000  0  0 b5 f0 15 04 04 0047 01 00
   71 2016 322 17 35 36 000 0     133.65000000      23.36000000  0  0 b5 f0 15 04 04 0047 01 00
   71 2016 322 17 35 37 000 0     133.41000000      23.22000000  0  0 b5 f0 15 04 04 0047 01 00
   71 2016 322 17 35 38 000 0     133.18000000      23.10000000  0  0 b5 f0 15 04 04 0047 01 00
   71 2016 322 17 35 39 000 0     132.97000000      22.98000000  0  0 b5 f0 15 04 04 0047 01 00
   71 2016 322 17 35 40 000 0     132.75000000      22.85000000  0  0 b5 f0 15 04 04 0047 01 00
   71 2016 322 17 35 41 000 0     132.52000000      22.73000000  0  0 b5 f0 15 04 04 0047 01 00
   71 2016 322 17 35 42 000 0     132.30000000      22.62000000  0  0 b5 f0 15 04 04 0047 01 00
   72 2016 322 17 35 43 000 0     132.10000000      22.51000000  0  0 b5 f0 15 04 04 0048 01 00
   72 2016 322 17 35 44 000 0     131.87000000      22.37000000  0  0 b5 f0 15 04 04 0048 01 00
   72 2016 322 17 35 45 000 0     131.65000000      22.26000000  0  0 b5 f0 15 04 04 0048 01 00
   72 2016 322 17 35 46 000 0     131.44000000      22.15000000  0  0 b5 f0 15 04 04 0048 01 00
   72 2016 322 17 35 47 000 0     131.24000000      22.04000000  0  0 b5 f0 15 04 04 0048 01 00
   72 2016 322 17 35 48 000 0     131.03000000      21.91000000  0  0 b5 f0 15 04 04 0048 01 00
   72 2016 322 17 35 49 000 0     130.83000000      21.79000000  0  0 b5 f0 15 04 04 0048 01 00
   72 2016 322 17 35 50 000 0     130.64000000      21.68000000  0  0 b5 f0 15 04 04 0048 01 00
   72 2016 322 17 35 51 000 0     130.42000000      21.55000000  0  0 b5 f0 15 04 04 0048 01 00
   72 2016 322 17 35 52 000 0     130.23000000      21.43000000  0  0 b5 f0 15 04 04 0048 01 00
   73 2016 322 17 35 53 000 0     130.03000000      21.30000000  0  0 b5 f0 15 04 04 0049 01 00
   73 2016 322 17 35 54 000 0     129.83000000      21.18000000  0  0 b5 f0 15 04 04 0049 01 00
   73 2016 322 17 35 55 000 0     129.64000000      21.07000000  0  0 b5 f0 15 04 04 0049 01 00
   73 2016 322 17 35 56 000 0     129.45000000      20.95000000  0  0 b5 f0 15 04 04 0049 01 00
   73 2016 322 17 35 57 000 0     129.27000000      20.85000000  0  0 b5 f0 15 04 04 0049 01 00
   73 2016 322 17 35 58 000 0     129.06000000      20.72000000  0  0 b5 f0 15 04 04 0049 01 00
   73 2016 322 17 35 59 000 0     128.85000000      20.60000000  0  0 b5 f0 15 04 04 0049 01 00
   73 2016 322 17 36 00 000 0     128.66000000      20.48000000  0  0 b5 f0 15 04 04 0049 01 00
   73 2016 322 17 36 01 000 0     128.47000000      20.36000000  0  0 b5 f0 15 04 04 0049 01 00
   73 2016 322 17 36 02 000 0     128.28000000      20.24000000  0  0 b5 f0 15 04 04 0049 01 00
   74 2016 322 17 36 03 000 0     128.11000000      20.14000000  0  0 b5 f0 15 04 04 004a 01 00
   74 2016 322 17 36 04 000 0     127.93000000      20.03000000  0  0 b5 f0 15 04 04 004a 01 00
   74 2016 322 17 36 05 000 0     127.74000000      19.90000000  0  0 b5 f0 15 04 04 004a 01 00
   74 2016 322 17 36 06 000 0     127.57000000      19.79000000  0  0 b5 f0 15 04 04 004a 01 00
   74 2016 322 17 36 07 000 0     127.38000000      19.68000000  0  0 b5 f0 15 04 04 004a 01 00
   74 2016 322 17 36 08 000 0     127.21000000      19.57000000  0  0 b5 f0 15 04 04 004a 01 00
   74 2016 322 17 36 09 000 0     127.03000000      19.46000000  0  0 b5 f0 15 04 04 004a 01 00
   74 2016 322 17 36 10 000 0     126.88000000      19.36000000  0  0 b5 f0 15 04 04 004a 01 00
   74 2016 322 17 36 11 000 0     126.70000000      19.25000000  0  0 b5 f0 15 04 04 004a 01 00
   74 2016 322 17 36 12 000 0     126.52000000      19.13000000  0  0 b5 f0 15 04 04 004a 01 00
   75 2016 322 17 36 13 000 0     126.37000000      19.01000000  0  0 b5 f0 15 04 04 004b 01 00
   75 2016 322 17 36 14 000 0     126.21000000      18.91000000  0  0 b5 f0 15 04 04 004b 01 00
   75 2016 322 17 36 15 000 0     126.05000000      18.81000000  0  0 b5 f0 15 04 04 004b 01 00
   75 2016 322 17 36 16 000 0     125.88000000      18.71000000  0  0 b5 f0 15 04 04 004b 01 00
   75 2016 322 17 36 17 000 0     125.72000000      18.60000000  0  0 b5 f0 15 04 04 004b 01 00
   75 2016 322 17 36 18 000 0     125.55000000      18.49000000  0  0 b5 f0 15 04 04 004b 01 00
   75 2016 322 17 36 19 000 0     125.39000000      18.37000000  0  0 b5 f0 15 04 04 004b 01 00
   75 2016 322 17 36 20 000 0     125.22000000      18.25000000  0  0 b5 f0 15 04 04 004b 01 00
   75 2016 322 17 36 21 000 0     125.05000000      18.14000000  0  0 b5 f0 15 04 04 004b 01 00
   75 2016 322 17 36 22 000 0     124.90000000      18.03000000  0  0 b5 f0 15 04 04 004b 01 00
   76 2016 322 17 36 23 000 0     124.75000000      17.92000000  0  0 b5 f0 15 04 04 004c 01 00
   76 2016 322 17 36 24 000 0     124.60000000      17.82000000  0  0 b5 f0 15 04 04 004c 01 00
   76 2016 322 17 36 25 000 0     124.45000000      17.71000000  0  0 b5 f0 15 04 04 004c 01 00
   76 2016 322 17 36 26 000 0     124.27000000      17.59000000  0  0 b5 f0 15 04 04 004c 01 00
   76 2016 322 17 36 27 000 0     124.10000000      17.50000000  0  0 b5 f0 15 04 04 004c 01 00
   76 2016 322 17 36 28 000 0     123.95000000      17.40000000  0  0 b5 f0 15 04 04 004c 01 00
   76 2016 322 17 36 29 000 0     123.81000000      17.28000000  0  0 b5 f0 15 04 04 004c 01 00
   76 2016 322 17 36 30 000 0     123.66000000      17.18000000  0  0 b5 f0 15 04 04 004c 01 00
   76 2016 322 17 36 31 000 0     123.54000000      17.10000000  0  0 b5 f0 15 04 04 004c 01 00
   76 2016 322 17 36 32 000 0     123.38000000      16.99000000  0  0 b5 f0 15 04 04 004c 01 00
   77 2016 322 17 36 33 000 0     123.24000000      16.87000000  0  0 b5 f0 15 04 04 004d 01 00
   77 2016 322 17 36 34 000 0     123.09000000      16.78000000  0  0 b5 f0 15 04 04 004d 01 00
   77 2016 322 17 36 35 000 0     122.95000000      16.68000000  0  0 b5 f0 15 04 04 004d 01 00
   77 2016 322 17 36 36 000 0     122.81000000      16.57000000  0  0 b5 f0 15 04 04 004d 01 00
   77 2016 322 17 36 37 000 0     122.65000000      16.46000000  0  0 b5 f0 15 04 04 004d 01 00
   77 2016 322 17 36 38 000 0     122.53000000      16.38000000  0  0 b5 f0 15 04 04 004d 01 00
   77 2016 322 17 36 39 000 0     122.39000000      16.28000000  0  0 b5 f0 15 04 04 004d 01 00
   77 2016 322 17 36 40 000 0     122.23000000      16.17000000  0  0 b5 f0 15 04 04 004d 01 00
   77 2016 322 17 36 41 000 0     122.11000000      16.08000000  0  0 b5 f0 15 04 04 004d 01 00
   77 2016 322 17 36 42 000 0     121.98000000      15.98000000  0  0 b5 f0 15 04 04 004d 01 00
   78 2016 322 17 36 43 000 0     121.85000000      15.88000000  0  0 b5 f0 15 04 04 004e 01 00
   78 2016 322 17 36 44 000 0     121.69000000      15.76000000  0  0 b5 f0 15 04 04 004e 01 00
   78 2016 322 17 36 45 000 0     121.55000000      15.67000000  0  0 b5 f0 15 04 04 004e 01 00
   78 2016 322 17 36 46 000 0     121.41000000      15.58000000  0  0 b5 f0 15 04 04 004e 01 00
   78 2016 322 17 36 47 000 0     121.29000000      15.47000000  0  0 b5 f0 15 04 04 004e 01 00
   78 2016 322 17 36 48 000 0     121.17000000      15.38000000  0  0 b5 f0 15 04 04 004e 01 00
   78 2016 322 17 36 49 000 0     121.03000000      15.28000000  0  0 b5 f0 15 04 04 004e 01 00
   78 2016 322 17 36 50 000 0     120.90000000      15.18000000  0  0 b5 f0 15 04 04 004e 01 00
   78 2016 322 17 36 51 000 0     120.78000000      15.08000000  0  0 b5 f0 15 04 04 004e 01 00
   78 2016 322 17 36 52 000 0     120.67000000      14.98000000  0  0 b5 f0 15 04 04 004e 01 00
   79 2016 322 17 36 53 000 0     120.53000000      14.89000000  0  0 b5 f0 15 04 04 004f 01 00
   79 2016 322 17 36 54 000 0     120.41000000      14.79000000  0  0 b5 f0 15 04 04 004f 01 00
   79 2016 322 17 36 55 000 0     120.28000000      14.69000000  0  0 b5 f0 15 04 04 004f 01 00
   79 2016 322 17 36 56 000 0     120.16000000      14.60000000  0  0 b5 f0 15 04 04 004f 01 00
   79 2016 322 17 36 57 000 0     120.03000000      14.50000000  0  0 b5 f0 15 04 04 004f 01 00
   79 2016 322 17 36 58 000 0     119.92000000      14.40000000  0  0 b5 f0 15 04 04 004f 01 00
   79 2016 322 17 36 59 000 0     119.79000000      14.31000000  0  0 b5 f0 15 04 04 004f 01 00
   79 2016 322 17 37 00 000 0     119.67000000      14.21000000  0  0 b5 f0 15 04 04 004f 01 00
   79 2016 322 17 37 01 000 0     119.58000000      14.12000000  0  0 b5 f0 15 04 04 004f 01 00
   79 2016 322 17 37 02 000 0     119.47000000      14.02000000  0  0 b5 f0 15 04 04 004f 01 00
   80 2016 322 17 37 03 000 0     119.35000000      13.93000000  0  0 b5 f0 15 04 04 0050 01 00
   80 2016 322 17 37 04 000 0     119.23000000      13.83000000  0  0 b5 f0 15 04 04 0050 01 00
   80 2016 322 17 37 05 000 0     119.11000000      13.74000000  0  0 b5 f0 15 04 04 0050 01 00
   80 2016 322 17 37 06 000 0     118.99000000      13.64000000  0  0 b5 f0 15 04 04 0050 01 00
   80 2016 322 17 37 07 000 0     118.88000000      13.54000000  0  0 b5 f0 15 04 04 0050 01 00
   80 2016 322 17 37 08 000 0     118.78000000      13.45000000  0  0 b5 f0 15 04 04 0050 01 00
   80 2016 322 17 37 09 000 0     118.65000000      13.35000000  0  0 b5 f0 15 04 04 0050 01 00
   80 2016 322 17 37 10 000 0     118.56000000      13.25000000  0  0 b5 f0 15 04 04 0050 01 00
   80 2016 322 17 37 11 000 0     118.43000000      13.16000000  0  0 b5 f0 15 04 04 0050 01 00
   80 2016 322 17 37 12 000 0     118.33000000      13.07000000  0  0 b5 f0 15 04 04 0050 01 00
   81 2016 322 17 37 13 000 0     118.23000000      12.98000000  0  0 b5 f0 15 04 04 0051 01 00
   81 2016 322 17 37 14 000 0     118.13000000      12.88000000  0  0 b5 f0 15 04 04 0051 01 00
   81 2016 322 17 37 15 000 0     118.00000000      12.80000000  0  0 b5 f0 15 04 04 0051 01 00
   81 2016 322 17 37 16 000 0     117.89000000      12.71000000  0  0 b5 f0 15 04 04 0051 01 00
   81 2016 322 17 37 17 000 0     117.78000000      12.62000000  0  0 b5 f0 15 04 04 0051 01 00
   81 2016 322 17 37 18 000 0     117.65000000      12.52000000  0  0 b5 f0 15 04 04 0051 01 00
   81 2016 322 17 37 19 000 0     117.55000000      12.44000000  0  0 b5 f0 15 04 04 0051 01 00
   81 2016 322 17 37 20 000 0     117.47000000      12.35000000  0  0 b5 f0 15 04 04 0051 01 00
   81 2016 322 17 37 21 000 0     117.37000000      12.27000000  0  0 b5 f0 15 04 04 0051 01 00
   81 2016 322 17 37 22 000 0     117.27000000      12.18000000  0  0 b5 f0 15 04 04 0051 01 00
   82 2016 322 17 37 23 000 0     117.15000000      12.09000000  0  0 b5 f0 15 04 04 0052 01 00
   82 2016 322 17 37 24 000 0     117.04000000      12.00000000  0  0 b5 f0 15 04 04 0052 01 00
   82 2016 322 17 37 25 000 0     116.94000000      11.91000000  0  0 b5 f0 15 04 04 0052 01 00
   82 2016 322 17 37 26 000 0     116.84000000      11.83000000  0  0 b5 f0 15 04 04 0052 01 00
   82 2016 322 17 37 27 000 0     116.76000000      11.76000000  0  0 b5 f0 15 04 04 0052 01 00
   82 2016 322 17 37 28 000 0     116.64000000      11.68000000  0  0 b5 f0 15 04 04 0052 01 00
   82 2016 322 17 37 29 000 0     116.56000000      11.58000000  0  0 b5 f0 15 04 04 0052 01 00
   82 2016 322 17 37 30 000 0     116.48000000      11.49000000  0  0 b5 f0 15 04 04 0052 01 00
   82 2016 322 17 37 31 000 0     116.37000000      11.40000000  0  0 b5 f0 15 04 04 0052 01 00
   82 2016 322 17 37 32 000 0     116.26000000      11.32000000  0  0 b5 f0 15 04 04 0052 01 00
   83 2016 322 17 37 33 000 0     116.16000000      11.23000000  0  0 b5 f0 15 04 04 0053 01 00
   83 2016 322 17 37 34 000 0     116.06000000      11.15000000  0  0 b5 f0 15 04 04 0053 01 00
   83 2016 322 17 37 35 000 0     115.97000000      11.07000000  0  0 b5 f0 15 04 04 0053 01 00
   83 2016 322 17 37 36 000 0     115.90000000      10.99000000  0  0 b5 f0 15 04 04 0053 01 00
   83 2016 322 17 37 37 000 0     115.79000000      10.90000000  0  0 b5 f0 15 04 04 0053 01 00
   83 2016 322 17 37 38 000 0     115.72000000      10.82000000  0  0 b5 f0 15 04 04 0053 01 00
   83 2016 322 17 37 39 000 0     115.62000000      10.74000000  0  0 b5 f0 15 04 04 0053 01 00
   83 2016 322 17 37 40 000 0     115.52000000      10.66000000  0  0 b5 f0 15 04 04 0053 01 00
   83 2016 322 17 37 41 000 0     115.43000000      10.57000000  0  0 b5 f0 15 04 04 0053 01 00
   83 2016 322 17 37 42 000 0     115.34000000      10.50000000  0  0 b5 f0 15 04 04 0053 01 00
   84 2016 322 17 37 43 000 0     115.25000000      10.41000000  0  0 b5 f0 15 04 04 0054 01 00
   84 2016 322 17 37 44 000 0     115.17000000      10.33000000  0  0 b5 f0 15 04 04 0054 01 00
   84 2016 322 17 37 45 000 0     115.07000000      10.25000000  0  0 b5 f0 15 04 04 0054 01 00
   84 2016 322 17 37 46 000 0     114.98000000      10.18000000  0  0 b5 f0 15 04 04 0054 01 00
   84 2016 322 17 37 47 000 0     114.89000000      10.10000000  0  0 b5 f0 15 04 04 0054 01 00
   84 2016 322 17 37 48 000 0     114.82000000      10.02000000  0  0 b5 f0 15 04 04 0054 01 00
   84 2016 322 17 37 49 000 0     114.73000000       9.93000000  0  0 b5 f0 15 04 04 0054 01 00
   84 2016 322 17 37 50 000 0     114.64000000       9.85000000  0  0 b5 f0 15 04 04 0054 01 00
   84 2016 322 17 37 51 000 0     114.55000000       9.77000000  0  0 b5 f0 15 04 04 0054 01 00
   84 2016 322 17 37 52 000 0     114.47000000       9.68000000  0  0 b5 f0 15 04 04 0054 01 00
   85 2016 322 17 37 53 000 0     114.39000000       9.60000000  0  0 b5 f0 15 04 04 0055 01 00
   85 2016 322 17 37 54 000 0     114.31000000       9.54000000  0  0 b5 f0 15 04 04 0055 01 00
   85 2016 322 17 37 55 000 0     114.22000000       9.46000000  0  0 b5 f0 15 04 04 0055 01 00
   85 2016 322 17 37 56 000 0     114.14000000       9.37000000  0  0 b5 f0 15 04 04 0055 01 00
   85 2016 322 17 37 57 000 0     114.06000000       9.29000000  0  0 b5 f0 15 04 04 0055 01 00
   85 2016 322 17 37 58 000 0     113.99000000       9.20000000  0  0 b5 f0 15 04 04 0055 01 00
   85 2016 322 17 37 59 000 0     113.89000000       9.14000000  0  0 b5 f0 15 04 04 0055 01 00
   85 2016 322 17 38 00 000 0     113.82000000       9.09000000  0  0 b5 f0 15 04 04 0055 01 00
   85 2016 322 17 38 01 000 0     113.74000000       9.01000000  0  0 b5 f0 15 04 04 0055 01 00
   85 2016 322 17 38 02 000 0     113.66000000       8.94000000  0  0 b5 f0 15 04 04 0055 01 00
   86 2016 322 17 38 03 000 0     113.58000000       8.84000000  0  0 b5 f0 15 04 04 0056 01 00
   86 2016 322 17 38 04 000 0     113.50000000       8.77000000  0  0 b5 f0 15 04 04 0056 01 00
   86 2016 322 17 38 05 000 0     113.42000000       8.69000000  0  0 b5 f0 15 04 04 0056 01 00
   86 2016 322 17 38 06 000 0     113.35000000       8.61000000  0  0 b5 f0 15 04 04 0056 01 00
   86 2016 322 17 38 07 000 0     113.29000000       8.54000000  0  0 b5 f0 15 04 04 0056 01 00
   86 2016 322 17 38 08 000 0     113.20000000       8.45000000  0  0 b5 f0 15 04 04 0056 01 00
   86 2016 322 17 38 09 000 0     113.12000000       8.40000000  0  0 b5 f0 15 04 04 0056 01 00
   86 2016 322 17 38 10 000 0     113.04000000       8.32000000  0  0 b5 f0 15 04 04 0056 01 00
   86 2016 322 17 38 11 000 0     112.99000000       8.26000000  0  0 b5 f0 15 04 04 0056 01 00
   86 2016 322 17 38 12 000 0     112.87000000       8.19000000  0  0 b5 f0 15 04 04 0056 01 00
   87 2016 322 17 38 13 000 0     112.81000000       8.12000000  0  0 b5 f0 15 04 04 0057 01 00
   87 2016 322 17 38 14 000 0     112.72000000       8.04000000  0  0 b5 f0 15 04 04 0057 01 00
   87 2016 322 17 38 15 000 0     112.64000000       7.96000000  0  0 b5 f0 15 04 04 0057 01 00
   87 2016 322 17 38 16 000 0     112.58000000       7.89000000  0  0 b5 f0 15 04 04 0057 01 00
   87 2016 322 17 38 17 000 0     112.51000000       7.81000000  0  0 b5 f0 15 04 04 0057 01 00
   87 2016 322 17 38 18 000 0     112.45000000       7.75000000  0  0 b5 f0 15 04 04 0057 01 00
   87 2016 322 17 38 19 000 0     112.38000000       7.68000000  0  0 b5 f0 15 04 04 0057 01 00
   87 2016 322 17 38 20 000 0     112.30000000       7.59000000  0  0 b5 f0 15 04 04 0057 01 00
   87 2016 322 17 38 21 000 0     112.23000000       7.52000000  0  0 b5 f0 15 04 04 0057 01 00
   87 2016 322 17 38 22 000 0     112.15000000       7.43000000  0  0 b5 f0 15 04 04 0057 01 00
   88 2016 322 17 38 23 000 0     112.09000000       7.36000000  0  0 b5 f0 15 04 04 0058 01 00
   88 2016 322 17 38 24 000 0     112.03000000       7.30000000  0  0 b5 f0 15 04 04 0058 01 00
   88 2016 322 17 38 25 000 0     111.94000000       7.23000000  0  0 b5 f0 15 04 04 0058 01 00
   88 2016 322 17 38 26 000 0     111.89000000       7.18000000  0  0 b5 f0 15 04 04 0058 01 00
   88 2016 322 17 38 27 000 0     111.80000000       7.11000000  0  0 b5 f0 15 04 04 0058 01 00
   88 2016 322 17 38 28 000 0     111.72000000       7.04000000  0  0 b5 f0 15 04 04 0058 01 00
   88 2016 322 17 38 29 000 0     111.66000000       6.97000000  0  0 b5 f0 15 04 04 0058 01 00
   88 2016 322 17 38 30 000 0     111.59000000       6.89000000  0  0 b5 f0 15 04 04 0058 01 00
   88 2016 322 17 38 31 000 0     111.54000000       6.83000000  0  0 b5 f0 15 04 04 0058 01 00
   88 2016 322 17 38 32 000 0     111.48000000       6.76000000  0  0 b5 f0 15 04 04 0058 01 00
   89 2016 322 17 38 33 000 0     111.42000000       6.69000000  0  0 b5 f0 15 04 04 0059 01 00
   89 2016 322 17 38 34 000 0     111.36000000       6.62000000  0  0 b5 f0 15 04 04 0059 01 00
   89 2016 322 17 38 35 000 0     111.30000000       6.55000000  0  0 b5 f0 15 04 04 0059 01 00
   89 2016 322 17 38 36 000 0     111.22000000       6.47000000  0  0 b5 f0 15 04 04 0059 01 00
   89 2016 322 17 38 37 000 0     111.15000000       6.40000000  0  0 b5 f0 15 04 04 0059 01 00
   89 2016 322 17 38 38 000 0     111.07000000       6.33000000  0  0 b5 f0 15 04 04 0059 01 00
   89 2016 322 17 38 39 000 0     111.01000000       6.26000000  0  0 b5 f0 15 04 04 0059 01 00
   89 2016 322 17 38 40 000 0     110.94000000       6.18000000  0  0 b5 f0 15 04 04 0059 01 00
   89 2016 322 17 38 41 000 0     110.88000000       6.11000000  0  0 b5 f0 15 04 04 0059 01 00
   89 2016 322 17 38 42 000 0     110.82000000       6.05000000  0  0 b5 f0 15 04 04 0059 01 00
   90 2016 322 17 38 43 000 0     110.76000000       5.99000000  0  0 b5 f0 15 04 04 005a 01 00
   90 2016 322 17 38 44 000 0     110.70000000       5.93000000  0  0 b5 f0 15 04 04 005a 01 00
   90 2016 322 17 38 45 000 0     110.63000000       5.85000000  0  0 b5 f0 15 04 04 005a 01 00
   90 2016 322 17 38 46 000 0     110.58000000       5.79000000  0  0 b5 f0 15 04 04 005a 01 00
   90 2016 322 17 38 47 000 0     110.52000000       5.70000000  0  0 b5 f0 15 04 04 005a 01 00
   90 2016 322 17 38 48 000 0     110.46000000       5.63000000  0  0 b5 f0 15 04 04 005a 01 00
   90 2016 322 17 38 49 000 0     110.40000000       5.56000000  0  0 b5 f0 15 04 04 005a 01 00
   90 2016 322 17 38 50 000 0     110.34000000       5.50000000  0  0 b5 f0 15 04 04 005a 01 00
   90 2016 322 17 38 51 000 0     110.27000000       5.44000000  0  0 b5 f0 15 04 04 005a 01 00
   90 2016 322 17 38 52 000 0     110.22000000       5.39000000  0  0 b5 f0 15 04 04 005a 01 00
   91 2016 322 17 38 53 000 0     110.17000000       5.33000000  0  0 b5 f0 15 04 04 005b 01 00
   91 2016 322 17 38 54 000 0     110.08000000       5.26000000  0  0 b5 f0 15 04 04 005b 01 00
   91 2016 322 17 38 55 000 0     110.04000000       5.20000000  0  0 b5 f0 15 04 04 005b 01 00
   91 2016 322 17 38 56 000 0     109.96000000       5.12000000  0  0 b5 f0 15 04 04 005b 01 00
   91 2016 322 17 38 57 000 0     109.90000000       5.06000000  0  0 b5 f0 15 04 04 005b 01 00
   91 2016 322 17 38 58 000 0     109.84000000       4.98000000  0  0 b5 f0 15 04 04 005b 01 00
   91 2016 322 17 38 59 000 0     109.82000000       4.91000000  0  0 b5 f0 15 04 04 005b 01 00
   91 2016 322 17 39 00 000 0     109.71000000       4.85000000  0  0 b5 f0 15 04 04 005b 01 00
   91 2016 322 17 39 01 000 0     109.70000000       4.80000000  0  0 b5 f0 15 04 04 005b 01 00
   91 2016 322 17 39 02 000 0     109.63000000       4.76000000  0  0 b5 f0 15 04 04 005b 01 00
   92 2016 322 17 39 03 000 0     109.59000000       4.71000000  0  0 b5 f0 15 04 04 005c 01 00
   92 2016 322 17 39 04 000 0     109.51000000       4.64000000  0  0 b5 f0 15 04 04 005c 01 00
   92 2016 322 17 39 05 000 0     109.45000000       4.56000000  0  0 b5 f0 15 04 04 005c 01 00
   92 2016 322 17 39 06 000 0     109.37000000       4.50000000  0  0 b5 f0 15 04 04 005c 01 00
   92 2016 322 17 39 07 000 0     109.34000000       4.44000000  0  0 b5 f0 15 04 04 005c 01 00
   92 2016 322 17 39 08 000 0     109.26000000       4.38000000  0  0 b5 f0 15 04 04 005c 01 00
   92 2016 322 17 39 09 000 0     109.22000000       4.31000000  0  0 b5 f0 15 04 04 005c 01 00
   92 2016 322 17 39 10 000 0     109.16000000       4.24000000  0  0 b5 f0 15 04 04 005c 01 00
   92 2016 322 17 39 11 000 0     109.11000000       4.19000000  0  0 b5 f0 15 04 04 005c 01 00
   92 2016 322 17 39 12 000 0     109.09000000       4.13000000  0  0 b5 f0 15 04 04 005c 01 00
   93 2016 322 17 39 13 000 0     109.00000000       4.06000000  0  0 b5 f0 15 04 04 005d 01 00
   93 2016 322 17 39 14 000 0     108.98000000       3.99000000  0  0 b5 f0 15 04 04 005d 01 00
   93 2016 322 17 39 15 000 0     108.90000000       3.92000000  0  0 b5 f0 15 04 04 005d 01 00
   93 2016 322 17 39 16 000 0     108.86000000       3.87000000  0  0 b5 f0 15 04 04 005d 01 00
   93 2016 322 17 39 17 000 0     108.81000000       3.81000000  0  0 b5 f0 15 04 04 005d 01 00
   93 2016 322 17 39 18 000 0     108.75000000       3.75000000  0  0 b5 f0 15 04 04 005d 01 00
   93 2016 322 17 39 19 000 0     108.69000000       3.69000000  0  0 b5 f0 15 04 04 005d 01 00
   93 2016 322 17 39 20 000 0     108.66000000       3.64000000  0  3 b5 f0 15 04 04 005d 01 00
   93 2016 322 17 39 21 000 0     108.80000000       3.42000000  0  3 b5 f0 15 04 04 005d 01 00
   93 2016 322 17 39 22 000 0     108.72000000       3.37000000  0  3 b5 f0 15 04 04 005d 01 00
   94 2016 322 17 39 23 000 0     108.69000000       3.30000000  0  3 b5 f0 15 04 04 005e 01 00
   94 2016 322 17 39 24 000 0     108.62000000       3.24000000  0  3 b5 f0 15 04 04 005e 01 00
   94 2016 322 17 39 25 000 0     108.58000000       3.17000000  0  3 b5 f0 15 04 04 005e 01 00
   94 2016 322 17 39 26 000 0     108.53000000       3.11000000  0  3 b5 f0 15 04 04 005e 01 00
   94 2016 322 17 39 27 000 0     108.50000000       3.05000000  0  3 b5 f0 15 04 04 005e 01 00
   94 2016 322 17 39 28 000 0     108.41000000       2.99000000  0  3 b5 f0 15 04 04 005e 01 00
   94 2016 322 17 39 29 000 0     108.39000000       2.93000000  0  3 b5 f0 15 04 04 005e 01 00
   94 2016 322 17 39 30 000 0     108.32000000       2.87000000  0  3 b5 f0 15 04 04 005e 01 00
   94 2016 322 17 39 31 000 0     108.28000000       2.80000000  0  3 b5 f0 15 04 04 005e 01 00
   94 2016 322 17 39 32 000 0     108.24000000       2.74000000  0  3 b5 f0 15 04 04 005e 01 00
   95 2016 322 17 39 33 000 0     108.18000000       2.68000000  0  3 b5 f0 15 04 04 005f 01 00
   95 2016 322 17 39 34 000 0     108.12000000       2.62000000  0  3 b5 f0 15 04 04 005f 01 00
   95 2016 322 17 39 35 000 0     108.08000000       2.56000000  0  3 b5 f0 15 04 04 005f 01 00
   95 2016 322 17 39 36 000 0     108.06000000       2.50000000  0  3 b5 f0 15 04 04 005f 01 00
   95 2016 322 17 39 37 000 0     107.98000000       2.44000000  0  3 b5 f0 15 04 04 005f 01 00
   95 2016 322 17 39 38 000 0     107.96000000       2.38000000  0  3 b5 f0 15 04 04 005f 01 00
   95 2016 322 17 39 39 000 0     107.89000000       2.32000000  0  3 b5 f0 15 04 04 005f 01 00
   95 2016 322 17 39 40 000 0     107.84000000       2.25000000  0  3 b5 f0 15 04 04 005f 01 00
   95 2016 322 17 39 41 000 0     107.81000000       2.20000000  0  3 b5 f0 15 04 04 005f 01 00
   95 2016 322 17 39 42 000 0     107.74000000       2.13000000  0  3 b5 f0 15 04 04 005f 01 00
   96 2016 322 17 39 43 000 0     107.72000000       2.09000000  0  3 b5 f0 15 04 04 0060 01 00
   96 2016 322 17 39 44 000 0     107.64000000       2.02000000  0  3 b5 f0 15 04 04 0060 01 00
   96 2016 322 17 39 45 000 0     107.61000000       1.96000000  0  3 b5 f0 15 04 04 0060 01 00
   96 2016 322 17 39 46 000 0     107.59000000       1.90000000  0  3 b5 f0 15 04 04 0060 01 00
   96 2016 322 17 39 47 000 0     107.52000000       1.85000000  0  3 b5 f0 15 04 04 0060 01 00
   96 2016 322 17 39 48 000 0     107.47000000       1.79000000  0  3 b5 f0 15 04 04 0060 01 00
   96 2016 322 17 39 49 000 0     107.42000000       1.73000000  0  3 b5 f0 15 04 04 0060 01 00
   96 2016 322 17 39 50 000 0     107.38000000       1.68000000  0  3 b5 f0 15 04 04 0060 01 00
   96 2016 322 17 39 51 000 0     107.34000000       1.66000000  0  3 b5 f0 15 04 04 0060 01 00
   96 2016 322 17 39 52 000 0     107.29000000       1.63000000  0  3 b5 f0 15 04 04 0060 01 00
   97 2016 322 17 39 53 000 0     107.24000000       1.62000000  0  3 b5 f0 15 04 04 0061 01 00
   97 2016 322 17 39 54 000 0     107.20000000       1.60000000  0  3 b5 f0 15 04 04 0061 01 00
   97 2016 322 17 39 55 000 0     107.16000000       1.59000000  0  3 b5 f0 15 04 04 0061 01 00
   97 2016 322 17 39 56 000 0     107.11000000       1.56000000  0  3 b5 f0 15 04 04 0061 01 00
   97 2016 322 17 39 57 000 0     107.06000000       1.56000000  0  3 b5 f0 15 04 04 0061 01 00
   97 2016 322 17 39 58 000 0     107.04000000       1.54000000  0  3 b5 f0 15 04 04 0061 01 00
   97 2016 322 17 39 59 000 0     106.98000000       1.50000000  0  3 b5 f0 15 04 04 0061 01 00
   97 2016 322 17 40 00 000 0     106.94000000       1.50000000  0  3 b5 f0 15 04 04 0061 01 00
   97 2016 322 17 40 01 000 0     106.89000000       1.50000000  0  3 b5 f0 15 04 04 0061 01 00
   97 2016 322 17 40 02 000 0     106.85000000       1.50000000  0  3 b5 f0 15 04 04 0061 01 00
   98 2016 322 17 40 03 000 0     106.82000000       1.50000000  0  3 b5 f0 15 04 04 0062 01 00
   98 2016 322 17 40 04 000 0     106.77000000       1.50000000  0  3 b5 f0 15 04 04 0062 01 00
   98 2016 322 17 40 05 000 0     106.74000000       1.50000000  0  3 b5 f0 15 04 04 0062 01 00
   98 2016 322 17 40 06 000 0     106.67000000       1.50000000  0  3 b5 f0 15 04 04 0062 01 00
   98 2016 322 17 40 07 000 0     106.66000000       1.50000000  0  3 b5 f0 15 04 04 0062 01 00
   98 2016 322 17 40 08 000 0     106.59000000       1.50000000  0  3 b5 f0 15 04 04 0062 01 00
   98 2016 322 17 40 09 000 0     106.57000000       1.50000000  0  3 b5 f0 15 04 04 0062 01 00
   98 2016 322 17 40 10 000 0     106.51000000       1.50000000  0  3 b5 f0 15 04 04 0062 01 00
   98 2016 322 17 40 11 000 0     106.51000000       1.50000000  0  5 b5 f0 15 04 04 0062 01 00
   98 2016 322 17 40 12 000 0     106.51000000       1.50000000  0  5 b5 f0 15 04 04 0062 01 00
   99 2016 322 17 40 13 000 0     106.51000000       1.50000000  0  5 b5 f0 15 04 04 0063 01 00
   99 2016 322 17 40 14 000 0     106.51000000       1.50000000  0  5 b5 f0 15 04 04 0063 01 00
   99 2016 322 17 40 15 000 0     106.52000000       1.50000000  0  5 b5 f0 15 04 04 0063 01 00
   99 2016 322 17 40 16 000 0     106.52000000       1.50000000  0  5 b5 f0 15 04 04 0063 01 00
   99 2016 322 17 40 17 000 0     106.52000000       1.50000000  0  5 b5 f0 15 04 04 0063 01 00
   99 2016 322 17 40 18 000 0     106.52000000       1.50000000  0  5 b5 f0 15 04 04 0063 01 00
   99 2016 322 17 40 19 000 0     106.52000000       1.50000000  0  5 b5 f0 15 04 04 0063 01 00
   99 2016 322 17 40 20 000 0     106.52000000       1.50000000  0  5 b5 f0 15 04 04 0063 01 00
   99 2016 322 17 40 21 000 0     106.52000000       1.49000000  0  5 b5 f0 15 04 04 0063 01 00
   99 2016 322 17 40 22 000 0     106.52000000       1.49000000  0  5 b5 f0 15 04 04 0063 01 00
