 BkNo Year Day hh mm ss mss ns      Range (km)    RangCalib(km) Tv DvTSnRSnDTpSTpSId BkCtSRtInTim
    1 2016 322 17 28 11 842 0    2351.89146942       0.00000000  0  0 b5 f0 15 04 01 0001 01 01
    1 2016 322 17 28 12 842 0    2345.93834068       0.00000000  0  0 b5 f0 15 04 01 0001 01 01
    1 2016 322 17 28 13 842 0    2339.98835977       0.00000000  0  0 b5 f0 15 04 01 0001 01 01
    1 2016 322 17 28 14 842 0    2334.04137678       0.00000000  0  0 b5 f0 15 04 01 0001 01 01
    1 2016 322 17 28 15 842 0    2328.09769151       0.00000000  0  0 b5 f0 15 04 01 0001 01 01
    1 2016 322 17 28 16 842 0    2322.15700416       0.00000000  0  0 b5 f0 15 04 01 0001 01 01
    1 2016 322 17 28 17 842 0    2316.21946463       0.00000000  0  0 b5 f0 15 04 01 0001 01 01
    1 2016 322 17 28 18 842 0    2310.28507292       0.00000000  0  0 b5 f0 15 04 01 0001 01 01
    1 2016 322 17 28 19 842 0    2304.35382904       0.00000000  0  0 b5 f0 15 04 01 0001 01 01
    1 2016 322 17 28 20 842 0    2298.42618266       0.00000000  0  0 b5 f0 15 04 01 0001 01 01
    2 2016 322 17 28 21 842 0    2292.50168411       0.00000000  0  0 b5 f0 15 04 01 0002 01 01
    2 2016 322 17 28 22 842 0    2286.58033337       0.00000000  0  0 b5 f0 15 04 01 0002 01 01
    2 2016 322 17 28 23 842 0    2280.66243025       0.00000000  0  0 b5 f0 15 04 01 0002 01 01
    2 2016 322 17 28 24 842 0    2274.74782485       0.00000000  0  0 b5 f0 15 04 01 0002 01 01
    2 2016 322 17 28 25 842 0    2268.83666706       0.00000000  0  0 b5 f0 15 04 01 0002 01 01
    2 2016 322 17 28 26 842 0    2262.92910678       0.00000000  0  0 b5 f0 15 04 01 0002 01 01
    2 2016 322 17 28 27 842 0    2257.02499411       0.00000000  0  0 b5 f0 15 04 01 0002 01 01
    2 2016 322 17 28 28 842 0    2251.12432906       0.00000000  0  0 b5 f0 15 04 01 0002 01 01
    2 2016 322 17 28 29 842 0    2245.22726151       0.00000000  0  0 b5 f0 15 04 01 0002 01 01
    2 2016 322 17 28 30 842 0    2239.33379147       0.00000000  0  0 b5 f0 15 04 01 0002 01 01
    3 2016 322 17 28 31 842 0    2233.44406885       0.00000000  0  0 b5 f0 15 04 01 0003 01 01
    3 2016 322 17 28 32 842 0    2227.55809362       0.00000000  0  0 b5 f0 15 04 01 0003 01 01
    3 2016 322 17 28 33 842 0    2221.67556601       0.00000000  0  0 b5 f0 15 04 01 0003 01 01
    3 2016 322 17 28 34 842 0    2215.79708560       0.00000000  0  0 b5 f0 15 04 01 0003 01 01
    3 2016 322 17 28 35 842 0    2209.92220269       0.00000000  0  0 b5 f0 15 04 01 0003 01 01
    3 2016 322 17 28 36 842 0    2204.05151689       0.00000000  0  0 b5 f0 15 04 01 0003 01 01
    3 2016 322 17 28 37 842 0    2198.18487827       0.00000000  0  0 b5 f0 15 04 01 0003 01 01
    3 2016 322 17 28 38 842 0    2192.32213697       0.00000000  0  0 b5 f0 15 04 01 0003 01 01
    3 2016 322 17 28 39 842 0    2186.46329296       0.00000000  0  0 b5 f0 15 04 01 0003 01 01
    3 2016 322 17 28 40 842 0    2180.60909574       0.00000000  0  0 b5 f0 15 04 01 0003 01 01
    4 2016 322 17 28 41 842 0    2174.75924550       0.00000000  0  0 b5 f0 15 04 01 0004 01 01
    4 2016 322 17 28 42 842 0    2168.91329257       0.00000000  0  0 b5 f0 15 04 01 0004 01 01
    4 2016 322 17 28 43 842 0    2163.07093715       0.00000000  0  0 b5 f0 15 04 01 0004 01 01
    4 2016 322 17 28 44 842 0    2157.23142976       0.00000000  0  0 b5 f0 15 04 01 0004 01 01
    4 2016 322 17 28 45 842 0    2151.39327143       0.00000000  0  0 b5 f0 15 04 01 0004 01 01
    4 2016 322 17 28 46 842 0    2145.55706175       0.00000000  0  0 b5 f0 15 04 01 0004 01 01
    4 2016 322 17 28 47 842 0    2139.72504917       0.00000000  0  0 b5 f0 15 04 01 0004 01 01
    4 2016 322 17 28 48 842 0    2133.89858275       0.00000000  0  0 b5 f0 15 04 01 0004 01 01
    4 2016 322 17 28 49 842 0    2128.07766249       0.00000000  0  0 b5 f0 15 04 01 0004 01 01
    4 2016 322 17 28 50 842 0    2122.26213849       0.00000000  0  0 b5 f0 15 04 01 0004 01 01
    5 2016 322 17 28 51 842 0    2116.45171097       0.00000000  0  0 b5 f0 15 04 01 0005 01 01
    5 2016 322 17 28 52 842 0    2110.64578033       0.00000000  0  0 b5 f0 15 04 01 0005 01 01
    5 2016 322 17 28 53 842 0    2104.84449648       0.00000000  0  0 b5 f0 15 04 01 0005 01 01
    5 2016 322 17 28 54 842 0    2099.04800930       0.00000000  0  0 b5 f0 15 04 01 0005 01 01
    5 2016 322 17 28 55 842 0    2093.25571922       0.00000000  0  0 b5 f0 15 04 01 0005 01 01
    5 2016 322 17 28 56 842 0    2087.46822582       0.00000000  0  0 b5 f0 15 04 01 0005 01 01
    5 2016 322 17 28 57 842 0    2081.68537920       0.00000000  0  0 b5 f0 15 04 01 0005 01 01
    5 2016 322 17 28 58 842 0    2075.90687957       0.00000000  0  0 b5 f0 15 04 01 0005 01 01
    5 2016 322 17 28 59 842 0    2070.13347642       0.00000000  0  0 b5 f0 15 04 01 0005 01 01
    5 2016 322 17 29 00 842 0    2064.36442025       0.00000000  0  0 b5 f0 15 04 01 0005 01 01
    6 2016 322 17 29 01 842 0    2058.60046056       0.00000000  0  0 b5 f0 15 04 01 0006 01 01
    6 2016 322 17 29 02 842 0    2052.84129754       0.00000000  0  0 b5 f0 15 04 01 0006 01 01
    6 2016 322 17 29 03 842 0    2047.08708110       0.00000000  0  0 b5 f0 15 04 01 0006 01 01
    6 2016 322 17 29 04 842 0    2041.33781124       0.00000000  0  0 b5 f0 15 04 01 0006 01 01
    6 2016 322 17 29 05 842 0    2035.59318816       0.00000000  0  0 b5 f0 15 04 01 0006 01 01
    6 2016 322 17 29 06 842 0    2029.85396134       0.00000000  0  0 b5 f0 15 04 01 0006 01 01
    6 2016 322 17 29 07 842 0    2024.11983100       0.00000000  0  0 b5 f0 15 04 01 0006 01 01
    6 2016 322 17 29 08 842 0    2018.39079713       0.00000000  0  0 b5 f0 15 04 01 0006 01 01
    6 2016 322 17 29 09 842 0    2012.66700962       0.00000000  0  0 b5 f0 15 04 01 0006 01 01
    6 2016 322 17 29 10 842 0    2006.94876828       0.00000000  0  0 b5 f0 15 04 01 0006 01 01
    7 2016 322 17 29 11 842 0    2001.23547351       0.00000000  0  0 b5 f0 15 04 01 0007 01 01
    7 2016 322 17 29 12 842 0    1995.52742511       0.00000000  0  0 b5 f0 15 04 01 0007 01 01
    7 2016 322 17 29 13 842 0    1989.82477297       0.00000000  0  0 b5 f0 15 04 01 0007 01 01
    7 2016 322 17 29 14 842 0    1984.12796679       0.00000000  0  0 b5 f0 15 04 01 0007 01 01
    7 2016 322 17 29 15 842 0    1978.43625708       0.00000000  0  0 b5 f0 15 04 01 0007 01 01
    7 2016 322 17 29 16 842 0    1972.75009353       0.00000000  0  0 b5 f0 15 04 01 0007 01 01
    7 2016 322 17 29 17 842 0    1967.06992583       0.00000000  0  0 b5 f0 15 04 01 0007 01 01
    7 2016 322 17 29 18 842 0    1961.39530429       0.00000000  0  0 b5 f0 15 04 01 0007 01 01
    7 2016 322 17 29 19 842 0    1955.72592911       0.00000000  0  0 b5 f0 15 04 01 0007 01 01
    7 2016 322 17 29 20 842 0    1950.06254979       0.00000000  0  0 b5 f0 15 04 01 0007 01 01
    8 2016 322 17 29 21 842 0    1944.40501642       0.00000000  0  0 b5 f0 15 04 01 0008 01 01
    8 2016 322 17 29 22 842 0    1938.75392858       0.00000000  0  0 b5 f0 15 04 01 0008 01 01
    8 2016 322 17 29 23 842 0    1933.10823701       0.00000000  0  0 b5 f0 15 04 01 0008 01 01
    8 2016 322 17 29 24 842 0    1927.46839140       0.00000000  0  0 b5 f0 15 04 01 0008 01 01
    8 2016 322 17 29 25 842 0    1921.83469153       0.00000000  0  0 b5 f0 15 04 01 0008 01 01
    8 2016 322 17 29 26 842 0    1916.20728730       0.00000000  0  0 b5 f0 15 04 01 0008 01 01
    8 2016 322 17 29 27 842 0    1910.58587892       0.00000000  0  0 b5 f0 15 04 01 0008 01 01
    8 2016 322 17 29 28 842 0    1904.97091608       0.00000000  0  0 b5 f0 15 04 01 0008 01 01
    8 2016 322 17 29 29 842 0    1899.36194908       0.00000000  0  0 b5 f0 15 04 01 0008 01 01
    8 2016 322 17 29 30 842 0    1893.75942763       0.00000000  0  0 b5 f0 15 04 01 0008 01 01
    9 2016 322 17 29 31 842 0    1888.16320182       0.00000000  0  0 b5 f0 15 04 01 0009 01 01
    9 2016 322 17 29 32 842 0    1882.57327164       0.00000000  0  0 b5 f0 15 04 01 0009 01 01
    9 2016 322 17 29 33 842 0    1876.99038659       0.00000000  0  0 b5 f0 15 04 01 0009 01 01
    9 2016 322 17 29 34 842 0    1871.41409698       0.00000000  0  0 b5 f0 15 04 01 0009 01 01
    9 2016 322 17 29 35 842 0    1865.84395311       0.00000000  0  0 b5 f0 15 04 01 0009 01 01
    9 2016 322 17 29 36 842 0    1860.28085436       0.00000000  0  0 b5 f0 15 04 01 0009 01 01
    9 2016 322 17 29 37 842 0    1854.72480074       0.00000000  0  0 b5 f0 15 04 01 0009 01 01
    9 2016 322 17 29 38 842 0    1849.17639182       0.00000000  0  0 b5 f0 15 04 01 0009 01 01
    9 2016 322 17 29 39 842 0    1843.63502803       0.00000000  0  0 b5 f0 15 04 01 0009 01 01
    9 2016 322 17 29 40 842 0    1838.10085925       0.00000000  0  0 b5 f0 15 04 01 0009 01 01
   10 2016 322 17 29 41 842 0    1832.57403539       0.00000000  0  0 b5 f0 15 04 01 000a 01 01
   10 2016 322 17 29 42 842 0    1827.05425666       0.00000000  0  0 b5 f0 15 04 01 000a 01 01
   10 2016 322 17 29 43 842 0    1821.54152304       0.00000000  0  0 b5 f0 15 04 01 000a 01 01
   10 2016 322 17 29 44 842 0    1816.03598445       0.00000000  0  0 b5 f0 15 04 01 000a 01 01
   10 2016 322 17 29 45 842 0    1810.53734108       0.00000000  0  0 b5 f0 15 04 01 000a 01 01
   10 2016 322 17 29 46 842 0    1805.04619252       0.00000000  0  0 b5 f0 15 04 01 000a 01 01
   10 2016 322 17 29 47 842 0    1799.56238888       0.00000000  0  0 b5 f0 15 04 01 000a 01 01
   10 2016 322 17 29 48 842 0    1794.08622995       0.00000000  0  0 b5 f0 15 04 01 000a 01 01
   10 2016 322 17 29 49 842 0    1788.61771572       0.00000000  0  0 b5 f0 15 04 01 000a 01 01
   10 2016 322 17 29 50 842 0    1783.15699610       0.00000000  0  0 b5 f0 15 04 01 000a 01 01
   11 2016 322 17 29 51 842 0    1777.70407108       0.00000000  0  0 b5 f0 15 04 01 000b 01 01
   11 2016 322 17 29 52 842 0    1772.25909056       0.00000000  0  0 b5 f0 15 04 01 000b 01 01
   11 2016 322 17 29 53 842 0    1766.82220444       0.00000000  0  0 b5 f0 15 04 01 000b 01 01
   11 2016 322 17 29 54 842 0    1761.39311292       0.00000000  0  0 b5 f0 15 04 01 000b 01 01
   11 2016 322 17 29 55 842 0    1755.97226570       0.00000000  0  0 b5 f0 15 04 01 000b 01 01
   11 2016 322 17 29 56 842 0    1750.55951287       0.00000000  0  0 b5 f0 15 04 01 000b 01 01
   11 2016 322 17 29 57 842 0    1745.15515423       0.00000000  0  0 b5 f0 15 04 01 000b 01 01
   11 2016 322 17 29 58 842 0    1739.75948957       0.00000000  0  0 b5 f0 15 04 01 000b 01 01
   11 2016 322 17 29 59 842 0    1734.37221910       0.00000000  0  0 b5 f0 15 04 01 000b 01 01
   11 2016 322 17 30 00 842 0    1728.99289313       0.00000000  0  0 b5 f0 15 04 01 000b 01 01
   12 2016 322 17 30 01 842 0    1723.62256093       0.00000000  0  0 b5 f0 15 04 01 000c 01 01
   12 2016 322 17 30 02 842 0    1718.26122251       0.00000000  0  0 b5 f0 15 04 01 000c 01 01
   12 2016 322 17 30 03 842 0    1712.90827827       0.00000000  0  0 b5 f0 15 04 01 000c 01 01
   12 2016 322 17 30 04 842 0    1707.56447771       0.00000000  0  0 b5 f0 15 04 01 000c 01 01
   12 2016 322 17 30 05 842 0    1702.22967092       0.00000000  0  0 b5 f0 15 04 01 000c 01 01
   12 2016 322 17 30 06 842 0    1696.90415770       0.00000000  0  0 b5 f0 15 04 01 000c 01 01
   12 2016 322 17 30 07 842 0    1691.58763825       0.00000000  0  0 b5 f0 15 04 01 000c 01 01
   12 2016 322 17 30 08 842 0    1686.28056226       0.00000000  0  0 b5 f0 15 04 01 000c 01 01
   12 2016 322 17 30 09 842 0    1680.98248004       0.00000000  0  0 b5 f0 15 04 01 000c 01 01
   12 2016 322 17 30 10 842 0    1675.69384129       0.00000000  0  0 b5 f0 15 04 01 000c 01 01
   13 2016 322 17 30 11 842 0    1670.41509569       0.00000000  0  0 b5 f0 15 04 01 000d 01 01
   13 2016 322 17 30 12 842 0    1665.14579355       0.00000000  0  0 b5 f0 15 04 01 000d 01 01
   13 2016 322 17 30 13 842 0    1659.88653446       0.00000000  0  0 b5 f0 15 04 01 000d 01 01
   13 2016 322 17 30 14 842 0    1654.63671884       0.00000000  0  0 b5 f0 15 04 01 000d 01 01
   13 2016 322 17 30 15 842 0    1649.39724605       0.00000000  0  0 b5 f0 15 04 01 000d 01 01
   13 2016 322 17 30 16 842 0    1644.16766641       0.00000000  0  0 b5 f0 15 04 01 000d 01 01
   13 2016 322 17 30 17 842 0    1638.94797992       0.00000000  0  0 b5 f0 15 04 01 000d 01 01
   13 2016 322 17 30 18 842 0    1633.73863628       0.00000000  0  0 b5 f0 15 04 01 000d 01 01
   13 2016 322 17 30 19 842 0    1628.53948557       0.00000000  0  0 b5 f0 15 04 01 000d 01 01
   13 2016 322 17 30 20 842 0    1623.35112740       0.00000000  0  0 b5 f0 15 04 01 000d 01 01
   14 2016 322 17 30 21 842 0    1618.17311207       0.00000000  0  0 b5 f0 15 04 01 000e 01 01
   14 2016 322 17 30 22 842 0    1613.00588926       0.00000000  0  0 b5 f0 15 04 01 000e 01 01
   14 2016 322 17 30 23 842 0    1607.84945898       0.00000000  0  0 b5 f0 15 04 01 000e 01 01
   14 2016 322 17 30 24 842 0    1602.70382123       0.00000000  0  0 b5 f0 15 04 01 000e 01 01
   14 2016 322 17 30 25 842 0    1597.56897601       0.00000000  0  0 b5 f0 15 04 01 000e 01 01
   14 2016 322 17 30 26 842 0    1592.44552290       0.00000000  0  0 b5 f0 15 04 01 000e 01 01
   14 2016 322 17 30 27 842 0    1587.33331201       0.00000000  0  0 b5 f0 15 04 01 000e 01 01
   14 2016 322 17 30 28 842 0    1582.23234334       0.00000000  0  0 b5 f0 15 04 01 000e 01 01
   14 2016 322 17 30 29 842 0    1577.14261689       0.00000000  0  0 b5 f0 15 04 01 000e 01 01
   14 2016 322 17 30 30 842 0    1572.06473223       0.00000000  0  0 b5 f0 15 04 01 000e 01 01
   15 2016 322 17 30 31 842 0    1566.99838959       0.00000000  0  0 b5 f0 15 04 01 000f 01 01
   15 2016 322 17 30 32 842 0    1561.94388875       0.00000000  0  0 b5 f0 15 04 01 000f 01 01
   15 2016 322 17 30 33 842 0    1556.90152950       0.00000000  0  0 b5 f0 15 04 01 000f 01 01
   15 2016 322 17 30 34 842 0    1551.87101205       0.00000000  0  0 b5 f0 15 04 01 000f 01 01
   15 2016 322 17 30 35 842 0    1546.85248631       0.00000000  0  0 b5 f0 15 04 01 000f 01 01
   15 2016 322 17 30 36 842 0    1541.84640195       0.00000000  0  0 b5 f0 15 04 01 000f 01 01
   15 2016 322 17 30 37 842 0    1536.85260908       0.00000000  0  0 b5 f0 15 04 01 000f 01 01
   15 2016 322 17 30 38 842 0    1531.87155739       0.00000000  0  0 b5 f0 15 04 01 000f 01 01
   15 2016 322 17 30 39 842 0    1526.90324688       0.00000000  0  0 b5 f0 15 04 01 000f 01 01
   15 2016 322 17 30 40 842 0    1521.94767755       0.00000000  0  0 b5 f0 15 04 01 000f 01 01
   16 2016 322 17 30 41 842 0    1517.00484940       0.00000000  0  0 b5 f0 15 04 01 0010 01 01
   16 2016 322 17 30 42 842 0    1512.07536201       0.00000000  0  0 b5 f0 15 04 01 0010 01 01
   16 2016 322 17 30 43 842 0    1507.15906549       0.00000000  0  0 b5 f0 15 04 01 0010 01 01
   16 2016 322 17 30 44 842 0    1502.25595984       0.00000000  0  0 b5 f0 15 04 01 0010 01 01
   16 2016 322 17 30 45 842 0    1497.36649475       0.00000000  0  0 b5 f0 15 04 01 0010 01 01
   16 2016 322 17 30 46 842 0    1492.49037042       0.00000000  0  0 b5 f0 15 04 01 0010 01 01
   16 2016 322 17 30 47 842 0    1487.62773675       0.00000000  0  0 b5 f0 15 04 01 0010 01 01
   16 2016 322 17 30 48 842 0    1482.77949312       0.00000000  0  0 b5 f0 15 04 01 0010 01 01
   16 2016 322 17 30 49 842 0    1477.94503994       0.00000000  0  0 b5 f0 15 04 01 0010 01 01
   16 2016 322 17 30 50 842 0    1473.12482690       0.00000000  0  0 b5 f0 15 04 01 0010 01 01
   17 2016 322 17 30 51 842 0    1468.31900391       0.00000000  0  0 b5 f0 15 04 01 0011 01 01
   17 2016 322 17 30 52 842 0    1463.52787074       0.00000000  0  0 b5 f0 15 04 01 0011 01 01
   17 2016 322 17 30 53 842 0    1458.75112761       0.00000000  0  0 b5 f0 15 04 01 0011 01 01
   17 2016 322 17 30 54 842 0    1453.98922421       0.00000000  0  0 b5 f0 15 04 01 0011 01 01
   17 2016 322 17 30 55 842 0    1449.24201063       0.00000000  0  0 b5 f0 15 04 01 0011 01 01
   17 2016 322 17 30 56 842 0    1444.50978668       0.00000000  0  0 b5 f0 15 04 01 0011 01 01
   17 2016 322 17 30 57 842 0    1439.79285215       0.00000000  0  0 b5 f0 15 04 01 0011 01 01
   17 2016 322 17 30 58 842 0    1435.09150682       0.00000000  0  0 b5 f0 15 04 01 0011 01 01
   17 2016 322 17 30 59 842 0    1430.40545091       0.00000000  0  0 b5 f0 15 04 01 0011 01 01
   17 2016 322 17 31 00 842 0    1425.73513411       0.00000000  0  0 b5 f0 15 04 01 0011 01 01
   18 2016 322 17 31 01 842 0    1421.08085619       0.00000000  0  0 b5 f0 15 04 01 0012 01 01
   18 2016 322 17 31 02 842 0    1416.44231739       0.00000000  0  0 b5 f0 15 04 01 0012 01 01
   18 2016 322 17 31 03 842 0    1411.82026717       0.00000000  0  0 b5 f0 15 04 01 0012 01 01
   18 2016 322 17 31 04 842 0    1407.21425584       0.00000000  0  0 b5 f0 15 04 01 0012 01 01
   18 2016 322 17 31 05 842 0    1402.62488300       0.00000000  0  0 b5 f0 15 04 01 0012 01 01
   18 2016 322 17 31 06 842 0    1398.05214864       0.00000000  0  0 b5 f0 15 04 01 0012 01 01
   18 2016 322 17 31 07 842 0    1393.49635255       0.00000000  0  0 b5 f0 15 04 01 0012 01 01
   18 2016 322 17 31 08 842 0    1388.95734484       0.00000000  0  0 b5 f0 15 04 01 0012 01 01
   18 2016 322 17 31 09 842 0    1384.43557519       0.00000000  0  0 b5 f0 15 04 01 0012 01 01
   18 2016 322 17 31 10 842 0    1379.93119351       0.00000000  0  0 b5 f0 15 04 01 0012 01 01
   19 2016 322 17 31 11 842 0    1375.44434969       0.00000000  0  0 b5 f0 15 04 01 0013 01 01
   19 2016 322 17 31 12 842 0    1370.97504373       0.00000000  0  0 b5 f0 15 04 01 0013 01 01
   19 2016 322 17 31 13 842 0    1366.52387521       0.00000000  0  0 b5 f0 15 04 01 0013 01 01
   19 2016 322 17 31 14 842 0    1362.09069423       0.00000000  0  0 b5 f0 15 04 01 0013 01 01
   19 2016 322 17 31 15 842 0    1357.67565071       0.00000000  0  0 b5 f0 15 04 01 0013 01 01
   19 2016 322 17 31 16 842 0    1353.27934420       0.00000000  0  0 b5 f0 15 04 01 0013 01 01
   19 2016 322 17 31 17 842 0    1348.90147494       0.00000000  0  0 b5 f0 15 04 01 0013 01 01
   19 2016 322 17 31 18 842 0    1344.54234271       0.00000000  0  0 b5 f0 15 04 01 0013 01 01
   19 2016 322 17 31 19 842 0    1340.20194750       0.00000000  0  0 b5 f0 15 04 01 0013 01 01
   19 2016 322 17 31 20 842 0    1335.88103880       0.00000000  0  0 b5 f0 15 04 01 0013 01 01
   20 2016 322 17 31 21 842 0    1331.57961661       0.00000000  0  0 b5 f0 15 04 01 0014 01 01
   20 2016 322 17 31 22 842 0    1327.29738114       0.00000000  0  0 b5 f0 15 04 01 0014 01 01
   20 2016 322 17 31 23 842 0    1323.03493198       0.00000000  0  0 b5 f0 15 04 01 0014 01 01
   20 2016 322 17 31 24 842 0    1318.79271880       0.00000000  0  0 b5 f0 15 04 01 0014 01 01
   20 2016 322 17 31 25 842 0    1314.57044182       0.00000000  0  0 b5 f0 15 04 01 0014 01 01
   20 2016 322 17 31 26 842 0    1310.36855073       0.00000000  0  0 b5 f0 15 04 01 0014 01 01
   20 2016 322 17 31 27 842 0    1306.18704552       0.00000000  0  0 b5 f0 15 04 01 0014 01 01
   20 2016 322 17 31 28 842 0    1302.02652579       0.00000000  0  0 b5 f0 15 04 01 0014 01 01
   20 2016 322 17 31 29 842 0    1297.88684164       0.00000000  0  0 b5 f0 15 04 01 0014 01 01
   20 2016 322 17 31 30 842 0    1293.76829285       0.00000000  0  0 b5 f0 15 04 01 0014 01 01
   21 2016 322 17 31 31 842 0    1289.67102932       0.00000000  0  0 b5 f0 15 04 01 0015 01 01
   21 2016 322 17 31 32 842 0    1285.59520096       0.00000000  0  0 b5 f0 15 04 01 0015 01 01
   21 2016 322 17 31 33 842 0    1281.54095766       0.00000000  0  0 b5 f0 15 04 01 0015 01 01
   21 2016 322 17 31 34 842 0    1277.50844930       0.00000000  0  0 b5 f0 15 04 01 0015 01 01
   21 2016 322 17 31 35 842 0    1273.49812559       0.00000000  0  0 b5 f0 15 04 01 0015 01 01
   21 2016 322 17 31 36 842 0    1269.50968673       0.00000000  0  0 b5 f0 15 04 01 0015 01 01
   21 2016 322 17 31 37 842 0    1265.54388220       0.00000000  0  0 b5 f0 15 04 01 0015 01 01
   21 2016 322 17 31 38 842 0    1261.60056210       0.00000000  0  0 b5 f0 15 04 01 0015 01 01
   21 2016 322 17 31 39 842 0    1257.68047592       0.00000000  0  0 b5 f0 15 04 01 0015 01 01
   21 2016 322 17 31 40 842 0    1253.78392345       0.00000000  0  0 b5 f0 15 04 01 0015 01 01
   22 2016 322 17 31 41 842 0    1249.91120448       0.00000000  0  0 b5 f0 15 04 01 0016 01 01
   22 2016 322 17 31 42 842 0    1246.06291859       0.00000000  0  0 b5 f0 15 04 01 0016 01 01
   22 2016 322 17 31 43 842 0    1242.23921569       0.00000000  0  0 b5 f0 15 04 01 0016 01 01
   22 2016 322 17 31 44 842 0    1238.44099514       0.00000000  0  0 b5 f0 15 04 01 0016 01 01
   22 2016 322 17 31 45 842 0    1234.66750747       0.00000000  0  0 b5 f0 15 04 01 0016 01 01
   22 2016 322 17 31 46 842 0    1230.91755351       0.00000000  0  0 b5 f0 15 04 01 0016 01 01
   22 2016 322 17 31 47 842 0    1227.19218253       0.00000000  0  0 b5 f0 15 04 01 0016 01 01
   22 2016 322 17 31 48 842 0    1223.49124464       0.00000000  0  0 b5 f0 15 04 01 0016 01 01
   22 2016 322 17 31 49 842 0    1219.81563921       0.00000000  0  0 b5 f0 15 04 01 0016 01 01
   22 2016 322 17 31 50 842 0    1216.16611572       0.00000000  0  0 b5 f0 15 04 01 0016 01 01
   23 2016 322 17 31 51 842 0    1212.54267417       0.00000000  0  0 b5 f0 15 04 01 0017 01 01
   23 2016 322 17 31 52 842 0    1208.94501478       0.00000000  0  0 b5 f0 15 04 01 0017 01 01
   23 2016 322 17 31 53 842 0    1205.37343733       0.00000000  0  0 b5 f0 15 04 01 0017 01 01
   23 2016 322 17 31 54 842 0    1201.82854141       0.00000000  0  0 b5 f0 15 04 01 0017 01 01
   23 2016 322 17 31 55 842 0    1198.30987733       0.00000000  0  0 b5 f0 15 04 01 0017 01 01
   23 2016 322 17 31 56 842 0    1194.81819458       0.00000000  0  0 b5 f0 15 04 01 0017 01 01
   23 2016 322 17 31 57 842 0    1191.35364304       0.00000000  0  0 b5 f0 15 04 01 0017 01 01
   23 2016 322 17 31 58 842 0    1187.91682230       0.00000000  0  0 b5 f0 15 04 01 0017 01 01
   23 2016 322 17 31 59 842 0    1184.50758246       0.00000000  0  0 b5 f0 15 04 01 0017 01 01
   23 2016 322 17 32 00 842 0    1181.12637323       0.00000000  0  0 b5 f0 15 04 01 0017 01 01
   24 2016 322 17 32 01 842 0    1177.77334448       0.00000000  0  0 b5 f0 15 04 01 0018 01 01
   24 2016 322 17 32 02 842 0    1174.44864612       0.00000000  0  0 b5 f0 15 04 01 0018 01 01
   24 2016 322 17 32 03 842 0    1171.15257794       0.00000000  0  0 b5 f0 15 04 01 0018 01 01
   24 2016 322 17 32 04 842 0    1167.88558963       0.00000000  0  0 b5 f0 15 04 01 0018 01 01
   24 2016 322 17 32 05 842 0    1164.64753129       0.00000000  0  0 b5 f0 15 04 01 0018 01 01
   24 2016 322 17 32 06 842 0    1161.43915241       0.00000000  0  0 b5 f0 15 04 01 0018 01 01
   24 2016 322 17 32 07 842 0    1158.26030308       0.00000000  0  0 b5 f0 15 04 01 0018 01 01
   24 2016 322 17 32 08 842 0    1155.11173279       0.00000000  0  0 b5 f0 15 04 01 0018 01 01
   24 2016 322 17 32 09 842 0    1151.99314174       0.00000000  0  0 b5 f0 15 04 01 0018 01 01
   24 2016 322 17 32 10 842 0    1148.90497963       0.00000000  0  0 b5 f0 15 04 01 0018 01 01
   25 2016 322 17 32 11 842 0    1145.84754625       0.00000000  0  0 b5 f0 15 04 01 0019 01 01
   25 2016 322 17 32 12 842 0    1142.82099149       0.00000000  0  0 b5 f0 15 04 01 0019 01 01
   25 2016 322 17 32 13 842 0    1139.82561515       0.00000000  0  0 b5 f0 15 04 01 0019 01 01
   25 2016 322 17 32 14 842 0    1136.86186691       0.00000000  0  0 b5 f0 15 04 01 0019 01 01
   25 2016 322 17 32 15 842 0    1133.92974677       0.00000000  0  0 b5 f0 15 04 01 0019 01 01
   25 2016 322 17 32 16 842 0    1131.02940464       0.00000000  0  0 b5 f0 15 04 01 0019 01 01
   25 2016 322 17 32 17 842 0    1128.16114029       0.00000000  0  0 b5 f0 15 04 01 0019 01 01
   25 2016 322 17 32 18 842 0    1125.32555333       0.00000000  0  0 b5 f0 15 04 01 0019 01 01
   25 2016 322 17 32 19 842 0    1122.52249385       0.00000000  0  0 b5 f0 15 04 01 0019 01 01
   25 2016 322 17 32 20 842 0    1119.75226164       0.00000000  0  0 b5 f0 15 04 01 0019 01 01
   26 2016 322 17 32 21 842 0    1117.01515650       0.00000000  0  0 b5 f0 15 04 01 001a 01 01
   26 2016 322 17 32 22 842 0    1114.31162811       0.00000000  0  0 b5 f0 15 04 01 001a 01 01
   26 2016 322 17 32 23 842 0    1111.64167648       0.00000000  0  0 b5 f0 15 04 01 001a 01 01
   26 2016 322 17 32 24 842 0    1109.00560140       0.00000000  0  0 b5 f0 15 04 01 001a 01 01
   26 2016 322 17 32 25 842 0    1106.40370265       0.00000000  0  0 b5 f0 15 04 01 001a 01 01
   26 2016 322 17 32 26 842 0    1103.83642994       0.00000000  0  0 b5 f0 15 04 01 001a 01 01
   26 2016 322 17 32 27 842 0    1101.30318367       0.00000000  0  0 b5 f0 15 04 01 001a 01 01
   26 2016 322 17 32 28 842 0    1098.80516301       0.00000000  0  0 b5 f0 15 04 01 001a 01 01
   26 2016 322 17 32 29 842 0    1096.34206818       0.00000000  0  0 b5 f0 15 04 01 001a 01 01
   26 2016 322 17 32 30 842 0    1093.91419896       0.00000000  0  0 b5 f0 15 04 01 001a 01 01
   27 2016 322 17 32 31 842 0    1091.52200504       0.00000000  0  0 b5 f0 15 04 01 001b 01 01
   27 2016 322 17 32 32 842 0    1089.16578622       0.00000000  0  0 b5 f0 15 04 01 001b 01 01
   27 2016 322 17 32 33 842 0    1086.84539259       0.00000000  0  0 b5 f0 15 04 01 001b 01 01
   27 2016 322 17 32 34 842 0    1084.56097406       0.00000000  0  0 b5 f0 15 04 01 001b 01 01
   27 2016 322 17 32 35 842 0    1082.31298032       0.00000000  0  0 b5 f0 15 04 01 001b 01 01
   27 2016 322 17 32 36 842 0    1080.10186104       0.00000000  0  0 b5 f0 15 04 01 001b 01 01
   27 2016 322 17 32 37 842 0    1077.92776614       0.00000000  0  0 b5 f0 15 04 01 001b 01 01
   27 2016 322 17 32 38 842 0    1075.79114529       0.00000000  0  0 b5 f0 15 04 01 001b 01 01
   27 2016 322 17 32 39 842 0    1073.69169870       0.00000000  0  0 b5 f0 15 04 01 001b 01 01
   27 2016 322 17 32 40 842 0    1071.63032576       0.00000000  0  0 b5 f0 15 04 01 001b 01 01
   28 2016 322 17 32 41 842 0    1069.60702646       0.00000000  0  0 b5 f0 15 04 01 001c 01 01
   28 2016 322 17 32 42 842 0    1067.62299998       0.00000000  0  0 b5 f0 15 04 01 001c 01 01
   28 2016 322 17 32 43 842 0    1065.67809641       0.00000000  0  0 b5 f0 15 04 01 001c 01 01
   28 2016 322 17 32 44 842 0    1063.77186606       0.00000000  0  0 b5 f0 15 04 01 001c 01 01
   28 2016 322 17 32 45 842 0    1061.90385926       0.00000000  0  0 b5 f0 15 04 01 001c 01 01
   28 2016 322 17 32 46 842 0    1060.07437578       0.00000000  0  0 b5 f0 15 04 01 001c 01 01
   28 2016 322 17 32 47 842 0    1058.28371543       0.00000000  0  0 b5 f0 15 04 01 001c 01 01
   28 2016 322 17 32 48 842 0    1056.53247779       0.00000000  0  0 b5 f0 15 04 01 001c 01 01
   28 2016 322 17 32 49 842 0    1054.82081275       0.00000000  0  0 b5 f0 15 04 01 001c 01 01
   28 2016 322 17 32 50 842 0    1053.14872031       0.00000000  0  0 b5 f0 15 04 01 001c 01 01
   29 2016 322 17 32 51 842 0    1051.51680007       0.00000000  0  0 b5 f0 15 04 01 001d 01 01
   29 2016 322 17 32 52 842 0    1049.92460232       0.00000000  0  0 b5 f0 15 04 01 001d 01 01
   29 2016 322 17 32 53 842 0    1048.37287656       0.00000000  0  0 b5 f0 15 04 01 001d 01 01
   29 2016 322 17 32 54 842 0    1046.86162278       0.00000000  0  0 b5 f0 15 04 01 001d 01 01
   29 2016 322 17 32 55 842 0    1045.39114077       0.00000000  0  0 b5 f0 15 04 01 001d 01 01
   29 2016 322 17 32 56 842 0    1043.96158044       0.00000000  0  0 b5 f0 15 04 01 001d 01 01
   29 2016 322 17 32 57 842 0    1042.57279188       0.00000000  0  0 b5 f0 15 04 01 001d 01 01
   29 2016 322 17 32 58 842 0    1041.22507488       0.00000000  0  0 b5 f0 15 04 01 001d 01 01
   29 2016 322 17 32 59 842 0    1039.91902904       0.00000000  0  0 b5 f0 15 04 01 001d 01 01
   29 2016 322 17 33 00 842 0    1038.65435455       0.00000000  0  0 b5 f0 15 04 01 001d 01 01
   30 2016 322 17 33 01 842 0    1037.43120132       0.00000000  0  0 b5 f0 15 04 01 001e 01 01
   30 2016 322 17 33 02 842 0    1036.24986914       0.00000000  0  0 b5 f0 15 04 01 001e 01 01
   30 2016 322 17 33 03 842 0    1035.11080770       0.00000000  0  0 b5 f0 15 04 01 001e 01 01
   30 2016 322 17 33 04 842 0    1034.01371720       0.00000000  0  0 b5 f0 15 04 01 001e 01 01
   30 2016 322 17 33 05 842 0    1032.95874754       0.00000000  0  0 b5 f0 15 04 01 001e 01 01
   30 2016 322 17 33 06 842 0    1031.94634841       0.00000000  0  0 b5 f0 15 04 01 001e 01 01
   30 2016 322 17 33 07 842 0    1030.97636991       0.00000000  0  0 b5 f0 15 04 01 001e 01 01
   30 2016 322 17 33 08 842 0    1030.04881205       0.00000000  0  0 b5 f0 15 04 01 001e 01 01
   30 2016 322 17 33 09 842 0    1029.16427440       0.00000000  0  0 b5 f0 15 04 01 001e 01 01
   30 2016 322 17 33 10 842 0    1028.32230728       0.00000000  0  0 b5 f0 15 04 01 001e 01 01
   31 2016 322 17 33 11 842 0    1027.52336038       0.00000000  0  0 b5 f0 15 04 01 001f 01 01
   31 2016 322 17 33 12 842 0    1026.76788339       0.00000000  0  0 b5 f0 15 04 01 001f 01 01
   31 2016 322 17 33 13 842 0    1026.05497692       0.00000000  0  0 b5 f0 15 04 01 001f 01 01
   31 2016 322 17 33 14 842 0    1025.38539047       0.00000000  0  0 b5 f0 15 04 01 001f 01 01
   31 2016 322 17 33 15 842 0    1024.75927392       0.00000000  0  0 b5 f0 15 04 01 001f 01 01
   31 2016 322 17 33 16 842 0    1024.17647738       0.00000000  0  0 b5 f0 15 04 01 001f 01 01
   31 2016 322 17 33 17 842 0    1023.63745054       0.00000000  0  0 b5 f0 15 04 01 001f 01 01
   31 2016 322 17 33 18 842 0    1023.14129402       0.00000000  0  0 b5 f0 15 04 01 001f 01 01
   31 2016 322 17 33 19 842 0    1022.68935689       0.00000000  0  0 b5 f0 15 04 01 001f 01 01
   31 2016 322 17 33 20 842 0    1022.28118946       0.00000000  0  0 b5 f0 15 04 01 001f 01 01
   32 2016 322 17 33 21 842 0    1021.91649193       0.00000000  0  0 b5 f0 15 04 01 0020 01 01
   32 2016 322 17 33 22 842 0    1021.59541421       0.00000000  0  0 b5 f0 15 04 01 0020 01 01
   32 2016 322 17 33 23 842 0    1021.31810619       0.00000000  0  0 b5 f0 15 04 01 0020 01 01
   32 2016 322 17 33 24 842 0    1021.08486766       0.00000000  0  0 b5 f0 15 04 01 0020 01 01
   32 2016 322 17 33 25 842 0    1020.89524893       0.00000000  0  0 b5 f0 15 04 01 0020 01 01
   32 2016 322 17 33 26 842 0    1020.74984958       0.00000000  0  0 b5 f0 15 04 01 0020 01 01
   32 2016 322 17 33 27 842 0    1020.64821994       0.00000000  0  0 b5 f0 15 04 01 0020 01 01
   32 2016 322 17 33 28 842 0    1020.59065979       0.00000000  0  0 b5 f0 15 04 01 0020 01 01
   32 2016 322 17 33 29 842 0    1020.57701923       0.00000000  0  0 b5 f0 15 04 01 0020 01 01
   32 2016 322 17 33 30 842 0    1020.60699848       0.00000000  0  0 b5 f0 15 04 01 0020 01 01
   33 2016 322 17 33 31 842 0    1020.68134701       0.00000000  0  0 b5 f0 15 04 01 0021 01 01
   33 2016 322 17 33 32 842 0    1020.79946524       0.00000000  0  0 b5 f0 15 04 01 0021 01 01
   33 2016 322 17 33 33 842 0    1020.96135316       0.00000000  0  0 b5 f0 15 04 01 0021 01 01
   33 2016 322 17 33 34 842 0    1021.16731058       0.00000000  0  0 b5 f0 15 04 01 0021 01 01
   33 2016 322 17 33 35 842 0    1021.41688780       0.00000000  0  0 b5 f0 15 04 01 0021 01 01
   33 2016 322 17 33 36 842 0    1021.71068441       0.00000000  0  0 b5 f0 15 04 01 0021 01 01
   33 2016 322 17 33 37 842 0    1022.04840062       0.00000000  0  0 b5 f0 15 04 01 0021 01 01
   33 2016 322 17 33 38 842 0    1022.42958673       0.00000000  0  0 b5 f0 15 04 01 0021 01 01
   33 2016 322 17 33 39 842 0    1022.85469243       0.00000000  0  0 b5 f0 15 04 01 0021 01 01
   33 2016 322 17 33 40 842 0    1023.32311815       0.00000000  0  0 b5 f0 15 04 01 0021 01 01
   34 2016 322 17 33 41 842 0    1023.83531356       0.00000000  0  0 b5 f0 15 04 01 0022 01 01
   34 2016 322 17 33 42 842 0    1024.39097888       0.00000000  0  0 b5 f0 15 04 01 0022 01 01
   34 2016 322 17 33 43 842 0    1024.98981432       0.00000000  0  0 b5 f0 15 04 01 0022 01 01
   34 2016 322 17 33 44 842 0    1025.63211966       0.00000000  0  0 b5 f0 15 04 01 0022 01 01
   34 2016 322 17 33 45 842 0    1026.31774501       0.00000000  0  0 b5 f0 15 04 01 0022 01 01
   34 2016 322 17 33 46 842 0    1027.04684027       0.00000000  0  0 b5 f0 15 04 01 0022 01 01
   34 2016 322 17 33 47 842 0    1027.81880585       0.00000000  0  0 b5 f0 15 04 01 0022 01 01
   34 2016 322 17 33 48 842 0    1028.63409144       0.00000000  0  0 b5 f0 15 04 01 0022 01 01
   34 2016 322 17 33 49 842 0    1029.49194756       0.00000000  0  0 b5 f0 15 04 01 0022 01 01
   34 2016 322 17 33 50 842 0    1030.39267400       0.00000000  0  0 b5 f0 15 04 01 0022 01 01
   35 2016 322 17 33 51 842 0    1031.33627076       0.00000000  0  0 b5 f0 15 04 01 0023 01 01
   35 2016 322 17 33 52 842 0    1032.32228815       0.00000000  0  0 b5 f0 15 04 01 0023 01 01
   35 2016 322 17 33 53 842 0    1033.35087607       0.00000000  0  0 b5 f0 15 04 01 0023 01 01
   35 2016 322 17 33 54 842 0    1034.42158484       0.00000000  0  0 b5 f0 15 04 01 0023 01 01
   35 2016 322 17 33 55 842 0    1035.53426455       0.00000000  0  0 b5 f0 15 04 01 0023 01 01
   35 2016 322 17 33 56 842 0    1036.68921499       0.00000000  0  0 b5 f0 15 04 01 0023 01 01
   35 2016 322 17 33 57 842 0    1037.88628628       0.00000000  0  0 b5 f0 15 04 01 0023 01 01
   35 2016 322 17 33 58 842 0    1039.12502871       0.00000000  0  0 b5 f0 15 04 01 0023 01 01
   35 2016 322 17 33 59 842 0    1040.40529240       0.00000000  0  0 b5 f0 15 04 01 0023 01 01
   35 2016 322 17 34 00 842 0    1041.72707735       0.00000000  0  0 b5 f0 15 04 01 0023 01 01
   36 2016 322 17 34 01 842 0    1043.09023366       0.00000000  0  0 b5 f0 15 04 01 0024 01 01
   36 2016 322 17 34 02 842 0    1044.49446153       0.00000000  0  0 b5 f0 15 04 01 0024 01 01
   36 2016 322 17 34 03 842 0    1045.93961107       0.00000000  0  0 b5 f0 15 04 01 0024 01 01
   36 2016 322 17 34 04 842 0    1047.42583219       0.00000000  0  0 b5 f0 15 04 01 0024 01 01
   36 2016 322 17 34 05 842 0    1048.95267517       0.00000000  0  0 b5 f0 15 04 01 0024 01 01
   36 2016 322 17 34 06 842 0    1050.51969035       0.00000000  0  0 b5 f0 15 04 01 0024 01 01
   36 2016 322 17 34 07 842 0    1052.12717751       0.00000000  0  0 b5 f0 15 04 01 0024 01 01
   36 2016 322 17 34 08 842 0    1053.77468696       0.00000000  0  0 b5 f0 15 04 01 0024 01 01
   36 2016 322 17 34 09 842 0    1055.46221871       0.00000000  0  0 b5 f0 15 04 01 0024 01 01
   36 2016 322 17 34 10 842 0    1057.18947296       0.00000000  0  0 b5 f0 15 04 01 0024 01 01
   37 2016 322 17 34 11 842 0    1058.95614991       0.00000000  0  0 b5 f0 15 04 01 0025 01 01
   37 2016 322 17 34 12 842 0    1060.76224958       0.00000000  0  0 b5 f0 15 04 01 0025 01 01
   37 2016 322 17 34 13 842 0    1062.60732226       0.00000000  0  0 b5 f0 15 04 01 0025 01 01
   37 2016 322 17 34 14 842 0    1064.49106817       0.00000000  0  0 b5 f0 15 04 01 0025 01 01
   37 2016 322 17 34 15 842 0    1066.41363720       0.00000000  0  0 b5 f0 15 04 01 0025 01 01
   37 2016 322 17 34 16 842 0    1068.37457967       0.00000000  0  0 b5 f0 15 04 01 0025 01 01
   37 2016 322 17 34 17 842 0    1070.37389557       0.00000000  0  0 b5 f0 15 04 01 0025 01 01
   37 2016 322 17 34 18 842 0    1072.41173480       0.00000000  0  0 b5 f0 15 04 01 0025 01 01
   37 2016 322 17 34 19 842 0    1074.48674830       0.00000000  0  0 b5 f0 15 04 01 0025 01 01
   37 2016 322 17 34 20 842 0    1076.59968555       0.00000000  0  0 b5 f0 15 04 01 0025 01 01
   38 2016 322 17 34 21 842 0    1078.74979706       0.00000000  0  0 b5 f0 15 04 01 0026 01 01
   38 2016 322 17 34 22 842 0    1080.93708283       0.00000000  0  0 b5 f0 15 04 01 0026 01 01
   38 2016 322 17 34 23 842 0    1083.16109318       0.00000000  0  0 b5 f0 15 04 01 0026 01 01
   38 2016 322 17 34 24 842 0    1085.42197800       0.00000000  0  0 b5 f0 15 04 01 0026 01 01
   38 2016 322 17 34 25 842 0    1087.71943750       0.00000000  0  0 b5 f0 15 04 01 0026 01 01
   38 2016 322 17 34 26 842 0    1090.05302200       0.00000000  0  0 b5 f0 15 04 01 0026 01 01
   38 2016 322 17 34 27 842 0    1092.42273148       0.00000000  0  0 b5 f0 15 04 01 0026 01 01
   38 2016 322 17 34 28 842 0    1094.82826616       0.00000000  0  0 b5 f0 15 04 01 0026 01 01
   38 2016 322 17 34 29 842 0    1097.26917636       0.00000000  0  0 b5 f0 15 04 01 0026 01 01
   38 2016 322 17 34 30 842 0    1099.74531216       0.00000000  0  0 b5 f0 15 04 01 0026 01 01
   39 2016 322 17 34 31 842 0    1102.25652369       0.00000000  0  0 b5 f0 15 04 01 0027 01 01
   39 2016 322 17 34 32 842 0    1104.80236124       0.00000000  0  0 b5 f0 15 04 01 0027 01 01
   39 2016 322 17 34 33 842 0    1107.38297472       0.00000000  0  0 b5 f0 15 04 01 0027 01 01
   39 2016 322 17 34 34 842 0    1109.99791443       0.00000000  0  0 b5 f0 15 04 01 0027 01 01
   39 2016 322 17 34 35 842 0    1112.64703049       0.00000000  0  0 b5 f0 15 04 01 0027 01 01
   39 2016 322 17 34 36 842 0    1115.32957340       0.00000000  0  0 b5 f0 15 04 01 0027 01 01
   39 2016 322 17 34 37 842 0    1118.04599287       0.00000000  0  0 b5 f0 15 04 01 0027 01 01
   39 2016 322 17 34 38 842 0    1120.79568929       0.00000000  0  0 b5 f0 15 04 01 0027 01 01
   39 2016 322 17 34 39 842 0    1123.57836289       0.00000000  0  0 b5 f0 15 04 01 0027 01 01
   39 2016 322 17 34 40 842 0    1126.39386375       0.00000000  0  0 b5 f0 15 04 01 0027 01 01
   40 2016 322 17 34 41 842 0    1129.24219190       0.00000000  0  0 b5 f0 15 04 01 0028 01 01
   40 2016 322 17 34 42 842 0    1132.12274773       0.00000000  0  0 b5 f0 15 04 01 0028 01 01
   40 2016 322 17 34 43 842 0    1135.03553125       0.00000000  0  0 b5 f0 15 04 01 0028 01 01
   40 2016 322 17 34 44 842 0    1137.97994288       0.00000000  0  0 b5 f0 15 04 01 0028 01 01
   40 2016 322 17 34 45 842 0    1140.95598261       0.00000000  0  0 b5 f0 15 04 01 0028 01 01
   40 2016 322 17 34 46 842 0    1143.96544920       0.00000000  0  0 b5 f0 15 04 01 0028 01 01
   40 2016 322 17 34 47 842 0    1147.00324618       0.00000000  0  0 b5 f0 15 04 01 0028 01 01
   40 2016 322 17 34 48 842 0    1150.07162198       0.00000000  0  0 b5 f0 15 04 01 0028 01 01
   40 2016 322 17 34 49 842 0    1153.17117621       0.00000000  0  0 b5 f0 15 04 01 0028 01 01
   40 2016 322 17 34 50 842 0    1156.30160905       0.00000000  0  0 b5 f0 15 04 01 0028 01 01
   41 2016 322 17 34 51 842 0    1159.46232094       0.00000000  0  0 b5 f0 15 04 01 0029 01 01
   41 2016 322 17 34 52 842 0    1162.65271228       0.00000000  0  0 b5 f0 15 04 01 0029 01 01
   41 2016 322 17 34 53 842 0    1165.87278307       0.00000000  0  0 b5 f0 15 04 01 0029 01 01
   41 2016 322 17 34 54 842 0    1169.12208362       0.00000000  0  0 b5 f0 15 04 01 0029 01 01
   41 2016 322 17 34 55 842 0    1172.40061394       0.00000000  0  0 b5 f0 15 04 01 0029 01 01
   41 2016 322 17 34 56 842 0    1175.70777444       0.00000000  0  0 b5 f0 15 04 01 0029 01 01
   41 2016 322 17 34 57 842 0    1179.04386492       0.00000000  0  0 b5 f0 15 04 01 0029 01 01
   41 2016 322 17 34 58 842 0    1182.40813588       0.00000000  0  0 b5 f0 15 04 01 0029 01 01
   41 2016 322 17 34 59 842 0    1185.80058734       0.00000000  0  0 b5 f0 15 04 01 0029 01 01
   41 2016 322 17 35 00 842 0    1189.22076959       0.00000000  0  0 b5 f0 15 04 01 0029 01 01
   42 2016 322 17 35 01 842 0    1192.66853276       0.00000000  0  0 b5 f0 15 04 01 002a 01 01
   42 2016 322 17 35 02 842 0    1196.14387683       0.00000000  0  0 b5 f0 15 04 01 002a 01 01
   42 2016 322 17 35 03 842 0    1199.64620222       0.00000000  0  0 b5 f0 15 04 01 002a 01 01
   42 2016 322 17 35 04 842 0    1203.17565882       0.00000000  0  0 b5 f0 15 04 01 002a 01 01
   42 2016 322 17 35 05 842 0    1206.73164706       0.00000000  0  0 b5 f0 15 04 01 002a 01 01
   42 2016 322 17 35 06 842 0    1210.31401704       0.00000000  0  0 b5 f0 15 04 01 002a 01 01
   42 2016 322 17 35 07 842 0    1213.92246896       0.00000000  0  0 b5 f0 15 04 01 002a 01 01
   42 2016 322 17 35 08 842 0    1217.55700283       0.00000000  0  0 b5 f0 15 04 01 002a 01 01
   42 2016 322 17 35 09 842 0    1221.21731884       0.00000000  0  0 b5 f0 15 04 01 002a 01 01
   42 2016 322 17 35 10 842 0    1224.90326711       0.00000000  0  0 b5 f0 15 04 01 002a 01 01
   43 2016 322 17 35 11 842 0    1228.61469774       0.00000000  0  0 b5 f0 15 04 01 002b 01 01
   43 2016 322 17 35 12 842 0    1232.35086125       0.00000000  0  0 b5 f0 15 04 01 002b 01 01
   43 2016 322 17 35 13 842 0    1236.11190753       0.00000000  0  0 b5 f0 15 04 01 002b 01 01
   43 2016 322 17 35 14 842 0    1239.89723700       0.00000000  0  0 b5 f0 15 04 01 002b 01 01
   43 2016 322 17 35 15 842 0    1243.70699956       0.00000000  0  0 b5 f0 15 04 01 002b 01 01
   43 2016 322 17 35 16 842 0    1247.54089541       0.00000000  0  0 b5 f0 15 04 01 002b 01 01
   43 2016 322 17 35 17 842 0    1251.39877466       0.00000000  0  0 b5 f0 15 04 01 002b 01 01
   43 2016 322 17 35 18 842 0    1255.28018761       0.00000000  0  0 b5 f0 15 04 01 002b 01 01
   43 2016 322 17 35 19 842 0    1259.18513427       0.00000000  0  0 b5 f0 15 04 01 002b 01 01
   43 2016 322 17 35 20 842 0    1263.11316495       0.00000000  0  0 b5 f0 15 04 01 002b 01 01
   44 2016 322 17 35 21 842 0    1267.06427965       0.00000000  0  0 b5 f0 15 04 01 002c 01 01
   44 2016 322 17 35 22 842 0    1271.03802868       0.00000000  0  0 b5 f0 15 04 01 002c 01 01
   44 2016 322 17 35 23 842 0    1275.03456194       0.00000000  0  0 b5 f0 15 04 01 002c 01 01
   44 2016 322 17 35 24 842 0    1279.05327984       0.00000000  0  0 b5 f0 15 04 01 002c 01 01
   44 2016 322 17 35 25 842 0    1283.09403248       0.00000000  0  0 b5 f0 15 04 01 002c 01 01
   44 2016 322 17 35 26 842 0    1287.15681988       0.00000000  0  0 b5 f0 15 04 01 002c 01 01
   44 2016 322 17 35 27 842 0    1291.24134222       0.00000000  0  0 b5 f0 15 04 01 002c 01 01
   44 2016 322 17 35 28 842 0    1295.34729972       0.00000000  0  0 b5 f0 15 04 01 002c 01 01
   44 2016 322 17 35 29 842 0    1299.47469239       0.00000000  0  0 b5 f0 15 04 01 002c 01 01
   44 2016 322 17 35 30 842 0    1303.62292063       0.00000000  0  0 b5 f0 15 04 01 002c 01 01
   45 2016 322 17 35 31 842 0    1307.79213434       0.00000000  0  0 b5 f0 15 04 01 002d 01 01
   45 2016 322 17 35 32 842 0    1311.98203374       0.00000000  0  0 b5 f0 15 04 01 002d 01 01
   45 2016 322 17 35 33 842 0    1316.19246891       0.00000000  0  0 b5 f0 15 04 01 002d 01 01
   45 2016 322 17 35 34 842 0    1320.42314008       0.00000000  0  0 b5 f0 15 04 01 002d 01 01
   45 2016 322 17 35 35 842 0    1324.67374745       0.00000000  0  0 b5 f0 15 04 01 002d 01 01
   45 2016 322 17 35 36 842 0    1328.94369143       0.00000000  0  0 b5 f0 15 04 01 002d 01 01
   45 2016 322 17 35 37 842 0    1333.23372150       0.00000000  0  0 b5 f0 15 04 01 002d 01 01
   45 2016 322 17 35 38 842 0    1337.54353788       0.00000000  0  0 b5 f0 15 04 01 002d 01 01
   45 2016 322 17 35 39 842 0    1341.87269087       0.00000000  0  0 b5 f0 15 04 01 002d 01 01
   45 2016 322 17 35 40 842 0    1346.22088068       0.00000000  0  0 b5 f0 15 04 01 002d 01 01
   46 2016 322 17 35 41 842 0    1350.58810731       0.00000000  0  0 b5 f0 15 04 01 002e 01 01
   46 2016 322 17 35 42 842 0    1354.97392107       0.00000000  0  0 b5 f0 15 04 01 002e 01 01
   46 2016 322 17 35 43 842 0    1359.37847187       0.00000000  0  0 b5 f0 15 04 01 002e 01 01
   46 2016 322 17 35 44 842 0    1363.80116010       0.00000000  0  0 b5 f0 15 04 01 002e 01 01
   46 2016 322 17 35 45 842 0    1368.24213568       0.00000000  0  0 b5 f0 15 04 01 002e 01 01
   46 2016 322 17 35 46 842 0    1372.70109880       0.00000000  0  0 b5 f0 15 04 01 002e 01 01
   46 2016 322 17 35 47 842 0    1377.17849916       0.00000000  0  0 b5 f0 15 04 01 002e 01 01
   46 2016 322 17 35 48 842 0    1381.67298769       0.00000000  0  0 b5 f0 15 04 01 002e 01 01
   46 2016 322 17 35 49 842 0    1386.18471429       0.00000000  0  0 b5 f0 15 04 01 002e 01 01
   46 2016 322 17 35 50 842 0    1390.71382885       0.00000000  0  0 b5 f0 15 04 01 002e 01 01
   47 2016 322 17 35 51 842 0    1395.26003158       0.00000000  0  0 b5 f0 15 04 01 002f 01 01
   47 2016 322 17 35 52 842 0    1399.82317258       0.00000000  0  0 b5 f0 15 04 01 002f 01 01
   47 2016 322 17 35 53 842 0    1404.40325186       0.00000000  0  0 b5 f0 15 04 01 002f 01 01
   47 2016 322 17 35 54 842 0    1408.99966983       0.00000000  0  0 b5 f0 15 04 01 002f 01 01
   47 2016 322 17 35 55 842 0    1413.61272627       0.00000000  0  0 b5 f0 15 04 01 002f 01 01
   47 2016 322 17 35 56 842 0    1418.24137193       0.00000000  0  0 b5 f0 15 04 01 002f 01 01
   47 2016 322 17 35 57 842 0    1422.88635627       0.00000000  0  0 b5 f0 15 04 01 002f 01 01
   47 2016 322 17 35 58 842 0    1427.54767931       0.00000000  0  0 b5 f0 15 04 01 002f 01 01
   47 2016 322 17 35 59 842 0    1432.22474144       0.00000000  0  0 b5 f0 15 04 01 002f 01 01
   47 2016 322 17 36 00 842 0    1436.91754268       0.00000000  0  0 b5 f0 15 04 01 002f 01 01
   48 2016 322 17 36 01 842 0    1441.62563334       0.00000000  0  0 b5 f0 15 04 01 0030 01 01
   48 2016 322 17 36 02 842 0    1446.34916331       0.00000000  0  0 b5 f0 15 04 01 0030 01 01
   48 2016 322 17 36 03 842 0    1451.08768290       0.00000000  0  0 b5 f0 15 04 01 0030 01 01
   48 2016 322 17 36 04 842 0    1455.84149191       0.00000000  0  0 b5 f0 15 04 01 0030 01 01
   48 2016 322 17 36 05 842 0    1460.60999074       0.00000000  0  0 b5 f0 15 04 01 0030 01 01
   48 2016 322 17 36 06 842 0    1465.39317941       0.00000000  0  0 b5 f0 15 04 01 0030 01 01
   48 2016 322 17 36 07 842 0    1470.19105791       0.00000000  0  0 b5 f0 15 04 01 0030 01 01
   48 2016 322 17 36 08 842 0    1475.00317655       0.00000000  0  0 b5 f0 15 04 01 0030 01 01
   48 2016 322 17 36 09 842 0    1479.82953533       0.00000000  0  0 b5 f0 15 04 01 0030 01 01
   48 2016 322 17 36 10 842 0    1484.66998436       0.00000000  0  0 b5 f0 15 04 01 0030 01 01
   49 2016 322 17 36 11 842 0    1489.52437373       0.00000000  0  0 b5 f0 15 04 01 0031 01 01
   49 2016 322 17 36 12 842 0    1494.39255356       0.00000000  0  0 b5 f0 15 04 01 0031 01 01
   49 2016 322 17 36 13 842 0    1499.27467374       0.00000000  0  0 b5 f0 15 04 01 0031 01 01
   49 2016 322 17 36 14 842 0    1504.17013468       0.00000000  0  0 b5 f0 15 04 01 0031 01 01
   49 2016 322 17 36 15 842 0    1509.07923618       0.00000000  0  0 b5 f0 15 04 01 0031 01 01
   49 2016 322 17 36 16 842 0    1514.00152855       0.00000000  0  0 b5 f0 15 04 01 0031 01 01
   49 2016 322 17 36 17 842 0    1518.93701179       0.00000000  0  0 b5 f0 15 04 01 0031 01 01
   49 2016 322 17 36 18 842 0    1523.88553600       0.00000000  0  0 b5 f0 15 04 01 0031 01 01
   49 2016 322 17 36 19 842 0    1528.84695128       0.00000000  0  0 b5 f0 15 04 01 0031 01 01
   49 2016 322 17 36 20 842 0    1533.82095785       0.00000000  0  0 b5 f0 15 04 01 0031 01 01
   50 2016 322 17 36 21 842 0    1538.80770559       0.00000000  0  0 b5 f0 15 04 01 0032 01 01
   50 2016 322 17 36 22 842 0    1543.80689473       0.00000000  0  0 b5 f0 15 04 01 0032 01 01
   50 2016 322 17 36 23 842 0    1548.81852525       0.00000000  0  0 b5 f0 15 04 01 0032 01 01
   50 2016 322 17 36 24 842 0    1553.84229736       0.00000000  0  0 b5 f0 15 04 01 0032 01 01
   50 2016 322 17 36 25 842 0    1558.87836097       0.00000000  0  0 b5 f0 15 04 01 0032 01 01
   50 2016 322 17 36 26 842 0    1563.92626637       0.00000000  0  0 b5 f0 15 04 01 0032 01 01
   50 2016 322 17 36 27 842 0    1568.98631338       0.00000000  0  0 b5 f0 15 04 01 0032 01 01
   50 2016 322 17 36 28 842 0    1574.05790239       0.00000000  0  0 b5 f0 15 04 01 0032 01 01
   50 2016 322 17 36 29 842 0    1579.14118331       0.00000000  0  0 b5 f0 15 04 01 0032 01 01
   50 2016 322 17 36 30 842 0    1584.23615613       0.00000000  0  0 b5 f0 15 04 01 0032 01 01
   51 2016 322 17 36 31 842 0    1589.34252107       0.00000000  0  0 b5 f0 15 04 01 0033 01 01
   51 2016 322 17 36 32 842 0    1594.45997833       0.00000000  0  0 b5 f0 15 04 01 0033 01 01
   51 2016 322 17 36 33 842 0    1599.58867780       0.00000000  0  0 b5 f0 15 04 01 0033 01 01
   51 2016 322 17 36 34 842 0    1604.72846960       0.00000000  0  0 b5 f0 15 04 01 0033 01 01
   51 2016 322 17 36 35 842 0    1609.87920382       0.00000000  0  0 b5 f0 15 04 01 0033 01 01
   51 2016 322 17 36 36 842 0    1615.04088046       0.00000000  0  0 b5 f0 15 04 01 0033 01 01
   51 2016 322 17 36 37 842 0    1620.21304985       0.00000000  0  0 b5 f0 15 04 01 0033 01 01
   51 2016 322 17 36 38 842 0    1625.39601176       0.00000000  0  0 b5 f0 15 04 01 0033 01 01
   51 2016 322 17 36 39 842 0    1630.58946640       0.00000000  0  0 b5 f0 15 04 01 0033 01 01
   51 2016 322 17 36 40 842 0    1635.79341378       0.00000000  0  0 b5 f0 15 04 01 0033 01 01
   52 2016 322 17 36 41 842 0    1641.00755411       0.00000000  0  0 b5 f0 15 04 01 0034 01 01
   52 2016 322 17 36 42 842 0    1646.23173748       0.00000000  0  0 b5 f0 15 04 01 0034 01 01
   52 2016 322 17 36 43 842 0    1651.46641359       0.00000000  0  0 b5 f0 15 04 01 0034 01 01
   52 2016 322 17 36 44 842 0    1656.71068306       0.00000000  0  0 b5 f0 15 04 01 0034 01 01
   52 2016 322 17 36 45 842 0    1661.96499558       0.00000000  0  0 b5 f0 15 04 01 0034 01 01
   52 2016 322 17 36 46 842 0    1667.22920124       0.00000000  0  0 b5 f0 15 04 01 0034 01 01
   52 2016 322 17 36 47 842 0    1672.50330006       0.00000000  0  0 b5 f0 15 04 01 0034 01 01
   52 2016 322 17 36 48 842 0    1677.78699223       0.00000000  0  0 b5 f0 15 04 01 0034 01 01
   52 2016 322 17 36 49 842 0    1683.08042767       0.00000000  0  0 b5 f0 15 04 01 0034 01 01
   52 2016 322 17 36 50 842 0    1688.38300677       0.00000000  0  0 b5 f0 15 04 01 0034 01 01
   53 2016 322 17 36 51 842 0    1693.69517923       0.00000000  0  0 b5 f0 15 04 01 0035 01 01
   53 2016 322 17 36 52 842 0    1699.01649536       0.00000000  0  0 b5 f0 15 04 01 0035 01 01
   53 2016 322 17 36 53 842 0    1704.34710505       0.00000000  0  0 b5 f0 15 04 01 0035 01 01
   53 2016 322 17 36 54 842 0    1709.68670852       0.00000000  0  0 b5 f0 15 04 01 0035 01 01
   53 2016 322 17 36 55 842 0    1715.03530576       0.00000000  0  0 b5 f0 15 04 01 0035 01 01
   53 2016 322 17 36 56 842 0    1720.39289678       0.00000000  0  0 b5 f0 15 04 01 0035 01 01
   53 2016 322 17 36 57 842 0    1725.75948157       0.00000000  0  0 b5 f0 15 04 01 0035 01 01
   53 2016 322 17 36 58 842 0    1731.13476034       0.00000000  0  0 b5 f0 15 04 01 0035 01 01
   53 2016 322 17 36 59 842 0    1736.51888299       0.00000000  0  0 b5 f0 15 04 01 0035 01 01
   53 2016 322 17 37 00 842 0    1741.91139983       0.00000000  0  0 b5 f0 15 04 01 0035 01 01
   54 2016 322 17 37 01 842 0    1747.31246075       0.00000000  0  0 b5 f0 15 04 01 0036 01 01
   54 2016 322 17 37 02 842 0    1752.72161607       0.00000000  0  0 b5 f0 15 04 01 0036 01 01
   54 2016 322 17 37 03 842 0    1758.13931548       0.00000000  0  0 b5 f0 15 04 01 0036 01 01
   54 2016 322 17 37 04 842 0    1763.56495938       0.00000000  0  0 b5 f0 15 04 01 0036 01 01
   54 2016 322 17 37 05 842 0    1768.99869768       0.00000000  0  0 b5 f0 15 04 01 0036 01 01
   54 2016 322 17 37 06 842 0    1774.44053038       0.00000000  0  0 b5 f0 15 04 01 0036 01 01
   54 2016 322 17 37 07 842 0    1779.89030758       0.00000000  0  0 b5 f0 15 04 01 0036 01 01
   54 2016 322 17 37 08 842 0    1785.34787938       0.00000000  0  0 b5 f0 15 04 01 0036 01 01
   54 2016 322 17 37 09 842 0    1790.81324579       0.00000000  0  0 b5 f0 15 04 01 0036 01 01
   54 2016 322 17 37 10 842 0    1796.28625690       0.00000000  0  0 b5 f0 15 04 01 0036 01 01
   55 2016 322 17 37 11 842 0    1801.76706262       0.00000000  0  0 b5 f0 15 04 01 0037 01 01
   55 2016 322 17 37 12 842 0    1807.25536315       0.00000000  0  0 b5 f0 15 04 01 0037 01 01
   55 2016 322 17 37 13 842 0    1812.75100859       0.00000000  0  0 b5 f0 15 04 01 0037 01 01
   55 2016 322 17 37 14 842 0    1818.25414885       0.00000000  0  0 b5 f0 15 04 01 0037 01 01
   55 2016 322 17 37 15 842 0    1823.76463402       0.00000000  0  0 b5 f0 15 04 01 0037 01 01
   55 2016 322 17 37 16 842 0    1829.28246410       0.00000000  0  0 b5 f0 15 04 01 0037 01 01
   55 2016 322 17 37 17 842 0    1834.80748921       0.00000000  0  0 b5 f0 15 04 01 0037 01 01
   55 2016 322 17 37 18 842 0    1840.33940954       0.00000000  0  0 b5 f0 15 04 01 0037 01 01
   55 2016 322 17 37 19 842 0    1845.87852489       0.00000000  0  0 b5 f0 15 04 01 0037 01 01
   55 2016 322 17 37 20 842 0    1851.42468536       0.00000000  0  0 b5 f0 15 04 01 0037 01 01
   56 2016 322 17 37 21 842 0    1856.97759116       0.00000000  0  0 b5 f0 15 04 01 0038 01 01
   56 2016 322 17 37 22 842 0    1862.53754209       0.00000000  0  0 b5 f0 15 04 01 0038 01 01
   56 2016 322 17 37 23 842 0    1868.10423835       0.00000000  0  0 b5 f0 15 04 01 0038 01 01
   56 2016 322 17 37 24 842 0    1873.67767993       0.00000000  0  0 b5 f0 15 04 01 0038 01 01
   56 2016 322 17 37 25 842 0    1879.25786685       0.00000000  0  0 b5 f0 15 04 01 0038 01 01
   56 2016 322 17 37 26 842 0    1884.84449931       0.00000000  0  0 b5 f0 15 04 01 0038 01 01
   56 2016 322 17 37 27 842 0    1890.43787709       0.00000000  0  0 b5 f0 15 04 01 0038 01 01
   56 2016 322 17 37 28 842 0    1896.03755052       0.00000000  0  0 b5 f0 15 04 01 0038 01 01
   56 2016 322 17 37 29 842 0    1901.64366948       0.00000000  0  0 b5 f0 15 04 01 0038 01 01
   56 2016 322 17 37 30 842 0    1907.25623398       0.00000000  0  0 b5 f0 15 04 01 0038 01 01
   57 2016 322 17 37 31 842 0    1912.87494423       0.00000000  0  0 b5 f0 15 04 01 0039 01 01
   57 2016 322 17 37 32 842 0    1918.49995012       0.00000000  0  0 b5 f0 15 04 01 0039 01 01
   57 2016 322 17 37 33 842 0    1924.13110176       0.00000000  0  0 b5 f0 15 04 01 0039 01 01
   57 2016 322 17 37 34 842 0    1929.76839914       0.00000000  0  0 b5 f0 15 04 01 0039 01 01
   57 2016 322 17 37 35 842 0    1935.41184226       0.00000000  0  0 b5 f0 15 04 01 0039 01 01
   57 2016 322 17 37 36 842 0    1941.06128124       0.00000000  0  0 b5 f0 15 04 01 0039 01 01
   57 2016 322 17 37 37 842 0    1946.71656616       0.00000000  0  0 b5 f0 15 04 01 0039 01 01
   57 2016 322 17 37 38 842 0    1952.37769705       0.00000000  0  0 b5 f0 15 04 01 0039 01 01
   57 2016 322 17 37 39 842 0    1958.04482378       0.00000000  0  0 b5 f0 15 04 01 0039 01 01
   57 2016 322 17 37 40 842 0    1963.71764656       0.00000000  0  0 b5 f0 15 04 01 0039 01 01
   58 2016 322 17 37 41 842 0    1969.39616540       0.00000000  0  0 b5 f0 15 04 01 003a 01 01
   58 2016 322 17 37 42 842 0    1975.08023041       0.00000000  0  0 b5 f0 15 04 01 003a 01 01
   58 2016 322 17 37 43 842 0    1980.76999147       0.00000000  0  0 b5 f0 15 04 01 003a 01 01
   58 2016 322 17 37 44 842 0    1986.46529869       0.00000000  0  0 b5 f0 15 04 01 003a 01 01
   58 2016 322 17 37 45 842 0    1992.16600217       0.00000000  0  0 b5 f0 15 04 01 003a 01 01
   58 2016 322 17 37 46 842 0    1997.87225182       0.00000000  0  0 b5 f0 15 04 01 003a 01 01
   58 2016 322 17 37 47 842 0    2003.58389773       0.00000000  0  0 b5 f0 15 04 01 003a 01 01
   58 2016 322 17 37 48 842 0    2009.30079001       0.00000000  0  0 b5 f0 15 04 01 003a 01 01
   58 2016 322 17 37 49 842 0    2015.02307855       0.00000000  0  0 b5 f0 15 04 01 003a 01 01
   58 2016 322 17 37 50 842 0    2020.75046356       0.00000000  0  0 b5 f0 15 04 01 003a 01 01
   59 2016 322 17 37 51 842 0    2026.48309495       0.00000000  0  0 b5 f0 15 04 01 003b 01 01
   59 2016 322 17 37 52 842 0    2032.22082280       0.00000000  0  0 b5 f0 15 04 01 003b 01 01
   59 2016 322 17 37 53 842 0    2037.96364713       0.00000000  0  0 b5 f0 15 04 01 003b 01 01
   59 2016 322 17 37 54 842 0    2043.71156792       0.00000000  0  0 b5 f0 15 04 01 003b 01 01
   59 2016 322 17 37 55 842 0    2049.46443530       0.00000000  0  0 b5 f0 15 04 01 003b 01 01
   59 2016 322 17 37 56 842 0    2055.22224924       0.00000000  0  0 b5 f0 15 04 01 003b 01 01
   59 2016 322 17 37 57 842 0    2060.98500977       0.00000000  0  0 b5 f0 15 04 01 003b 01 01
   59 2016 322 17 37 58 842 0    2066.75271687       0.00000000  0  0 b5 f0 15 04 01 003b 01 01
   59 2016 322 17 37 59 842 0    2072.52522065       0.00000000  0  0 b5 f0 15 04 01 003b 01 01
   59 2016 322 17 38 00 842 0    2078.30252110       0.00000000  0  0 b5 f0 15 04 01 003b 01 01
   60 2016 322 17 38 01 842 0    2084.08446834       0.00000000  0  0 b5 f0 15 04 01 003c 01 01
   60 2016 322 17 38 02 842 0    2089.87106237       0.00000000  0  0 b5 f0 15 04 01 003c 01 01
   60 2016 322 17 38 03 842 0    2095.66230318       0.00000000  0  0 b5 f0 15 04 01 003c 01 01
   60 2016 322 17 38 04 842 0    2101.45819077       0.00000000  0  0 b5 f0 15 04 01 003c 01 01
   60 2016 322 17 38 05 842 0    2107.25857524       0.00000000  0  0 b5 f0 15 04 01 003c 01 01
   60 2016 322 17 38 06 842 0    2113.06345661       0.00000000  0  0 b5 f0 15 04 01 003c 01 01
   60 2016 322 17 38 07 842 0    2118.87283486       0.00000000  0  0 b5 f0 15 04 01 003c 01 01
   60 2016 322 17 38 08 842 0    2124.68641021       0.00000000  0  0 b5 f0 15 04 01 003c 01 01
   60 2016 322 17 38 09 842 0    2130.50448244       0.00000000  0  0 b5 f0 15 04 01 003c 01 01
   60 2016 322 17 38 10 842 0    2136.32690166       0.00000000  0  0 b5 f0 15 04 01 003c 01 01
   61 2016 322 17 38 11 842 0    2142.15366787       0.00000000  0  0 b5 f0 15 04 01 003d 01 01
   61 2016 322 17 38 12 842 0    2147.98448129       0.00000000  0  0 b5 f0 15 04 01 003d 01 01
   61 2016 322 17 38 13 842 0    2153.81979159       0.00000000  0  0 b5 f0 15 04 01 003d 01 01
   61 2016 322 17 38 14 842 0    2159.65914908       0.00000000  0  0 b5 f0 15 04 01 003d 01 01
   61 2016 322 17 38 15 842 0    2165.50255378       0.00000000  0  0 b5 f0 15 04 01 003d 01 01
   61 2016 322 17 38 16 842 0    2171.35015557       0.00000000  0  0 b5 f0 15 04 01 003d 01 01
   61 2016 322 17 38 17 842 0    2177.20180455       0.00000000  0  0 b5 f0 15 04 01 003d 01 01
   61 2016 322 17 38 18 842 0    2183.05750074       0.00000000  0  0 b5 f0 15 04 01 003d 01 01
   61 2016 322 17 38 19 842 0    2188.91724412       0.00000000  0  0 b5 f0 15 04 01 003d 01 01
   61 2016 322 17 38 20 842 0    2194.77998543       0.00000000  0  0 b5 f0 15 04 01 003d 01 01
   62 2016 322 17 38 21 842 0    2200.64707373       0.00000000  0  0 b5 f0 15 04 01 003e 01 01
   62 2016 322 17 38 22 842 0    2206.51820923       0.00000000  0  0 b5 f0 15 04 01 003e 01 01
   62 2016 322 17 38 23 842 0    2212.39339193       0.00000000  0  0 b5 f0 15 04 01 003e 01 01
   62 2016 322 17 38 24 842 0    2218.27217213       0.00000000  0  0 b5 f0 15 04 01 003e 01 01
   62 2016 322 17 38 25 842 0    2224.15469974       0.00000000  0  0 b5 f0 15 04 01 003e 01 01
   62 2016 322 17 38 26 842 0    2230.04097476       0.00000000  0  0 b5 f0 15 04 01 003e 01 01
   62 2016 322 17 38 27 842 0    2235.93084728       0.00000000  0  0 b5 f0 15 04 01 003e 01 01
   62 2016 322 17 38 28 842 0    2241.82521670       0.00000000  0  0 b5 f0 15 04 01 003e 01 01
   62 2016 322 17 38 29 842 0    2247.72273393       0.00000000  0  0 b5 f0 15 04 01 003e 01 01
   62 2016 322 17 38 30 842 0    2253.62339899       0.00000000  0  0 b5 f0 15 04 01 003e 01 01
   63 2016 322 17 38 31 842 0    2259.52751165       0.00000000  0  0 b5 f0 15 04 01 003f 01 01
   63 2016 322 17 38 32 842 0    2265.43522183       0.00000000  0  0 b5 f0 15 04 01 003f 01 01
   63 2016 322 17 38 33 842 0    2271.34622973       0.00000000  0  0 b5 f0 15 04 01 003f 01 01
   63 2016 322 17 38 34 842 0    2277.26083513       0.00000000  0  0 b5 f0 15 04 01 003f 01 01
   63 2016 322 17 38 35 842 0    2283.17903804       0.00000000  0  0 b5 f0 15 04 01 003f 01 01
   63 2016 322 17 38 36 842 0    2289.10038878       0.00000000  0  0 b5 f0 15 04 01 003f 01 01
   63 2016 322 17 38 37 842 0    2295.02518712       0.00000000  0  0 b5 f0 15 04 01 003f 01 01
   63 2016 322 17 38 38 842 0    2300.95328319       0.00000000  0  0 b5 f0 15 04 01 003f 01 01
   63 2016 322 17 38 39 842 0    2306.88467697       0.00000000  0  0 b5 f0 15 04 01 003f 01 01
   63 2016 322 17 38 40 842 0    2312.81921857       0.00000000  0  0 b5 f0 15 04 01 003f 01 01
   64 2016 322 17 38 41 842 0    2318.75705789       0.00000000  0  0 b5 f0 15 04 01 0040 01 01
   64 2016 322 17 38 42 842 0    2324.69804503       0.00000000  0  0 b5 f0 15 04 01 0040 01 01
   64 2016 322 17 38 43 842 0    2330.64217999       0.00000000  0  0 b5 f0 15 04 01 0040 01 01
   64 2016 322 17 38 44 842 0    2336.58946277       0.00000000  0  0 b5 f0 15 04 01 0040 01 01
   64 2016 322 17 38 45 842 0    2342.53974348       0.00000000  0  0 b5 f0 15 04 01 0040 01 01
   64 2016 322 17 38 46 842 0    2348.49317201       0.00000000  0  0 b5 f0 15 04 01 0040 01 01
   64 2016 322 17 38 47 842 0    2354.44959846       0.00000000  0  0 b5 f0 15 04 01 0040 01 01
   64 2016 322 17 38 48 842 0    2360.40902284       0.00000000  0  0 b5 f0 15 04 01 0040 01 01
   64 2016 322 17 38 49 842 0    2366.37144514       0.00000000  0  0 b5 f0 15 04 01 0040 01 01
   64 2016 322 17 38 50 842 0    2372.33686536       0.00000000  0  0 b5 f0 15 04 01 0040 01 01
   65 2016 322 17 38 51 842 0    2378.30528351       0.00000000  0  0 b5 f0 15 04 01 0041 01 01
   65 2016 322 17 38 52 842 0    2384.27654969       0.00000000  0  0 b5 f0 15 04 01 0041 01 01
   65 2016 322 17 38 53 842 0    2390.25066390       0.00000000  0  0 b5 f0 15 04 01 0041 01 01
   65 2016 322 17 38 54 842 0    2396.22762613       0.00000000  0  0 b5 f0 15 04 01 0041 01 01
   65 2016 322 17 38 55 842 0    2402.20743640       0.00000000  0  0 b5 f0 15 04 01 0041 01 01
   65 2016 322 17 38 56 842 0    2408.18994479       0.00000000  0  0 b5 f0 15 04 01 0041 01 01
   65 2016 322 17 38 57 842 0    2414.17530122       0.00000000  0  0 b5 f0 15 04 01 0041 01 01
   65 2016 322 17 38 58 842 0    2420.16335577       0.00000000  0  0 b5 f0 15 04 01 0041 01 01
   65 2016 322 17 38 59 842 0    2426.15410846       0.00000000  0  0 b5 f0 15 04 01 0041 01 01
   65 2016 322 17 39 00 842 0    2432.14755928       0.00000000  0  0 b5 f0 15 04 01 0041 01 01
   66 2016 322 17 39 01 842 0    2438.14355834       0.00000000  0  0 b5 f0 15 04 01 0042 01 01
   66 2016 322 17 39 02 842 0    2444.14225553       0.00000000  0  0 b5 f0 15 04 01 0042 01 01
   66 2016 322 17 39 03 842 0    2450.14350095       0.00000000  0  0 b5 f0 15 04 01 0042 01 01
   66 2016 322 17 39 04 842 0    2456.14744451       0.00000000  0  0 b5 f0 15 04 01 0042 01 01
   66 2016 322 17 39 05 842 0    2462.15363651       0.00000000  0  0 b5 f0 15 04 01 0042 01 01
   66 2016 322 17 39 06 842 0    2468.16267653       0.00000000  0  0 b5 f0 15 04 01 0042 01 01
   66 2016 322 17 39 07 842 0  249827.04823340       0.00000000  0  6 b5 f0 15 04 01 0042 01 01
   66 2016 322 17 39 08 842 0  249827.04823340       0.00000000  0  6 b5 f0 15 04 01 0042 01 01
   66 2016 322 17 39 09 842 0  249827.04823340       0.00000000  0  6 b5 f0 15 04 01 0042 01 01
   66 2016 322 17 39 10 842 0  249827.04823340       0.00000000  0  6 b5 f0 15 04 01 0042 01 01
   67 2016 322 17 39 38 414 0    2659.05282603       0.00000000  0  0 b5 f0 15 04 01 0043 01 01
   67 2016 322 17 39 39 414 0    2665.13246719       0.00000000  0  0 b5 f0 15 04 01 0043 01 01
   67 2016 322 17 39 40 414 0    2671.21390709       0.00000000  0  0 b5 f0 15 04 01 0043 01 01
   67 2016 322 17 39 41 414 0    2677.29699586       0.00000000  0  0 b5 f0 15 04 01 0043 01 01
   67 2016 322 17 39 42 414 0    2683.38203327       0.00000000  0  0 b5 f0 15 04 01 0043 01 01
   67 2016 322 17 39 43 414 0    2689.46886944       0.00000000  0  0 b5 f0 15 04 01 0043 01 01
   67 2016 322 17 39 44 414 0    2695.55750437       0.00000000  0  0 b5 f0 15 04 01 0043 01 01
   67 2016 322 17 39 45 414 0    2701.64778815       0.00000000  0  0 b5 f0 15 04 01 0043 01 01
   67 2016 322 17 39 46 414 0    2707.73957090       0.00000000  0  0 b5 f0 15 04 01 0043 01 01
   67 2016 322 17 39 47 414 0    2713.83345220       0.00000000  0  0 b5 f0 15 04 01 0043 01 01
