 BkNo Year Day hh mm ss mss ns RangeRate(km/s)                  Tv DvTSnRSnDTpSTpSId BkCtSRtInTim
    1 2016 322 17 24 29 740 0       1.95487776       0.00000000  0  0 b5 f0 15 04 03 0001 01 01
    2 2016 322 17 24 49 616 0       2.08234450       0.00000000  0  0 b5 f0 15 04 03 0002 01 01
    2 2016 322 17 24 50 616 0       2.08836215       0.00000000  0  0 b5 f0 15 04 03 0002 01 01
    2 2016 322 17 24 51 616 0       2.09437300       0.00000000  0  0 b5 f0 15 04 03 0002 01 01
    2 2016 322 17 24 52 616 0       2.10036874       0.00000000  0  0 b5 f0 15 04 03 0002 01 01
    2 2016 322 17 24 53 616 0       2.10627093       0.00000000  0  0 b5 f0 15 04 03 0002 01 01
    2 2016 322 17 24 54 616 0       2.11223356       0.00000000  0  0 b5 f0 15 04 03 0002 01 01
    2 2016 322 17 24 55 616 0       2.11801457       0.00000000  0  0 b5 f0 15 04 03 0002 01 01
    2 2016 322 17 24 56 616 0       2.12381777       0.00000000  0  0 b5 f0 15 04 03 0002 01 01
    3 2016 322 17 24 59 739 0       2.14186520       0.00000000  0  0 b5 f0 15 04 03 0003 01 01
    3 2016 322 17 25 00 739 0       2.14754022       0.00000000  0  0 b5 f0 15 04 03 0003 01 01
    3 2016 322 17 25 01 739 0       2.15316467       0.00000000  0  0 b5 f0 15 04 03 0003 01 01
    4 2016 322 17 25 08 644 0       2.19136511       0.00000000  0  0 b5 f0 15 04 03 0004 01 01
    4 2016 322 17 25 09 644 0       2.19671928       0.00000000  0  0 b5 f0 15 04 03 0004 01 01
    4 2016 322 17 25 10 644 0       2.20212262       0.00000000  0  0 b5 f0 15 04 03 0004 01 01
    4 2016 322 17 25 11 644 0       2.20737326       0.00000000  0  0 b5 f0 15 04 03 0004 01 01
    5 2016 322 17 26 39 079 0      -3.10870736       0.00000000  0  0 b5 f0 15 04 03 0005 01 01
    5 2016 322 17 26 40 079 0      -3.10809160       0.00000000  0  0 b5 f0 15 04 03 0005 01 01
    5 2016 322 17 26 41 079 0      -3.10728125       0.00000000  0  0 b5 f0 15 04 03 0005 01 01
    5 2016 322 17 26 42 079 0      -3.10686747       0.00000000  0  0 b5 f0 15 04 03 0005 01 01
    5 2016 322 17 26 43 079 0      -3.10620082       0.00000000  0  0 b5 f0 15 04 03 0005 01 01
    5 2016 322 17 26 44 079 0      -3.10559758       0.00000000  0  0 b5 f0 15 04 03 0005 01 01
    5 2016 322 17 26 45 079 0      -3.10498215       0.00000000  0  0 b5 f0 15 04 03 0005 01 01
    5 2016 322 17 26 46 079 0      -3.10435886       0.00000000  0  0 b5 f0 15 04 03 0005 01 01
    5 2016 322 17 26 47 079 0      -3.10363311       0.00000000  0  0 b5 f0 15 04 03 0005 01 01
    5 2016 322 17 26 48 079 0      -3.10295493       0.00000000  0  0 b5 f0 15 04 03 0005 01 01
    6 2016 322 17 26 49 079 0      -3.10232984       0.00000000  0  0 b5 f0 15 04 03 0006 01 01
    6 2016 322 17 26 50 079 0      -3.10168890       0.00000000  0  0 b5 f0 15 04 03 0006 01 01
    6 2016 322 17 26 51 079 0      -3.10100086       0.00000000  0  0 b5 f0 15 04 03 0006 01 01
    6 2016 322 17 26 52 079 0      -3.10035858       0.00000000  0  0 b5 f0 15 04 03 0006 01 01
    6 2016 322 17 26 53 079 0      -3.09966194       0.00000000  0  0 b5 f0 15 04 03 0006 01 01
    6 2016 322 17 26 54 079 0      -3.09895698       0.00000000  0  0 b5 f0 15 04 03 0006 01 01
    6 2016 322 17 26 55 079 0      -3.09837639       0.00000000  0  0 b5 f0 15 04 03 0006 01 01
    6 2016 322 17 26 56 079 0      -3.09754759       0.00000000  0  0 b5 f0 15 04 03 0006 01 01
    6 2016 322 17 26 57 079 0      -3.09687413       0.00000000  0  0 b5 f0 15 04 03 0006 01 01
    6 2016 322 17 26 58 079 0      -3.09612333       0.00000000  0  0 b5 f0 15 04 03 0006 01 01
    7 2016 322 17 26 59 079 0      -3.09532857       0.00000000  0  0 b5 f0 15 04 03 0007 01 01
    7 2016 322 17 27 00 079 0      -3.09456405       0.00000000  0  0 b5 f0 15 04 03 0007 01 01
    7 2016 322 17 27 01 079 0      -3.09386035       0.00000000  0  0 b5 f0 15 04 03 0007 01 01
    7 2016 322 17 27 02 079 0      -3.09310855       0.00000000  0  0 b5 f0 15 04 03 0007 01 01
    7 2016 322 17 27 03 079 0      -3.09236768       0.00000000  0  0 b5 f0 15 04 03 0007 01 01
    7 2016 322 17 27 04 079 0      -3.09156358       0.00000000  0  0 b5 f0 15 04 03 0007 01 01
    7 2016 322 17 27 05 079 0      -3.09078574       0.00000000  0  0 b5 f0 15 04 03 0007 01 01
    7 2016 322 17 27 06 079 0      -3.09002795       0.00000000  0  0 b5 f0 15 04 03 0007 01 01
    7 2016 322 17 27 07 079 0      -3.08917908       0.00000000  0  0 b5 f0 15 04 03 0007 01 01
    7 2016 322 17 27 08 079 0      -3.08840490       0.00000000  0  0 b5 f0 15 04 03 0007 01 01
    8 2016 322 17 27 09 079 0      -3.08762806       0.00000000  0  0 b5 f0 15 04 03 0008 01 01
    8 2016 322 17 27 10 079 0      -3.08674955       0.00000000  0  0 b5 f0 15 04 03 0008 01 01
    8 2016 322 17 27 11 079 0      -3.08597797       0.00000000  0  0 b5 f0 15 04 03 0008 01 01
    8 2016 322 17 27 12 079 0      -3.08515355       0.00000000  0  0 b5 f0 15 04 03 0008 01 01
    8 2016 322 17 27 13 079 0      -3.08430856       0.00000000  0  0 b5 f0 15 04 03 0008 01 01
    8 2016 322 17 27 14 079 0      -3.08344750       0.00000000  0  0 b5 f0 15 04 03 0008 01 01
    8 2016 322 17 27 15 079 0      -3.08261370       0.00000000  0  0 b5 f0 15 04 03 0008 01 01
    8 2016 322 17 27 16 079 0      -3.08171301       0.00000000  0  0 b5 f0 15 04 03 0008 01 01
    8 2016 322 17 27 17 079 0      -3.08082537       0.00000000  0  0 b5 f0 15 04 03 0008 01 01
    9 2016 322 17 27 21 837 0      -1.01407800       0.00000000  0  0 b5 f0 15 04 03 0009 01 01
    9 2016 322 17 27 22 837 0      -3.18238241       0.00000000  0  0 b5 f0 15 04 03 0009 01 01
    9 2016 322 17 27 23 837 0      -5.35144141       0.00000000  0  0 b5 f0 15 04 03 0009 01 01
    9 2016 322 17 27 24 837 0      -6.05677833       0.00000000  0  0 b5 f0 15 04 03 0009 01 01
    9 2016 322 17 27 25 837 0      -6.05486666       0.00000000  0  0 b5 f0 15 04 03 0009 01 01
    9 2016 322 17 27 26 837 0      -6.05294360       0.00000000  0  0 b5 f0 15 04 03 0009 01 01
    9 2016 322 17 27 27 837 0      -6.05096072       0.00000000  0  0 b5 f0 15 04 03 0009 01 01
    9 2016 322 17 27 28 837 0      -6.04900795       0.00000000  0  0 b5 f0 15 04 03 0009 01 01
    9 2016 322 17 27 29 837 0      -6.04700315       0.00000000  0  0 b5 f0 15 04 03 0009 01 01
    9 2016 322 17 27 30 837 0      -6.04499889       0.00000000  0  0 b5 f0 15 04 03 0009 01 01
   10 2016 322 17 27 31 837 0      -6.04295039       0.00000000  0  0 b5 f0 15 04 03 000a 01 01
   10 2016 322 17 27 32 837 0      -6.04088997       0.00000000  0  0 b5 f0 15 04 03 000a 01 01
   10 2016 322 17 27 33 837 0      -6.03883154       0.00000000  0  0 b5 f0 15 04 03 000a 01 01
   10 2016 322 17 27 34 837 0      -6.03674767       0.00000000  0  0 b5 f0 15 04 03 000a 01 01
   10 2016 322 17 27 35 837 0      -6.03462842       0.00000000  0  0 b5 f0 15 04 03 000a 01 01
   10 2016 322 17 27 36 837 0      -6.03249452       0.00000000  0  0 b5 f0 15 04 03 000a 01 01
   10 2016 322 17 27 37 837 0      -6.03033623       0.00000000  0  0 b5 f0 15 04 03 000a 01 01
   10 2016 322 17 27 38 837 0      -6.02814457       0.00000000  0  0 b5 f0 15 04 03 000a 01 01
   10 2016 322 17 27 39 837 0      -6.02596024       0.00000000  0  0 b5 f0 15 04 03 000a 01 01
   10 2016 322 17 27 40 837 0      -6.02375146       0.00000000  0  0 b5 f0 15 04 03 000a 01 01
   11 2016 322 17 27 41 837 0      -6.02149378       0.00000000  0  0 b5 f0 15 04 03 000b 01 01
   11 2016 322 17 27 42 837 0      -6.01925108       0.00000000  0  0 b5 f0 15 04 03 000b 01 01
   11 2016 322 17 27 43 837 0      -6.01697469       0.00000000  0  0 b5 f0 15 04 03 000b 01 01
   11 2016 322 17 27 44 837 0      -6.01466278       0.00000000  0  0 b5 f0 15 04 03 000b 01 01
   11 2016 322 17 27 45 837 0      -6.01231763       0.00000000  0  0 b5 f0 15 04 03 000b 01 01
   11 2016 322 17 27 46 837 0      -6.00996835       0.00000000  0  0 b5 f0 15 04 03 000b 01 01
   11 2016 322 17 27 47 837 0      -6.00759249       0.00000000  0  0 b5 f0 15 04 03 000b 01 01
   11 2016 322 17 27 48 837 0      -6.00519578       0.00000000  0  0 b5 f0 15 04 03 000b 01 01
   11 2016 322 17 27 49 837 0      -6.00276476       0.00000000  0  0 b5 f0 15 04 03 000b 01 01
   11 2016 322 17 27 50 837 0      -6.00032435       0.00000000  0  0 b5 f0 15 04 03 000b 01 01
   12 2016 322 17 27 51 837 0      -5.99784803       0.00000000  0  0 b5 f0 15 04 03 000c 01 01
   12 2016 322 17 27 52 837 0      -5.99537018       0.00000000  0  0 b5 f0 15 04 03 000c 01 01
   12 2016 322 17 27 53 837 0      -5.99286055       0.00000000  0  0 b5 f0 15 04 03 000c 01 01
   12 2016 322 17 27 54 837 0      -5.99031708       0.00000000  0  0 b5 f0 15 04 03 000c 01 01
   12 2016 322 17 27 55 837 0      -5.98773044       0.00000000  0  0 b5 f0 15 04 03 000c 01 01
   12 2016 322 17 27 56 837 0      -5.98513547       0.00000000  0  0 b5 f0 15 04 03 000c 01 01
   12 2016 322 17 27 57 837 0      -5.98251659       0.00000000  0  0 b5 f0 15 04 03 000c 01 01
   12 2016 322 17 27 58 837 0      -5.97987992       0.00000000  0  0 b5 f0 15 04 03 000c 01 01
   12 2016 322 17 27 59 837 0      -5.97722047       0.00000000  0  0 b5 f0 15 04 03 000c 01 01
   12 2016 322 17 28 00 837 0      -5.97452970       0.00000000  0  0 b5 f0 15 04 03 000c 01 01
   13 2016 322 17 28 01 837 0      -5.97180616       0.00000000  0  0 b5 f0 15 04 03 000d 01 01
   13 2016 322 17 28 02 837 0      -5.96906963       0.00000000  0  0 b5 f0 15 04 03 000d 01 01
   13 2016 322 17 28 03 837 0      -5.96628467       0.00000000  0  0 b5 f0 15 04 03 000d 01 01
   13 2016 322 17 28 04 837 0      -5.96348206       0.00000000  0  0 b5 f0 15 04 03 000d 01 01
   13 2016 322 17 28 05 837 0      -5.96067318       0.00000000  0  0 b5 f0 15 04 03 000d 01 01
   13 2016 322 17 28 06 837 0      -5.95780341       0.00000000  0  0 b5 f0 15 04 03 000d 01 01
   13 2016 322 17 28 07 837 0      -5.95492532       0.00000000  0  0 b5 f0 15 04 03 000d 01 01
   13 2016 322 17 28 08 837 0      -5.95201392       0.00000000  0  0 b5 f0 15 04 03 000d 01 01
   13 2016 322 17 28 09 837 0      -5.94908533       0.00000000  0  0 b5 f0 15 04 03 000d 01 01
   13 2016 322 17 28 10 837 0      -5.94611197       0.00000000  0  0 b5 f0 15 04 03 000d 01 01
   14 2016 322 17 28 11 837 0      -5.94311623       0.00000000  0  0 b5 f0 15 04 03 000e 01 01
   14 2016 322 17 28 12 837 0      -5.94009811       0.00000000  0  0 b5 f0 15 04 03 000e 01 01
   14 2016 322 17 28 13 837 0      -5.93705034       0.00000000  0  0 b5 f0 15 04 03 000e 01 01
   14 2016 322 17 28 14 837 0      -5.93396093       0.00000000  0  0 b5 f0 15 04 03 000e 01 01
   14 2016 322 17 28 15 837 0      -5.93086220       0.00000000  0  0 b5 f0 15 04 03 000e 01 01
   14 2016 322 17 28 16 837 0      -5.92771397       0.00000000  0  0 b5 f0 15 04 03 000e 01 01
   14 2016 322 17 28 17 837 0      -5.92454909       0.00000000  0  0 b5 f0 15 04 03 000e 01 01
   14 2016 322 17 28 18 837 0      -5.92133997       0.00000000  0  0 b5 f0 15 04 03 000e 01 01
   14 2016 322 17 28 19 837 0      -5.91811680       0.00000000  0  0 b5 f0 15 04 03 000e 01 01
   14 2016 322 17 28 20 837 0      -5.91484579       0.00000000  0  0 b5 f0 15 04 03 000e 01 01
   15 2016 322 17 28 21 837 0      -5.91155446       0.00000000  0  0 b5 f0 15 04 03 000f 01 01
   15 2016 322 17 28 22 837 0      -5.90822976       0.00000000  0  0 b5 f0 15 04 03 000f 01 01
   15 2016 322 17 28 23 837 0      -5.90487182       0.00000000  0  0 b5 f0 15 04 03 000f 01 01
   15 2016 322 17 28 24 837 0      -5.90148890       0.00000000  0  0 b5 f0 15 04 03 000f 01 01
   15 2016 322 17 28 25 837 0      -5.89807419       0.00000000  0  0 b5 f0 15 04 03 000f 01 01
   15 2016 322 17 28 26 837 0      -5.89460746       0.00000000  0  0 b5 f0 15 04 03 000f 01 01
   15 2016 322 17 28 27 837 0      -5.89111262       0.00000000  0  0 b5 f0 15 04 03 000f 01 01
   15 2016 322 17 28 28 837 0      -5.88759853       0.00000000  0  0 b5 f0 15 04 03 000f 01 01
   15 2016 322 17 28 29 837 0      -5.88404226       0.00000000  0  0 b5 f0 15 04 03 000f 01 01
   15 2016 322 17 28 30 837 0      -5.88045482       0.00000000  0  0 b5 f0 15 04 03 000f 01 01
   16 2016 322 17 28 31 837 0      -5.87682727       0.00000000  0  0 b5 f0 15 04 03 0010 01 01
   16 2016 322 17 28 32 837 0      -5.87317208       0.00000000  0  0 b5 f0 15 04 03 0010 01 01
   16 2016 322 17 28 33 837 0      -5.86947898       0.00000000  0  0 b5 f0 15 04 03 0010 01 01
   16 2016 322 17 28 34 837 0      -5.86575251       0.00000000  0  0 b5 f0 15 04 03 0010 01 01
   16 2016 322 17 28 35 837 0      -5.86198133       0.00000000  0  0 b5 f0 15 04 03 0010 01 01
   16 2016 322 17 28 36 837 0      -5.85819090       0.00000000  0  0 b5 f0 15 04 03 0010 01 01
   16 2016 322 17 28 37 837 0      -5.85434838       0.00000000  0  0 b5 f0 15 04 03 0010 01 01
   16 2016 322 17 28 38 837 0      -5.85047308       0.00000000  0  0 b5 f0 15 04 03 0010 01 01
   16 2016 322 17 28 39 837 0      -5.84656034       0.00000000  0  0 b5 f0 15 04 03 0010 01 01
   16 2016 322 17 28 40 837 0      -5.84261063       0.00000000  0  0 b5 f0 15 04 03 0010 01 01
   17 2016 322 17 28 41 837 0      -5.83862188       0.00000000  0  0 b5 f0 15 04 03 0011 01 01
   17 2016 322 17 28 42 837 0      -5.83460289       0.00000000  0  0 b5 f0 15 04 03 0011 01 01
   17 2016 322 17 28 43 837 0      -5.83054079       0.00000000  0  0 b5 f0 15 04 03 0011 01 01
   17 2016 322 17 28 44 837 0      -5.82644585       0.00000000  0  0 b5 f0 15 04 03 0011 01 01
   17 2016 322 17 28 45 837 0      -5.82230255       0.00000000  0  0 b5 f0 15 04 03 0011 01 01
   17 2016 322 17 28 46 837 0      -5.81811188       0.00000000  0  0 b5 f0 15 04 03 0011 01 01
   17 2016 322 17 28 47 837 0      -5.81389776       0.00000000  0  0 b5 f0 15 04 03 0011 01 01
   17 2016 322 17 28 48 837 0      -5.80963474       0.00000000  0  0 b5 f0 15 04 03 0011 01 01
   17 2016 322 17 28 49 837 0      -5.80532170       0.00000000  0  0 b5 f0 15 04 03 0011 01 01
   17 2016 322 17 28 50 837 0      -5.80098320       0.00000000  0  0 b5 f0 15 04 03 0011 01 01
   18 2016 322 17 28 51 837 0      -5.79660414       0.00000000  0  0 b5 f0 15 04 03 0012 01 01
   18 2016 322 17 28 52 837 0      -5.79217611       0.00000000  0  0 b5 f0 15 04 03 0012 01 01
   18 2016 322 17 28 53 837 0      -5.78770384       0.00000000  0  0 b5 f0 15 04 03 0012 01 01
   18 2016 322 17 28 54 837 0      -5.78319620       0.00000000  0  0 b5 f0 15 04 03 0012 01 01
   18 2016 322 17 28 55 837 0      -5.77863547       0.00000000  0  0 b5 f0 15 04 03 0012 01 01
   18 2016 322 17 28 56 837 0      -5.77403003       0.00000000  0  0 b5 f0 15 04 03 0012 01 01
   18 2016 322 17 28 57 837 0      -5.76938963       0.00000000  0  0 b5 f0 15 04 03 0012 01 01
   18 2016 322 17 28 58 837 0      -5.76470139       0.00000000  0  0 b5 f0 15 04 03 0012 01 01
   18 2016 322 17 28 59 837 0      -5.75996058       0.00000000  0  0 b5 f0 15 04 03 0012 01 01
   18 2016 322 17 29 00 837 0      -5.75518907       0.00000000  0  0 b5 f0 15 04 03 0012 01 01
   19 2016 322 17 29 01 837 0      -5.75035880       0.00000000  0  0 b5 f0 15 04 03 0013 01 01
   19 2016 322 17 29 02 837 0      -5.74548683       0.00000000  0  0 b5 f0 15 04 03 0013 01 01
   19 2016 322 17 29 03 837 0      -5.74056122       0.00000000  0  0 b5 f0 15 04 03 0013 01 01
   19 2016 322 17 29 04 837 0      -5.73560025       0.00000000  0  0 b5 f0 15 04 03 0013 01 01
   19 2016 322 17 29 05 837 0      -5.73058205       0.00000000  0  0 b5 f0 15 04 03 0013 01 01
   19 2016 322 17 29 06 837 0      -5.72551808       0.00000000  0  0 b5 f0 15 04 03 0013 01 01
   19 2016 322 17 29 07 837 0      -5.72041035       0.00000000  0  0 b5 f0 15 04 03 0013 01 01
   19 2016 322 17 29 08 837 0      -5.71524745       0.00000000  0  0 b5 f0 15 04 03 0013 01 01
   19 2016 322 17 29 09 837 0      -5.71003459       0.00000000  0  0 b5 f0 15 04 03 0013 01 01
   19 2016 322 17 29 10 837 0      -5.70477543       0.00000000  0  0 b5 f0 15 04 03 0013 01 01
   20 2016 322 17 29 11 837 0      -5.69946311       0.00000000  0  0 b5 f0 15 04 03 0014 01 01
   20 2016 322 17 29 12 837 0      -5.69409157       0.00000000  0  0 b5 f0 15 04 03 0014 01 01
   20 2016 322 17 29 13 837 0      -5.68867259       0.00000000  0  0 b5 f0 15 04 03 0014 01 01
   20 2016 322 17 29 14 837 0      -5.68321045       0.00000000  0  0 b5 f0 15 04 03 0014 01 01
   20 2016 322 17 29 15 837 0      -5.67768528       0.00000000  0  0 b5 f0 15 04 03 0014 01 01
   20 2016 322 17 29 16 837 0      -5.67210762       0.00000000  0  0 b5 f0 15 04 03 0014 01 01
   20 2016 322 17 29 17 837 0      -5.66648200       0.00000000  0  0 b5 f0 15 04 03 0014 01 01
   20 2016 322 17 29 18 837 0      -5.66079295       0.00000000  0  0 b5 f0 15 04 03 0014 01 01
   20 2016 322 17 29 19 837 0      -5.65504768       0.00000000  0  0 b5 f0 15 04 03 0014 01 01
   20 2016 322 17 29 20 837 0      -5.64925138       0.00000000  0  0 b5 f0 15 04 03 0014 01 01
   21 2016 322 17 29 21 837 0      -5.64340618       0.00000000  0  0 b5 f0 15 04 03 0015 01 01
   21 2016 322 17 29 22 837 0      -5.63749382       0.00000000  0  0 b5 f0 15 04 03 0015 01 01
   21 2016 322 17 29 23 837 0      -5.63152418       0.00000000  0  0 b5 f0 15 04 03 0015 01 01
   21 2016 322 17 29 24 837 0      -5.62550358       0.00000000  0  0 b5 f0 15 04 03 0015 01 01
   21 2016 322 17 29 25 837 0      -5.61941948       0.00000000  0  0 b5 f0 15 04 03 0015 01 01
   21 2016 322 17 29 26 837 0      -5.61327137       0.00000000  0  0 b5 f0 15 04 03 0015 01 01
   21 2016 322 17 29 27 837 0      -5.60707069       0.00000000  0  0 b5 f0 15 04 03 0015 01 01
   21 2016 322 17 29 28 837 0      -5.60080547       0.00000000  0  0 b5 f0 15 04 03 0015 01 01
   21 2016 322 17 29 29 837 0      -5.59447728       0.00000000  0  0 b5 f0 15 04 03 0015 01 01
   21 2016 322 17 29 30 837 0      -5.58808661       0.00000000  0  0 b5 f0 15 04 03 0015 01 01
   22 2016 322 17 29 31 837 0      -5.58164132       0.00000000  0  0 b5 f0 15 04 03 0016 01 01
   22 2016 322 17 29 32 837 0      -5.57512940       0.00000000  0  0 b5 f0 15 04 03 0016 01 01
   22 2016 322 17 29 33 837 0      -5.56854514       0.00000000  0  0 b5 f0 15 04 03 0016 01 01
   22 2016 322 17 29 34 837 0      -5.56190571       0.00000000  0  0 b5 f0 15 04 03 0016 01 01
   22 2016 322 17 29 35 837 0      -5.55519760       0.00000000  0  0 b5 f0 15 04 03 0016 01 01
   22 2016 322 17 29 36 837 0      -5.54842594       0.00000000  0  0 b5 f0 15 04 03 0016 01 01
   22 2016 322 17 29 37 837 0      -5.54158147       0.00000000  0  0 b5 f0 15 04 03 0016 01 01
   22 2016 322 17 29 38 837 0      -5.53467977       0.00000000  0  0 b5 f0 15 04 03 0016 01 01
   22 2016 322 17 29 39 837 0      -5.52770046       0.00000000  0  0 b5 f0 15 04 03 0016 01 01
   22 2016 322 17 29 40 837 0      -5.52065666       0.00000000  0  0 b5 f0 15 04 03 0016 01 01
   23 2016 322 17 29 41 837 0      -5.51354411       0.00000000  0  0 b5 f0 15 04 03 0017 01 01
   23 2016 322 17 29 42 837 0      -5.50636028       0.00000000  0  0 b5 f0 15 04 03 0017 01 01
   23 2016 322 17 29 43 837 0      -5.49910464       0.00000000  0  0 b5 f0 15 04 03 0017 01 01
   23 2016 322 17 29 44 837 0      -5.49177405       0.00000000  0  0 b5 f0 15 04 03 0017 01 01
   23 2016 322 17 29 45 837 0      -5.48437631       0.00000000  0  0 b5 f0 15 04 03 0017 01 01
   23 2016 322 17 29 46 837 0      -5.47690416       0.00000000  0  0 b5 f0 15 04 03 0017 01 01
   23 2016 322 17 29 47 837 0      -5.46935759       0.00000000  0  0 b5 f0 15 04 03 0017 01 01
   23 2016 322 17 29 48 837 0      -5.46173448       0.00000000  0  0 b5 f0 15 04 03 0017 01 01
   23 2016 322 17 29 49 837 0      -5.45403642       0.00000000  0  0 b5 f0 15 04 03 0017 01 01
   23 2016 322 17 29 50 837 0      -5.44625516       0.00000000  0  0 b5 f0 15 04 03 0017 01 01
   24 2016 322 17 29 51 837 0      -5.43841294       0.00000000  0  0 b5 f0 15 04 03 0018 01 01
   24 2016 322 17 29 52 837 0      -5.43048432       0.00000000  0  0 b5 f0 15 04 03 0018 01 01
   24 2016 322 17 29 53 837 0      -5.42247089       0.00000000  0  0 b5 f0 15 04 03 0018 01 01
   24 2016 322 17 29 54 837 0      -5.41438511       0.00000000  0  0 b5 f0 15 04 03 0018 01 01
   24 2016 322 17 29 55 837 0      -5.40621866       0.00000000  0  0 b5 f0 15 04 03 0018 01 01
   24 2016 322 17 29 56 837 0      -5.39796687       0.00000000  0  0 b5 f0 15 04 03 0018 01 01
   24 2016 322 17 29 57 837 0      -5.38963027       0.00000000  0  0 b5 f0 15 04 03 0018 01 01
   24 2016 322 17 29 58 837 0      -5.38122180       0.00000000  0  0 b5 f0 15 04 03 0018 01 01
   24 2016 322 17 29 59 837 0      -5.37272592       0.00000000  0  0 b5 f0 15 04 03 0018 01 01
   24 2016 322 17 30 00 837 0      -5.36413111       0.00000000  0  0 b5 f0 15 04 03 0018 01 01
   25 2016 322 17 30 01 837 0      -5.35546655       0.00000000  0  0 b5 f0 15 04 03 0019 01 01
   25 2016 322 17 30 02 837 0      -5.34670939       0.00000000  0  0 b5 f0 15 04 03 0019 01 01
   25 2016 322 17 30 03 837 0      -5.33786223       0.00000000  0  0 b5 f0 15 04 03 0019 01 01
   25 2016 322 17 30 04 837 0      -5.32892807       0.00000000  0  0 b5 f0 15 04 03 0019 01 01
   25 2016 322 17 30 05 837 0      -5.31990703       0.00000000  0  0 b5 f0 15 04 03 0019 01 01
   25 2016 322 17 30 06 837 0      -5.31079027       0.00000000  0  0 b5 f0 15 04 03 0019 01 01
   25 2016 322 17 30 07 837 0      -5.30158337       0.00000000  0  0 b5 f0 15 04 03 0019 01 01
   25 2016 322 17 30 08 837 0      -5.29228494       0.00000000  0  0 b5 f0 15 04 03 0019 01 01
   25 2016 322 17 30 09 837 0      -5.28289390       0.00000000  0  0 b5 f0 15 04 03 0019 01 01
   25 2016 322 17 30 10 837 0      -5.27340547       0.00000000  0  0 b5 f0 15 04 03 0019 01 01
   26 2016 322 17 30 11 837 0      -5.26382131       0.00000000  0  0 b5 f0 15 04 03 001a 01 01
   26 2016 322 17 30 12 837 0      -5.25414915       0.00000000  0  0 b5 f0 15 04 03 001a 01 01
   26 2016 322 17 30 13 837 0      -5.24436933       0.00000000  0  0 b5 f0 15 04 03 001a 01 01
   26 2016 322 17 30 14 837 0      -5.23449417       0.00000000  0  0 b5 f0 15 04 03 001a 01 01
   26 2016 322 17 30 15 837 0      -5.22451756       0.00000000  0  0 b5 f0 15 04 03 001a 01 01
   26 2016 322 17 30 16 837 0      -5.21444262       0.00000000  0  0 b5 f0 15 04 03 001a 01 01
   26 2016 322 17 30 17 837 0      -5.20426409       0.00000000  0  0 b5 f0 15 04 03 001a 01 01
   26 2016 322 17 30 18 837 0      -5.19398663       0.00000000  0  0 b5 f0 15 04 03 001a 01 01
   26 2016 322 17 30 19 837 0      -5.18360044       0.00000000  0  0 b5 f0 15 04 03 001a 01 01
   26 2016 322 17 30 20 837 0      -5.17310807       0.00000000  0  0 b5 f0 15 04 03 001a 01 01
   27 2016 322 17 30 21 837 0      -5.16251164       0.00000000  0  0 b5 f0 15 04 03 001b 01 01
   27 2016 322 17 30 22 837 0      -5.15181208       0.00000000  0  0 b5 f0 15 04 03 001b 01 01
   27 2016 322 17 30 23 837 0      -5.14100227       0.00000000  0  0 b5 f0 15 04 03 001b 01 01
   27 2016 322 17 30 24 837 0      -5.13007787       0.00000000  0  0 b5 f0 15 04 03 001b 01 01
   27 2016 322 17 30 25 837 0      -5.11904216       0.00000000  0  0 b5 f0 15 04 03 001b 01 01
   27 2016 322 17 30 26 837 0      -5.10790132       0.00000000  0  0 b5 f0 15 04 03 001b 01 01
   27 2016 322 17 30 27 837 0      -5.09664229       0.00000000  0  0 b5 f0 15 04 03 001b 01 01
   27 2016 322 17 30 28 837 0      -5.08527035       0.00000000  0  0 b5 f0 15 04 03 001b 01 01
   27 2016 322 17 30 29 837 0      -5.07378283       0.00000000  0  0 b5 f0 15 04 03 001b 01 01
   27 2016 322 17 30 30 837 0      -5.06217772       0.00000000  0  0 b5 f0 15 04 03 001b 01 01
   28 2016 322 17 30 31 837 0      -5.05045137       0.00000000  0  0 b5 f0 15 04 03 001c 01 01
   28 2016 322 17 30 32 837 0      -5.03861463       0.00000000  0  0 b5 f0 15 04 03 001c 01 01
   28 2016 322 17 30 33 837 0      -5.02665145       0.00000000  0  0 b5 f0 15 04 03 001c 01 01
   28 2016 322 17 30 34 837 0      -5.01456595       0.00000000  0  0 b5 f0 15 04 03 001c 01 01
   28 2016 322 17 30 35 837 0      -5.00235814       0.00000000  0  0 b5 f0 15 04 03 001c 01 01
   28 2016 322 17 30 36 837 0      -4.99002596       0.00000000  0  0 b5 f0 15 04 03 001c 01 01
   28 2016 322 17 30 37 837 0      -4.97756413       0.00000000  0  0 b5 f0 15 04 03 001c 01 01
   28 2016 322 17 30 38 837 0      -4.96498060       0.00000000  0  0 b5 f0 15 04 03 001c 01 01
   28 2016 322 17 30 39 837 0      -4.95227575       0.00000000  0  0 b5 f0 15 04 03 001c 01 01
   28 2016 322 17 30 40 837 0      -4.93942620       0.00000000  0  0 b5 f0 15 04 03 001c 01 01
   29 2016 322 17 30 41 837 0      -4.92644968       0.00000000  0  0 b5 f0 15 04 03 001d 01 01
   29 2016 322 17 30 42 837 0      -4.91335237       0.00000000  0  0 b5 f0 15 04 03 001d 01 01
   29 2016 322 17 30 43 837 0      -4.90011197       0.00000000  0  0 b5 f0 15 04 03 001d 01 01
   29 2016 322 17 30 44 837 0      -4.88672948       0.00000000  0  0 b5 f0 15 04 03 001d 01 01
   29 2016 322 17 30 45 837 0      -4.87321947       0.00000000  0  0 b5 f0 15 04 03 001d 01 01
   29 2016 322 17 30 46 837 0      -4.85957782       0.00000000  0  0 b5 f0 15 04 03 001d 01 01
   29 2016 322 17 30 47 837 0      -4.84578262       0.00000000  0  0 b5 f0 15 04 03 001d 01 01
   29 2016 322 17 30 48 837 0      -4.83185365       0.00000000  0  0 b5 f0 15 04 03 001d 01 01
   29 2016 322 17 30 49 837 0      -4.81778624       0.00000000  0  0 b5 f0 15 04 03 001d 01 01
   29 2016 322 17 30 50 837 0      -4.80356994       0.00000000  0  0 b5 f0 15 04 03 001d 01 01
   30 2016 322 17 30 51 837 0      -4.78920747       0.00000000  0  0 b5 f0 15 04 03 001e 01 01
   30 2016 322 17 30 52 837 0      -4.77470338       0.00000000  0  0 b5 f0 15 04 03 001e 01 01
   30 2016 322 17 30 53 837 0      -4.76005199       0.00000000  0  0 b5 f0 15 04 03 001e 01 01
   30 2016 322 17 30 54 837 0      -4.74524344       0.00000000  0  0 b5 f0 15 04 03 001e 01 01
   30 2016 322 17 30 55 837 0      -4.73029020       0.00000000  0  0 b5 f0 15 04 03 001e 01 01
   30 2016 322 17 30 56 837 0      -4.71519073       0.00000000  0  0 b5 f0 15 04 03 001e 01 01
   30 2016 322 17 30 57 837 0      -4.69992831       0.00000000  0  0 b5 f0 15 04 03 001e 01 01
   30 2016 322 17 30 58 837 0      -4.68451140       0.00000000  0  0 b5 f0 15 04 03 001e 01 01
   30 2016 322 17 30 59 837 0      -4.66894086       0.00000000  0  0 b5 f0 15 04 03 001e 01 01
   30 2016 322 17 31 00 837 0      -4.65321370       0.00000000  0  0 b5 f0 15 04 03 001e 01 01
   31 2016 322 17 31 01 837 0      -4.63731794       0.00000000  0  0 b5 f0 15 04 03 001f 01 01
   31 2016 322 17 31 02 837 0      -4.62126548       0.00000000  0  0 b5 f0 15 04 03 001f 01 01
   31 2016 322 17 31 03 837 0      -4.60505527       0.00000000  0  0 b5 f0 15 04 03 001f 01 01
   31 2016 322 17 31 04 837 0      -4.58867238       0.00000000  0  0 b5 f0 15 04 03 001f 01 01
   31 2016 322 17 31 05 837 0      -4.57212441       0.00000000  0  0 b5 f0 15 04 03 001f 01 01
   31 2016 322 17 31 06 837 0      -4.55541408       0.00000000  0  0 b5 f0 15 04 03 001f 01 01
   31 2016 322 17 31 07 837 0      -4.53853408       0.00000000  0  0 b5 f0 15 04 03 001f 01 01
   31 2016 322 17 31 08 837 0      -4.52147667       0.00000000  0  0 b5 f0 15 04 03 001f 01 01
   31 2016 322 17 31 09 837 0      -4.50425158       0.00000000  0  0 b5 f0 15 04 03 001f 01 01
   31 2016 322 17 31 10 837 0      -4.48685375       0.00000000  0  0 b5 f0 15 04 03 001f 01 01
   32 2016 322 17 31 11 837 0      -4.46927531       0.00000000  0  0 b5 f0 15 04 03 0020 01 01
   32 2016 322 17 31 12 837 0      -4.45152453       0.00000000  0  0 b5 f0 15 04 03 0020 01 01
   32 2016 322 17 31 13 837 0      -4.43359427       0.00000000  0  0 b5 f0 15 04 03 0020 01 01
   32 2016 322 17 31 14 837 0      -4.41547921       0.00000000  0  0 b5 f0 15 04 03 0020 01 01
   32 2016 322 17 31 15 837 0      -4.39718202       0.00000000  0  0 b5 f0 15 04 03 0020 01 01
   32 2016 322 17 31 16 837 0      -4.37870629       0.00000000  0  0 b5 f0 15 04 03 0020 01 01
   32 2016 322 17 31 17 837 0      -4.36005174       0.00000000  0  0 b5 f0 15 04 03 0020 01 01
   32 2016 322 17 31 18 837 0      -4.34119948       0.00000000  0  0 b5 f0 15 04 03 0020 01 01
   32 2016 322 17 31 19 837 0      -4.32215881       0.00000000  0  0 b5 f0 15 04 03 0020 01 01
   32 2016 322 17 31 20 837 0      -4.30294060       0.00000000  0  0 b5 f0 15 04 03 0020 01 01
   33 2016 322 17 31 21 837 0      -4.28351580       0.00000000  0  0 b5 f0 15 04 03 0021 01 01
   33 2016 322 17 31 22 837 0      -4.26390181       0.00000000  0  0 b5 f0 15 04 03 0021 01 01
   33 2016 322 17 31 23 837 0      -4.24410181       0.00000000  0  0 b5 f0 15 04 03 0021 01 01
   33 2016 322 17 31 24 837 0      -4.22409849       0.00000000  0  0 b5 f0 15 04 03 0021 01 01
   33 2016 322 17 31 25 837 0      -4.20389038       0.00000000  0  0 b5 f0 15 04 03 0021 01 01
   33 2016 322 17 31 26 837 0      -4.18349307       0.00000000  0  0 b5 f0 15 04 03 0021 01 01
   33 2016 322 17 31 27 837 0      -4.16289724       0.00000000  0  0 b5 f0 15 04 03 0021 01 01
   33 2016 322 17 31 28 837 0      -4.14208882       0.00000000  0  0 b5 f0 15 04 03 0021 01 01
   33 2016 322 17 31 29 837 0      -4.12107761       0.00000000  0  0 b5 f0 15 04 03 0021 01 01
   33 2016 322 17 31 30 837 0      -4.09987128       0.00000000  0  0 b5 f0 15 04 03 0021 01 01
   34 2016 322 17 31 31 837 0      -4.07844843       0.00000000  0  0 b5 f0 15 04 03 0022 01 01
   34 2016 322 17 31 32 837 0      -4.05681319       0.00000000  0  0 b5 f0 15 04 03 0022 01 01
   34 2016 322 17 31 33 837 0      -4.03497656       0.00000000  0  0 b5 f0 15 04 03 0022 01 01
   34 2016 322 17 31 34 837 0      -4.01292702       0.00000000  0  0 b5 f0 15 04 03 0022 01 01
   34 2016 322 17 31 35 837 0      -3.99065817       0.00000000  0  0 b5 f0 15 04 03 0022 01 01
   34 2016 322 17 31 36 837 0      -3.96817613       0.00000000  0  0 b5 f0 15 04 03 0022 01 01
   34 2016 322 17 31 37 837 0      -3.94548723       0.00000000  0  0 b5 f0 15 04 03 0022 01 01
   34 2016 322 17 31 38 837 0      -3.92257143       0.00000000  0  0 b5 f0 15 04 03 0022 01 01
   34 2016 322 17 31 39 837 0      -3.89942919       0.00000000  0  0 b5 f0 15 04 03 0022 01 01
   34 2016 322 17 31 40 837 0      -3.87608036       0.00000000  0  0 b5 f0 15 04 03 0022 01 01
   35 2016 322 17 31 41 837 0      -3.85250429       0.00000000  0  0 b5 f0 15 04 03 0023 01 01
   35 2016 322 17 31 42 837 0      -3.82870338       0.00000000  0  0 b5 f0 15 04 03 0023 01 01
   35 2016 322 17 31 43 837 0      -3.80467716       0.00000000  0  0 b5 f0 15 04 03 0023 01 01
   35 2016 322 17 31 44 837 0      -3.78043049       0.00000000  0  0 b5 f0 15 04 03 0023 01 01
   35 2016 322 17 31 45 837 0      -3.75594859       0.00000000  0  0 b5 f0 15 04 03 0023 01 01
   35 2016 322 17 31 46 837 0      -3.73124131       0.00000000  0  0 b5 f0 15 04 03 0023 01 01
   35 2016 322 17 31 47 837 0      -3.70630946       0.00000000  0  0 b5 f0 15 04 03 0023 01 01
   35 2016 322 17 31 48 837 0      -3.68113817       0.00000000  0  0 b5 f0 15 04 03 0023 01 01
   35 2016 322 17 31 49 837 0      -3.65572958       0.00000000  0  0 b5 f0 15 04 03 0023 01 01
   35 2016 322 17 31 50 837 0      -3.63009921       0.00000000  0  0 b5 f0 15 04 03 0023 01 01
   36 2016 322 17 31 51 837 0      -3.60422555       0.00000000  0  0 b5 f0 15 04 03 0024 01 01
   36 2016 322 17 31 52 837 0      -3.57811512       0.00000000  0  0 b5 f0 15 04 03 0024 01 01
   36 2016 322 17 31 53 837 0      -3.55177305       0.00000000  0  0 b5 f0 15 04 03 0024 01 01
   36 2016 322 17 31 54 837 0      -3.52519934       0.00000000  0  0 b5 f0 15 04 03 0024 01 01
   36 2016 322 17 31 55 837 0      -3.49837454       0.00000000  0  0 b5 f0 15 04 03 0024 01 01
   36 2016 322 17 31 56 837 0      -3.47131031       0.00000000  0  0 b5 f0 15 04 03 0024 01 01
   36 2016 322 17 31 57 837 0      -3.44401370       0.00000000  0  0 b5 f0 15 04 03 0024 01 01
   36 2016 322 17 31 58 837 0      -3.41647093       0.00000000  0  0 b5 f0 15 04 03 0024 01 01
   36 2016 322 17 31 59 837 0      -3.38867934       0.00000000  0  0 b5 f0 15 04 03 0024 01 01
   36 2016 322 17 32 00 837 0      -3.36065144       0.00000000  0  0 b5 f0 15 04 03 0024 01 01
   37 2016 322 17 32 01 837 0      -3.33238124       0.00000000  0  0 b5 f0 15 04 03 0025 01 01
   37 2016 322 17 32 02 837 0      -3.30386235       0.00000000  0  0 b5 f0 15 04 03 0025 01 01
   37 2016 322 17 32 03 837 0      -3.27509509       0.00000000  0  0 b5 f0 15 04 03 0025 01 01
   37 2016 322 17 32 04 837 0      -3.24609547       0.00000000  0  0 b5 f0 15 04 03 0025 01 01
   37 2016 322 17 32 05 837 0      -3.21683069       0.00000000  0  0 b5 f0 15 04 03 0025 01 01
   37 2016 322 17 32 06 837 0      -3.18731895       0.00000000  0  0 b5 f0 15 04 03 0025 01 01
   37 2016 322 17 32 07 837 0      -3.15757065       0.00000000  0  0 b5 f0 15 04 03 0025 01 01
   37 2016 322 17 32 08 837 0      -3.12757437       0.00000000  0  0 b5 f0 15 04 03 0025 01 01
   37 2016 322 17 32 09 837 0      -3.09732195       0.00000000  0  0 b5 f0 15 04 03 0025 01 01
   37 2016 322 17 32 10 837 0      -3.06682156       0.00000000  0  0 b5 f0 15 04 03 0025 01 01
   38 2016 322 17 32 11 837 0      -3.03608073       0.00000000  0  0 b5 f0 15 04 03 0026 01 01
   38 2016 322 17 32 12 837 0      -3.00508068       0.00000000  0  0 b5 f0 15 04 03 0026 01 01
   38 2016 322 17 32 13 837 0      -2.97383181       0.00000000  0  0 b5 f0 15 04 03 0026 01 01
   38 2016 322 17 32 14 837 0      -2.94234876       0.00000000  0  0 b5 f0 15 04 03 0026 01 01
   38 2016 322 17 32 15 837 0      -2.91060082       0.00000000  0  0 b5 f0 15 04 03 0026 01 01
   38 2016 322 17 32 16 837 0      -2.87860146       0.00000000  0  0 b5 f0 15 04 03 0026 01 01
   38 2016 322 17 32 17 837 0      -2.84636632       0.00000000  0  0 b5 f0 15 04 03 0026 01 01
   38 2016 322 17 32 18 837 0      -2.81388343       0.00000000  0  0 b5 f0 15 04 03 0026 01 01
   38 2016 322 17 32 19 837 0      -2.78113691       0.00000000  0  0 b5 f0 15 04 03 0026 01 01
   38 2016 322 17 32 20 837 0      -2.74814522       0.00000000  0  0 b5 f0 15 04 03 0026 01 01
   39 2016 322 17 32 21 837 0      -2.71493029       0.00000000  0  0 b5 f0 15 04 03 0027 01 01
   39 2016 322 17 32 22 837 0      -2.68144734       0.00000000  0  0 b5 f0 15 04 03 0027 01 01
   39 2016 322 17 32 23 837 0      -2.64771396       0.00000000  0  0 b5 f0 15 04 03 0027 01 01
   39 2016 322 17 32 24 837 0      -2.61374874       0.00000000  0  0 b5 f0 15 04 03 0027 01 01
   39 2016 322 17 32 25 837 0      -2.57953868       0.00000000  0  0 b5 f0 15 04 03 0027 01 01
   39 2016 322 17 32 26 837 0      -2.54507486       0.00000000  0  0 b5 f0 15 04 03 0027 01 01
   39 2016 322 17 32 27 837 0      -2.51037467       0.00000000  0  0 b5 f0 15 04 03 0027 01 01
   39 2016 322 17 32 28 837 0      -2.47544243       0.00000000  0  0 b5 f0 15 04 03 0027 01 01
   39 2016 322 17 32 29 837 0      -2.44025644       0.00000000  0  0 b5 f0 15 04 03 0027 01 01
   39 2016 322 17 32 30 837 0      -2.40482867       0.00000000  0  0 b5 f0 15 04 03 0027 01 01
   40 2016 322 17 32 31 837 0      -2.36918018       0.00000000  0  0 b5 f0 15 04 03 0028 01 01
   40 2016 322 17 32 32 837 0      -2.33328793       0.00000000  0  0 b5 f0 15 04 03 0028 01 01
   40 2016 322 17 32 33 837 0      -2.29715437       0.00000000  0  0 b5 f0 15 04 03 0028 01 01
   40 2016 322 17 32 34 837 0      -2.26079835       0.00000000  0  0 b5 f0 15 04 03 0028 01 01
   40 2016 322 17 32 35 837 0      -2.22421303       0.00000000  0  0 b5 f0 15 04 03 0028 01 01
   40 2016 322 17 32 36 837 0      -2.18738747       0.00000000  0  0 b5 f0 15 04 03 0028 01 01
   40 2016 322 17 32 37 837 0      -2.15033252       0.00000000  0  0 b5 f0 15 04 03 0028 01 01
   40 2016 322 17 32 38 837 0      -2.11307151       0.00000000  0  0 b5 f0 15 04 03 0028 01 01
   40 2016 322 17 32 39 837 0      -2.07557413       0.00000000  0  0 b5 f0 15 04 03 0028 01 01
   40 2016 322 17 32 40 837 0      -2.03784950       0.00000000  0  0 b5 f0 15 04 03 0028 01 01
   41 2016 322 17 32 41 837 0      -1.99991847       0.00000000  0  0 b5 f0 15 04 03 0029 01 01
   41 2016 322 17 32 42 837 0      -1.96177191       0.00000000  0  0 b5 f0 15 04 03 0029 01 01
   41 2016 322 17 32 43 837 0      -1.92340044       0.00000000  0  0 b5 f0 15 04 03 0029 01 01
   41 2016 322 17 32 44 837 0      -1.88482670       0.00000000  0  0 b5 f0 15 04 03 0029 01 01
   41 2016 322 17 32 45 837 0      -1.84604857       0.00000000  0  0 b5 f0 15 04 03 0029 01 01
   41 2016 322 17 32 46 837 0      -1.80705457       0.00000000  0  0 b5 f0 15 04 03 0029 01 01
   41 2016 322 17 32 47 837 0      -1.76785717       0.00000000  0  0 b5 f0 15 04 03 0029 01 01
   41 2016 322 17 32 48 837 0      -1.72847550       0.00000000  0  0 b5 f0 15 04 03 0029 01 01
   41 2016 322 17 32 49 837 0      -1.68889148       0.00000000  0  0 b5 f0 15 04 03 0029 01 01
   41 2016 322 17 32 50 837 0      -1.64910101       0.00000000  0  0 b5 f0 15 04 03 0029 01 01
   42 2016 322 17 32 51 837 0      -1.60913897       0.00000000  0  0 b5 f0 15 04 03 002a 01 01
   42 2016 322 17 32 52 837 0      -1.56898986       0.00000000  0  0 b5 f0 15 04 03 002a 01 01
   42 2016 322 17 32 53 837 0      -1.52864814       0.00000000  0  0 b5 f0 15 04 03 002a 01 01
   42 2016 322 17 32 54 837 0      -1.48812440       0.00000000  0  0 b5 f0 15 04 03 002a 01 01
   42 2016 322 17 32 55 837 0      -1.44744736       0.00000000  0  0 b5 f0 15 04 03 002a 01 01
   42 2016 322 17 32 56 837 0      -1.40658177       0.00000000  0  0 b5 f0 15 04 03 002a 01 01
   42 2016 322 17 32 57 837 0      -1.36554583       0.00000000  0  0 b5 f0 15 04 03 002a 01 01
   42 2016 322 17 32 58 837 0      -1.32435758       0.00000000  0  0 b5 f0 15 04 03 002a 01 01
   42 2016 322 17 32 59 837 0      -1.28301489       0.00000000  0  0 b5 f0 15 04 03 002a 01 01
   42 2016 322 17 33 00 837 0      -1.24149599       0.00000000  0  0 b5 f0 15 04 03 002a 01 01
   43 2016 322 17 33 01 837 0      -1.19983910       0.00000000  0  0 b5 f0 15 04 03 002b 01 01
   43 2016 322 17 33 02 837 0      -1.15804622       0.00000000  0  0 b5 f0 15 04 03 002b 01 01
   43 2016 322 17 33 03 837 0      -1.11609132       0.00000000  0  0 b5 f0 15 04 03 002b 01 01
   43 2016 322 17 33 04 837 0      -1.07400543       0.00000000  0  0 b5 f0 15 04 03 002b 01 01
   43 2016 322 17 33 05 837 0      -1.03179515       0.00000000  0  0 b5 f0 15 04 03 002b 01 01
   43 2016 322 17 33 06 837 0      -0.98945202       0.00000000  0  0 b5 f0 15 04 03 002b 01 01
   43 2016 322 17 33 07 837 0      -0.94697390       0.00000000  0  0 b5 f0 15 04 03 002b 01 01
   43 2016 322 17 33 08 837 0      -0.90439077       0.00000000  0  0 b5 f0 15 04 03 002b 01 01
   43 2016 322 17 33 09 837 0      -0.86170131       0.00000000  0  0 b5 f0 15 04 03 002b 01 01
   43 2016 322 17 33 10 837 0      -0.81888273       0.00000000  0  0 b5 f0 15 04 03 002b 01 01
   44 2016 322 17 33 11 837 0      -0.77597000       0.00000000  0  0 b5 f0 15 04 03 002c 01 01
   44 2016 322 17 33 12 837 0      -0.73296805       0.00000000  0  0 b5 f0 15 04 03 002c 01 01
   44 2016 322 17 33 13 837 0      -0.68986416       0.00000000  0  0 b5 f0 15 04 03 002c 01 01
   44 2016 322 17 33 14 837 0      -0.64666559       0.00000000  0  0 b5 f0 15 04 03 002c 01 01
   44 2016 322 17 33 15 837 0      -0.60339480       0.00000000  0  0 b5 f0 15 04 03 002c 01 01
   44 2016 322 17 33 16 837 0      -0.56004731       0.00000000  0  0 b5 f0 15 04 03 002c 01 01
   44 2016 322 17 33 17 837 0      -0.51661926       0.00000000  0  0 b5 f0 15 04 03 002c 01 01
   44 2016 322 17 33 18 837 0      -0.47312718       0.00000000  0  0 b5 f0 15 04 03 002c 01 01
   44 2016 322 17 33 19 837 0      -0.42958699       0.00000000  0  0 b5 f0 15 04 03 002c 01 01
   44 2016 322 17 33 20 837 0      -0.38597243       0.00000000  0  0 b5 f0 15 04 03 002c 01 01
   45 2016 322 17 33 21 837 0      -0.34230903       0.00000000  0  0 b5 f0 15 04 03 002d 01 01
   45 2016 322 17 33 22 837 0      -0.29861538       0.00000000  0  0 b5 f0 15 04 03 002d 01 01
   45 2016 322 17 33 23 837 0      -0.25487933       0.00000000  0  0 b5 f0 15 04 03 002d 01 01
   45 2016 322 17 33 24 837 0      -0.21109738       0.00000000  0  0 b5 f0 15 04 03 002d 01 01
   45 2016 322 17 33 25 837 0      -0.16729915       0.00000000  0  0 b5 f0 15 04 03 002d 01 01
   45 2016 322 17 33 26 837 0      -0.12348480       0.00000000  0  0 b5 f0 15 04 03 002d 01 01
   45 2016 322 17 33 27 837 0      -0.07963865       0.00000000  0  0 b5 f0 15 04 03 002d 01 01
   45 2016 322 17 33 28 837 0      -0.03578476       0.00000000  0  0 b5 f0 15 04 03 002d 01 01
   45 2016 322 17 33 29 837 0       0.00805662       0.00000000  0  0 b5 f0 15 04 03 002d 01 01
   45 2016 322 17 33 30 837 0       0.05191547       0.00000000  0  0 b5 f0 15 04 03 002d 01 01
   46 2016 322 17 33 31 837 0       0.09576906       0.00000000  0  0 b5 f0 15 04 03 002e 01 01
   46 2016 322 17 33 32 837 0       0.13959243       0.00000000  0  0 b5 f0 15 04 03 002e 01 01
   46 2016 322 17 33 33 837 0       0.18340328       0.00000000  0  0 b5 f0 15 04 03 002e 01 01
   46 2016 322 17 33 34 837 0       0.22720155       0.00000000  0  0 b5 f0 15 04 03 002e 01 01
   46 2016 322 17 33 35 837 0       0.27097219       0.00000000  0  0 b5 f0 15 04 03 002e 01 01
   46 2016 322 17 33 36 837 0       0.31468581       0.00000000  0  0 b5 f0 15 04 03 002e 01 01
   46 2016 322 17 33 37 837 0       0.35837673       0.00000000  0  0 b5 f0 15 04 03 002e 01 01
   46 2016 322 17 33 38 837 0       0.40202529       0.00000000  0  0 b5 f0 15 04 03 002e 01 01
   46 2016 322 17 33 39 837 0       0.44559978       0.00000000  0  0 b5 f0 15 04 03 002e 01 01
   46 2016 322 17 33 40 837 0       0.48913464       0.00000000  0  0 b5 f0 15 04 03 002e 01 01
   47 2016 322 17 33 41 837 0       0.53260890       0.00000000  0  0 b5 f0 15 04 03 002f 01 01
   47 2016 322 17 33 42 837 0       0.57600788       0.00000000  0  0 b5 f0 15 04 03 002f 01 01
   47 2016 322 17 33 43 837 0       0.61932839       0.00000000  0  0 b5 f0 15 04 03 002f 01 01
   47 2016 322 17 33 44 837 0       0.66258104       0.00000000  0  0 b5 f0 15 04 03 002f 01 01
   47 2016 322 17 33 45 837 0       0.70574828       0.00000000  0  0 b5 f0 15 04 03 002f 01 01
   47 2016 322 17 33 46 837 0       0.74880835       0.00000000  0  0 b5 f0 15 04 03 002f 01 01
   47 2016 322 17 33 47 837 0       0.79178682       0.00000000  0  0 b5 f0 15 04 03 002f 01 01
   47 2016 322 17 33 48 837 0       0.83467229       0.00000000  0  0 b5 f0 15 04 03 002f 01 01
   47 2016 322 17 33 49 837 0       0.87743573       0.00000000  0  0 b5 f0 15 04 03 002f 01 01
   47 2016 322 17 33 50 837 0       0.92009492       0.00000000  0  0 b5 f0 15 04 03 002f 01 01
   48 2016 322 17 33 51 837 0       0.96264740       0.00000000  0  0 b5 f0 15 04 03 0030 01 01
   48 2016 322 17 33 52 837 0       1.00507411       0.00000000  0  0 b5 f0 15 04 03 0030 01 01
   48 2016 322 17 33 53 837 0       1.04736452       0.00000000  0  0 b5 f0 15 04 03 0030 01 01
   48 2016 322 17 33 54 837 0       1.08954609       0.00000000  0  0 b5 f0 15 04 03 0030 01 01
   48 2016 322 17 33 55 837 0       1.13158949       0.00000000  0  0 b5 f0 15 04 03 0030 01 01
   48 2016 322 17 33 56 837 0       1.17347955       0.00000000  0  0 b5 f0 15 04 03 0030 01 01
   48 2016 322 17 33 57 837 0       1.21523091       0.00000000  0  0 b5 f0 15 04 03 0030 01 01
   48 2016 322 17 33 58 837 0       1.25684698       0.00000000  0  0 b5 f0 15 04 03 0030 01 01
   48 2016 322 17 33 59 837 0       1.29829537       0.00000000  0  0 b5 f0 15 04 03 0030 01 01
   48 2016 322 17 34 00 837 0       1.33958875       0.00000000  0  0 b5 f0 15 04 03 0030 01 01
   49 2016 322 17 34 01 837 0       1.38073237       0.00000000  0  0 b5 f0 15 04 03 0031 01 01
   49 2016 322 17 34 02 837 0       1.42170945       0.00000000  0  0 b5 f0 15 04 03 0031 01 01
   49 2016 322 17 34 03 837 0       1.46250274       0.00000000  0  0 b5 f0 15 04 03 0031 01 01
   49 2016 322 17 34 04 837 0       1.50313827       0.00000000  0  0 b5 f0 15 04 03 0031 01 01
   49 2016 322 17 34 05 837 0       1.54359868       0.00000000  0  0 b5 f0 15 04 03 0031 01 01
   49 2016 322 17 34 06 837 0       1.58387055       0.00000000  0  0 b5 f0 15 04 03 0031 01 01
   49 2016 322 17 34 07 837 0       1.62395796       0.00000000  0  0 b5 f0 15 04 03 0031 01 01
   49 2016 322 17 34 08 837 0       1.66386943       0.00000000  0  0 b5 f0 15 04 03 0031 01 01
   49 2016 322 17 34 09 837 0       1.70358732       0.00000000  0  0 b5 f0 15 04 03 0031 01 01
   49 2016 322 17 34 10 837 0       1.74309649       0.00000000  0  0 b5 f0 15 04 03 0031 01 01
   50 2016 322 17 34 11 837 0       1.78242219       0.00000000  0  0 b5 f0 15 04 03 0032 01 01
   50 2016 322 17 34 12 837 0       1.82154911       0.00000000  0  0 b5 f0 15 04 03 0032 01 01
   50 2016 322 17 34 13 837 0       1.86045665       0.00000000  0  0 b5 f0 15 04 03 0032 01 01
   50 2016 322 17 34 14 837 0       1.89917054       0.00000000  0  0 b5 f0 15 04 03 0032 01 01
   50 2016 322 17 34 15 837 0       1.93768477       0.00000000  0  0 b5 f0 15 04 03 0032 01 01
   50 2016 322 17 34 16 837 0       1.97597489       0.00000000  0  0 b5 f0 15 04 03 0032 01 01
   50 2016 322 17 34 17 837 0       2.01404485       0.00000000  0  0 b5 f0 15 04 03 0032 01 01
   50 2016 322 17 34 18 837 0       2.05191461       0.00000000  0  0 b5 f0 15 04 03 0032 01 01
   50 2016 322 17 34 19 837 0       2.08956053       0.00000000  0  0 b5 f0 15 04 03 0032 01 01
   50 2016 322 17 34 20 837 0       2.12696836       0.00000000  0  0 b5 f0 15 04 03 0032 01 01
   51 2016 322 17 34 21 837 0       2.16416461       0.00000000  0  0 b5 f0 15 04 03 0033 01 01
   51 2016 322 17 34 22 837 0       2.20114675       0.00000000  0  0 b5 f0 15 04 03 0033 01 01
   51 2016 322 17 34 23 837 0       2.23789006       0.00000000  0  0 b5 f0 15 04 03 0033 01 01
   51 2016 322 17 34 24 837 0       2.27439247       0.00000000  0  0 b5 f0 15 04 03 0033 01 01
   51 2016 322 17 34 25 837 0       2.31067884       0.00000000  0  0 b5 f0 15 04 03 0033 01 01
   51 2016 322 17 34 26 837 0       2.34673304       0.00000000  0  0 b5 f0 15 04 03 0033 01 01
   51 2016 322 17 34 27 837 0       2.38253569       0.00000000  0  0 b5 f0 15 04 03 0033 01 01
   51 2016 322 17 34 28 837 0       2.41811995       0.00000000  0  0 b5 f0 15 04 03 0033 01 01
   51 2016 322 17 34 29 837 0       2.45346399       0.00000000  0  0 b5 f0 15 04 03 0033 01 01
   51 2016 322 17 34 30 837 0       2.48855488       0.00000000  0  0 b5 f0 15 04 03 0033 01 01
   52 2016 322 17 34 31 837 0       2.52341806       0.00000000  0  0 b5 f0 15 04 03 0034 01 01
   52 2016 322 17 34 32 837 0       2.55804235       0.00000000  0  0 b5 f0 15 04 03 0034 01 01
   52 2016 322 17 34 33 837 0       2.59241521       0.00000000  0  0 b5 f0 15 04 03 0034 01 01
   52 2016 322 17 34 34 837 0       2.62653825       0.00000000  0  0 b5 f0 15 04 03 0034 01 01
   52 2016 322 17 34 35 837 0       2.66043365       0.00000000  0  0 b5 f0 15 04 03 0034 01 01
   52 2016 322 17 34 36 837 0       2.69408049       0.00000000  0  0 b5 f0 15 04 03 0034 01 01
   52 2016 322 17 34 37 837 0       2.72746238       0.00000000  0  0 b5 f0 15 04 03 0034 01 01
   52 2016 322 17 34 38 837 0       2.76061690       0.00000000  0  0 b5 f0 15 04 03 0034 01 01
   52 2016 322 17 34 39 837 0       2.79352700       0.00000000  0  0 b5 f0 15 04 03 0034 01 01
   52 2016 322 17 34 40 837 0       2.82617714       0.00000000  0  0 b5 f0 15 04 03 0034 01 01
   53 2016 322 17 34 41 837 0       2.85857666       0.00000000  0  0 b5 f0 15 04 03 0035 01 01
   53 2016 322 17 34 42 837 0       2.89074640       0.00000000  0  0 b5 f0 15 04 03 0035 01 01
   53 2016 322 17 34 43 837 0       2.92265360       0.00000000  0  0 b5 f0 15 04 03 0035 01 01
   53 2016 322 17 34 44 837 0       2.95430078       0.00000000  0  0 b5 f0 15 04 03 0035 01 01
   53 2016 322 17 34 45 837 0       2.98572058       0.00000000  0  0 b5 f0 15 04 03 0035 01 01
   53 2016 322 17 34 46 837 0       3.01688630       0.00000000  0  0 b5 f0 15 04 03 0035 01 01
   53 2016 322 17 34 47 837 0       3.04779033       0.00000000  0  0 b5 f0 15 04 03 0035 01 01
   53 2016 322 17 34 48 837 0       3.07845433       0.00000000  0  0 b5 f0 15 04 03 0035 01 01
   53 2016 322 17 34 49 837 0       3.10887403       0.00000000  0  0 b5 f0 15 04 03 0035 01 01
   53 2016 322 17 34 50 837 0       3.13904044       0.00000000  0  0 b5 f0 15 04 03 0035 01 01
   54 2016 322 17 34 51 837 0       3.16895190       0.00000000  0  0 b5 f0 15 04 03 0036 01 01
   54 2016 322 17 34 52 837 0       3.19862759       0.00000000  0  0 b5 f0 15 04 03 0036 01 01
   54 2016 322 17 34 53 837 0       3.22805525       0.00000000  0  0 b5 f0 15 04 03 0036 01 01
   54 2016 322 17 34 54 837 0       3.25722135       0.00000000  0  0 b5 f0 15 04 03 0036 01 01
   54 2016 322 17 34 55 837 0       3.28615089       0.00000000  0  0 b5 f0 15 04 03 0036 01 01
   54 2016 322 17 34 56 837 0       3.31483820       0.00000000  0  0 b5 f0 15 04 03 0036 01 01
   54 2016 322 17 34 57 837 0       3.34327328       0.00000000  0  0 b5 f0 15 04 03 0036 01 01
   54 2016 322 17 34 58 837 0       3.37146039       0.00000000  0  0 b5 f0 15 04 03 0036 01 01
   54 2016 322 17 34 59 837 0       3.39941487       0.00000000  0  0 b5 f0 15 04 03 0036 01 01
   54 2016 322 17 35 00 837 0       3.42712446       0.00000000  0  0 b5 f0 15 04 03 0036 01 01
   55 2016 322 17 35 01 837 0       3.45457375       0.00000000  0  0 b5 f0 15 04 03 0037 01 01
   55 2016 322 17 35 02 837 0       3.48180140       0.00000000  0  0 b5 f0 15 04 03 0037 01 01
   55 2016 322 17 35 03 837 0       3.50878648       0.00000000  0  0 b5 f0 15 04 03 0037 01 01
   55 2016 322 17 35 04 837 0       3.53552220       0.00000000  0  0 b5 f0 15 04 03 0037 01 01
   55 2016 322 17 35 05 837 0       3.56202455       0.00000000  0  0 b5 f0 15 04 03 0037 01 01
   55 2016 322 17 35 06 837 0       3.58829059       0.00000000  0  0 b5 f0 15 04 03 0037 01 01
   55 2016 322 17 35 07 837 0       3.61431906       0.00000000  0  0 b5 f0 15 04 03 0037 01 01
   55 2016 322 17 35 08 837 0       3.64010650       0.00000000  0  0 b5 f0 15 04 03 0037 01 01
   55 2016 322 17 35 09 837 0       3.66566810       0.00000000  0  0 b5 f0 15 04 03 0037 01 01
   55 2016 322 17 35 10 837 0       3.69099878       0.00000000  0  0 b5 f0 15 04 03 0037 01 01
   56 2016 322 17 35 11 837 0       3.71608310       0.00000000  0  0 b5 f0 15 04 03 0038 01 01
   56 2016 322 17 35 12 837 0       3.74094544       0.00000000  0  0 b5 f0 15 04 03 0038 01 01
   56 2016 322 17 35 13 837 0       3.76558314       0.00000000  0  0 b5 f0 15 04 03 0038 01 01
   56 2016 322 17 35 14 837 0       3.78998486       0.00000000  0  0 b5 f0 15 04 03 0038 01 01
   56 2016 322 17 35 15 837 0       3.81415701       0.00000000  0  0 b5 f0 15 04 03 0038 01 01
   56 2016 322 17 35 16 837 0       3.83811317       0.00000000  0  0 b5 f0 15 04 03 0038 01 01
   56 2016 322 17 35 17 837 0       3.86184188       0.00000000  0  0 b5 f0 15 04 03 0038 01 01
   56 2016 322 17 35 18 837 0       3.88533896       0.00000000  0  0 b5 f0 15 04 03 0038 01 01
   56 2016 322 17 35 19 837 0       3.90862684       0.00000000  0  0 b5 f0 15 04 03 0038 01 01
   56 2016 322 17 35 20 837 0       3.93169068       0.00000000  0  0 b5 f0 15 04 03 0038 01 01
   57 2016 322 17 35 21 837 0       3.95453013       0.00000000  0  0 b5 f0 15 04 03 0039 01 01
   57 2016 322 17 35 22 837 0       3.97715514       0.00000000  0  0 b5 f0 15 04 03 0039 01 01
   57 2016 322 17 35 23 837 0       3.99957068       0.00000000  0  0 b5 f0 15 04 03 0039 01 01
   57 2016 322 17 35 24 837 0       4.02176638       0.00000000  0  0 b5 f0 15 04 03 0039 01 01
   57 2016 322 17 35 25 837 0       4.04374416       0.00000000  0  0 b5 f0 15 04 03 0039 01 01
   57 2016 322 17 35 26 837 0       4.06552114       0.00000000  0  0 b5 f0 15 04 03 0039 01 01
   57 2016 322 17 35 27 837 0       4.08708746       0.00000000  0  0 b5 f0 15 04 03 0039 01 01
   57 2016 322 17 35 28 837 0       4.10843473       0.00000000  0  0 b5 f0 15 04 03 0039 01 01
   57 2016 322 17 35 29 837 0       4.12958061       0.00000000  0  0 b5 f0 15 04 03 0039 01 01
   57 2016 322 17 35 30 837 0       4.15052888       0.00000000  0  0 b5 f0 15 04 03 0039 01 01
   58 2016 322 17 35 31 837 0       4.17126437       0.00000000  0  0 b5 f0 15 04 03 003a 01 01
   58 2016 322 17 35 32 837 0       4.19179733       0.00000000  0  0 b5 f0 15 04 03 003a 01 01
   58 2016 322 17 35 33 837 0       4.21213902       0.00000000  0  0 b5 f0 15 04 03 003a 01 01
   58 2016 322 17 35 34 837 0       4.23227798       0.00000000  0  0 b5 f0 15 04 03 003a 01 01
   58 2016 322 17 35 35 837 0       4.25220874       0.00000000  0  0 b5 f0 15 04 03 003a 01 01
   58 2016 322 17 35 36 837 0       4.27195610       0.00000000  0  0 b5 f0 15 04 03 003a 01 01
   58 2016 322 17 35 37 837 0       4.29150926       0.00000000  0  0 b5 f0 15 04 03 003a 01 01
   58 2016 322 17 35 38 837 0       4.31086361       0.00000000  0  0 b5 f0 15 04 03 003a 01 01
   58 2016 322 17 35 39 837 0       4.33002637       0.00000000  0  0 b5 f0 15 04 03 003a 01 01
   58 2016 322 17 35 40 837 0       4.34900651       0.00000000  0  0 b5 f0 15 04 03 003a 01 01
   59 2016 322 17 35 41 837 0       4.36779665       0.00000000  0  0 b5 f0 15 04 03 003b 01 01
   59 2016 322 17 35 42 837 0       4.38639578       0.00000000  0  0 b5 f0 15 04 03 003b 01 01
   59 2016 322 17 35 43 837 0       4.40481797       0.00000000  0  0 b5 f0 15 04 03 003b 01 01
   59 2016 322 17 35 44 837 0       4.42305428       0.00000000  0  0 b5 f0 15 04 03 003b 01 01
   59 2016 322 17 35 45 837 0       4.44110486       0.00000000  0  0 b5 f0 15 04 03 003b 01 01
   59 2016 322 17 35 46 837 0       4.45898048       0.00000000  0  0 b5 f0 15 04 03 003b 01 01
   59 2016 322 17 35 47 837 0       4.47667762       0.00000000  0  0 b5 f0 15 04 03 003b 01 01
   59 2016 322 17 35 48 837 0       4.49419775       0.00000000  0  0 b5 f0 15 04 03 003b 01 01
   59 2016 322 17 35 49 837 0       4.51153940       0.00000000  0  0 b5 f0 15 04 03 003b 01 01
   59 2016 322 17 35 50 837 0       4.52871449       0.00000000  0  0 b5 f0 15 04 03 003b 01 01
   60 2016 322 17 35 51 837 0       4.54571631       0.00000000  0  0 b5 f0 15 04 03 003c 01 01
   60 2016 322 17 35 52 837 0       4.56253950       0.00000000  0  0 b5 f0 15 04 03 003c 01 01
   60 2016 322 17 35 53 837 0       4.57920088       0.00000000  0  0 b5 f0 15 04 03 003c 01 01
   60 2016 322 17 35 54 837 0       4.59569936       0.00000000  0  0 b5 f0 15 04 03 003c 01 01
   60 2016 322 17 35 55 837 0       4.61202449       0.00000000  0  0 b5 f0 15 04 03 003c 01 01
   60 2016 322 17 35 56 837 0       4.62818514       0.00000000  0  0 b5 f0 15 04 03 003c 01 01
   60 2016 322 17 35 57 837 0       4.64419329       0.00000000  0  0 b5 f0 15 04 03 003c 01 01
   60 2016 322 17 35 58 837 0       4.66003281       0.00000000  0  0 b5 f0 15 04 03 003c 01 01
   60 2016 322 17 35 59 837 0       4.67571051       0.00000000  0  0 b5 f0 15 04 03 003c 01 01
   60 2016 322 17 36 00 837 0       4.69123718       0.00000000  0  0 b5 f0 15 04 03 003c 01 01
   61 2016 322 17 36 01 837 0       4.70660676       0.00000000  0  0 b5 f0 15 04 03 003d 01 01
   61 2016 322 17 36 02 837 0       4.72181384       0.00000000  0  0 b5 f0 15 04 03 003d 01 01
   61 2016 322 17 36 03 837 0       4.73687529       0.00000000  0  0 b5 f0 15 04 03 003d 01 01
   61 2016 322 17 36 04 837 0       4.75178571       0.00000000  0  0 b5 f0 15 04 03 003d 01 01
   61 2016 322 17 36 05 837 0       4.76654110       0.00000000  0  0 b5 f0 15 04 03 003d 01 01
   61 2016 322 17 36 06 837 0       4.78114658       0.00000000  0  0 b5 f0 15 04 03 003d 01 01
   61 2016 322 17 36 07 837 0       4.79560990       0.00000000  0  0 b5 f0 15 04 03 003d 01 01
   61 2016 322 17 36 08 837 0       4.80992705       0.00000000  0  0 b5 f0 15 04 03 003d 01 01
   61 2016 322 17 36 09 837 0       4.82409476       0.00000000  0  0 b5 f0 15 04 03 003d 01 01
   61 2016 322 17 36 10 837 0       4.83812250       0.00000000  0  0 b5 f0 15 04 03 003d 01 01
   62 2016 322 17 36 11 837 0       4.85201227       0.00000000  0  0 b5 f0 15 04 03 003e 01 01
   62 2016 322 17 36 12 837 0       4.86575480       0.00000000  0  0 b5 f0 15 04 03 003e 01 01
   62 2016 322 17 36 13 837 0       4.87935936       0.00000000  0  0 b5 f0 15 04 03 003e 01 01
   62 2016 322 17 36 14 837 0       4.89283427       0.00000000  0  0 b5 f0 15 04 03 003e 01 01
   62 2016 322 17 36 15 837 0       4.90616874       0.00000000  0  0 b5 f0 15 04 03 003e 01 01
   62 2016 322 17 36 16 837 0       4.91936417       0.00000000  0  0 b5 f0 15 04 03 003e 01 01
   62 2016 322 17 36 17 837 0       4.93243269       0.00000000  0  0 b5 f0 15 04 03 003e 01 01
   62 2016 322 17 36 18 837 0       4.94536843       0.00000000  0  0 b5 f0 15 04 03 003e 01 01
   62 2016 322 17 36 19 837 0       4.95816885       0.00000000  0  0 b5 f0 15 04 03 003e 01 01
   62 2016 322 17 36 20 837 0       4.97084483       0.00000000  0  0 b5 f0 15 04 03 003e 01 01
   63 2016 322 17 36 21 837 0       4.98339176       0.00000000  0  0 b5 f0 15 04 03 003f 01 01
   63 2016 322 17 36 22 837 0       4.99581278       0.00000000  0  0 b5 f0 15 04 03 003f 01 01
   63 2016 322 17 36 23 837 0       5.00810621       0.00000000  0  0 b5 f0 15 04 03 003f 01 01
   63 2016 322 17 36 24 837 0       5.02027999       0.00000000  0  0 b5 f0 15 04 03 003f 01 01
   63 2016 322 17 36 25 837 0       5.03232832       0.00000000  0  0 b5 f0 15 04 03 003f 01 01
   63 2016 322 17 36 26 837 0       5.04425220       0.00000000  0  0 b5 f0 15 04 03 003f 01 01
   63 2016 322 17 36 27 837 0       5.05606162       0.00000000  0  0 b5 f0 15 04 03 003f 01 01
   63 2016 322 17 36 28 837 0       5.06775133       0.00000000  0  0 b5 f0 15 04 03 003f 01 01
   63 2016 322 17 36 29 837 0       5.07931871       0.00000000  0  0 b5 f0 15 04 03 003f 01 01
   63 2016 322 17 36 30 837 0       5.09077317       0.00000000  0  0 b5 f0 15 04 03 003f 01 01
   64 2016 322 17 36 31 837 0       5.10211151       0.00000000  0  0 b5 f0 15 04 03 0040 01 01
   64 2016 322 17 36 32 837 0       5.11333798       0.00000000  0  0 b5 f0 15 04 03 0040 01 01
   64 2016 322 17 36 33 837 0       5.12444940       0.00000000  0  0 b5 f0 15 04 03 0040 01 01
   64 2016 322 17 36 34 837 0       5.13545210       0.00000000  0  0 b5 f0 15 04 03 0040 01 01
   64 2016 322 17 36 35 837 0       5.14634440       0.00000000  0  0 b5 f0 15 04 03 0040 01 01
   64 2016 322 17 36 36 837 0       5.15712064       0.00000000  0  0 b5 f0 15 04 03 0040 01 01
   64 2016 322 17 36 37 837 0       5.16779329       0.00000000  0  0 b5 f0 15 04 03 0040 01 01
   64 2016 322 17 36 38 837 0       5.17836134       0.00000000  0  0 b5 f0 15 04 03 0040 01 01
   64 2016 322 17 36 39 837 0       5.18882006       0.00000000  0  0 b5 f0 15 04 03 0040 01 01
   64 2016 322 17 36 40 837 0       5.19917212       0.00000000  0  0 b5 f0 15 04 03 0040 01 01
   65 2016 322 17 36 41 837 0       5.20942531       0.00000000  0  0 b5 f0 15 04 03 0041 01 01
   65 2016 322 17 36 42 837 0       5.21957697       0.00000000  0  0 b5 f0 15 04 03 0041 01 01
   65 2016 322 17 36 43 837 0       5.22962083       0.00000000  0  0 b5 f0 15 04 03 0041 01 01
   65 2016 322 17 36 44 837 0       5.23957002       0.00000000  0  0 b5 f0 15 04 03 0041 01 01
   65 2016 322 17 36 45 837 0       5.24941882       0.00000000  0  0 b5 f0 15 04 03 0041 01 01
   65 2016 322 17 36 46 837 0       5.25916654       0.00000000  0  0 b5 f0 15 04 03 0041 01 01
   65 2016 322 17 36 47 837 0       5.26881647       0.00000000  0  0 b5 f0 15 04 03 0041 01 01
   65 2016 322 17 36 48 837 0       5.27837372       0.00000000  0  0 b5 f0 15 04 03 0041 01 01
   65 2016 322 17 36 49 837 0       5.28783677       0.00000000  0  0 b5 f0 15 04 03 0041 01 01
   65 2016 322 17 36 50 837 0       5.29720042       0.00000000  0  0 b5 f0 15 04 03 0041 01 01
   66 2016 322 17 36 51 837 0       5.30647300       0.00000000  0  0 b5 f0 15 04 03 0042 01 01
   66 2016 322 17 36 52 837 0       5.31565810       0.00000000  0  0 b5 f0 15 04 03 0042 01 01
   66 2016 322 17 36 53 837 0       5.32474326       0.00000000  0  0 b5 f0 15 04 03 0042 01 01
   66 2016 322 17 36 54 837 0       5.33374309       0.00000000  0  0 b5 f0 15 04 03 0042 01 01
   66 2016 322 17 36 55 837 0       5.34265443       0.00000000  0  0 b5 f0 15 04 03 0042 01 01
   66 2016 322 17 36 56 837 0       5.35147571       0.00000000  0  0 b5 f0 15 04 03 0042 01 01
   66 2016 322 17 36 57 837 0       5.36020798       0.00000000  0  0 b5 f0 15 04 03 0042 01 01
   66 2016 322 17 36 58 837 0       5.36885750       0.00000000  0  0 b5 f0 15 04 03 0042 01 01
   66 2016 322 17 36 59 837 0       5.37742327       0.00000000  0  0 b5 f0 15 04 03 0042 01 01
   66 2016 322 17 37 00 837 0       5.38589478       0.00000000  0  0 b5 f0 15 04 03 0042 01 01
   67 2016 322 17 37 01 837 0       5.39428927       0.00000000  0  0 b5 f0 15 04 03 0043 01 01
   67 2016 322 17 37 02 837 0       5.40260202       0.00000000  0  0 b5 f0 15 04 03 0043 01 01
   67 2016 322 17 37 03 837 0       5.41082948       0.00000000  0  0 b5 f0 15 04 03 0043 01 01
   67 2016 322 17 37 04 837 0       5.41897720       0.00000000  0  0 b5 f0 15 04 03 0043 01 01
   67 2016 322 17 37 05 837 0       5.42704431       0.00000000  0  0 b5 f0 15 04 03 0043 01 01
   67 2016 322 17 37 06 837 0       5.43503494       0.00000000  0  0 b5 f0 15 04 03 0043 01 01
   67 2016 322 17 37 07 837 0       5.44294015       0.00000000  0  0 b5 f0 15 04 03 0043 01 01
   67 2016 322 17 37 08 837 0       5.45077042       0.00000000  0  0 b5 f0 15 04 03 0043 01 01
   67 2016 322 17 37 09 837 0       5.45852679       0.00000000  0  0 b5 f0 15 04 03 0043 01 01
   67 2016 322 17 37 10 837 0       5.46620249       0.00000000  0  0 b5 f0 15 04 03 0043 01 01
   68 2016 322 17 37 11 837 0       5.47380691       0.00000000  0  0 b5 f0 15 04 03 0044 01 01
   68 2016 322 17 37 12 837 0       5.48133630       0.00000000  0  0 b5 f0 15 04 03 0044 01 01
   68 2016 322 17 37 13 837 0       5.48879082       0.00000000  0  0 b5 f0 15 04 03 0044 01 01
   68 2016 322 17 37 14 837 0       5.49617038       0.00000000  0  0 b5 f0 15 04 03 0044 01 01
   68 2016 322 17 37 15 837 0       5.50347805       0.00000000  0  0 b5 f0 15 04 03 0044 01 01
   68 2016 322 17 37 16 837 0       5.51071704       0.00000000  0  0 b5 f0 15 04 03 0044 01 01
   68 2016 322 17 37 17 837 0       5.51788268       0.00000000  0  0 b5 f0 15 04 03 0044 01 01
   68 2016 322 17 37 18 837 0       5.52498063       0.00000000  0  0 b5 f0 15 04 03 0044 01 01
   68 2016 322 17 37 19 837 0       5.53200729       0.00000000  0  0 b5 f0 15 04 03 0044 01 01
   68 2016 322 17 37 20 837 0       5.53896573       0.00000000  0  0 b5 f0 15 04 03 0044 01 01
   69 2016 322 17 37 21 837 0       5.54585761       0.00000000  0  0 b5 f0 15 04 03 0045 01 01
   69 2016 322 17 37 22 837 0       5.55268074       0.00000000  0  0 b5 f0 15 04 03 0045 01 01
   69 2016 322 17 37 23 837 0       5.55944084       0.00000000  0  0 b5 f0 15 04 03 0045 01 01
   69 2016 322 17 37 24 837 0       5.56613026       0.00000000  0  0 b5 f0 15 04 03 0045 01 01
   69 2016 322 17 37 25 837 0       5.57275665       0.00000000  0  0 b5 f0 15 04 03 0045 01 01
   69 2016 322 17 37 26 837 0       5.57932262       0.00000000  0  0 b5 f0 15 04 03 0045 01 01
   69 2016 322 17 37 27 837 0       5.58581890       0.00000000  0  0 b5 f0 15 04 03 0045 01 01
   69 2016 322 17 37 28 837 0       5.59225222       0.00000000  0  0 b5 f0 15 04 03 0045 01 01
   69 2016 322 17 37 29 837 0       5.59862871       0.00000000  0  0 b5 f0 15 04 03 0045 01 01
   69 2016 322 17 37 30 837 0       5.60494077       0.00000000  0  0 b5 f0 15 04 03 0045 01 01
   70 2016 322 17 37 31 837 0       5.61118615       0.00000000  0  0 b5 f0 15 04 03 0046 01 01
   70 2016 322 17 37 32 837 0       5.61737790       0.00000000  0  0 b5 f0 15 04 03 0046 01 01
   70 2016 322 17 37 33 837 0       5.62350935       0.00000000  0  0 b5 f0 15 04 03 0046 01 01
   70 2016 322 17 37 34 837 0       5.62957878       0.00000000  0  0 b5 f0 15 04 03 0046 01 01
   70 2016 322 17 37 35 837 0       5.63559204       0.00000000  0  0 b5 f0 15 04 03 0046 01 01
   70 2016 322 17 37 36 837 0       5.64154801       0.00000000  0  0 b5 f0 15 04 03 0046 01 01
   70 2016 322 17 37 37 837 0       5.64744108       0.00000000  0  0 b5 f0 15 04 03 0046 01 01
   70 2016 322 17 37 38 837 0       5.65328412       0.00000000  0  0 b5 f0 15 04 03 0046 01 01
   70 2016 322 17 37 39 837 0       5.65906780       0.00000000  0  0 b5 f0 15 04 03 0046 01 01
   70 2016 322 17 37 40 837 0       5.66479899       0.00000000  0  0 b5 f0 15 04 03 0046 01 01
   71 2016 322 17 37 41 837 0       5.67046814       0.00000000  0  0 b5 f0 15 04 03 0047 01 01
   71 2016 322 17 37 42 837 0       5.67608740       0.00000000  0  0 b5 f0 15 04 03 0047 01 01
   71 2016 322 17 37 43 837 0       5.68165356       0.00000000  0  0 b5 f0 15 04 03 0047 01 01
   71 2016 322 17 37 44 837 0       5.68716508       0.00000000  0  0 b5 f0 15 04 03 0047 01 01
   71 2016 322 17 37 45 837 0       5.69262345       0.00000000  0  0 b5 f0 15 04 03 0047 01 01
   71 2016 322 17 37 46 837 0       5.69802984       0.00000000  0  0 b5 f0 15 04 03 0047 01 01
   71 2016 322 17 37 47 837 0       5.70338254       0.00000000  0  0 b5 f0 15 04 03 0047 01 01
   71 2016 322 17 37 48 837 0       5.70868481       0.00000000  0  0 b5 f0 15 04 03 0047 01 01
   71 2016 322 17 37 49 837 0       5.71393710       0.00000000  0  0 b5 f0 15 04 03 0047 01 01
   71 2016 322 17 37 50 837 0       5.71913683       0.00000000  0  0 b5 f0 15 04 03 0047 01 01
   72 2016 322 17 37 51 837 0       5.72428973       0.00000000  0  0 b5 f0 15 04 03 0048 01 01
   72 2016 322 17 37 52 837 0       5.72939526       0.00000000  0  0 b5 f0 15 04 03 0048 01 01
   72 2016 322 17 37 53 837 0       5.73444869       0.00000000  0  0 b5 f0 15 04 03 0048 01 01
   72 2016 322 17 37 54 837 0       5.73944802       0.00000000  0  0 b5 f0 15 04 03 0048 01 01
   72 2016 322 17 37 55 837 0       5.74440831       0.00000000  0  0 b5 f0 15 04 03 0048 01 01
   72 2016 322 17 37 56 837 0       5.74931916       0.00000000  0  0 b5 f0 15 04 03 0048 01 01
   72 2016 322 17 37 57 837 0       5.75418265       0.00000000  0  0 b5 f0 15 04 03 0048 01 01
   72 2016 322 17 37 58 837 0       5.75899930       0.00000000  0  0 b5 f0 15 04 03 0048 01 01
   72 2016 322 17 37 59 837 0       5.76377171       0.00000000  0  0 b5 f0 15 04 03 0048 01 01
   72 2016 322 17 38 00 837 0       5.76849676       0.00000000  0  0 b5 f0 15 04 03 0048 01 01
   73 2016 322 17 38 01 837 0       5.77317550       0.00000000  0  0 b5 f0 15 04 03 0049 01 01
   73 2016 322 17 38 02 837 0       5.77781307       0.00000000  0  0 b5 f0 15 04 03 0049 01 01
   73 2016 322 17 38 03 837 0       5.78240540       0.00000000  0  0 b5 f0 15 04 03 0049 01 01
   73 2016 322 17 38 04 837 0       5.78695136       0.00000000  0  0 b5 f0 15 04 03 0049 01 01
   73 2016 322 17 38 05 837 0       5.79145568       0.00000000  0  0 b5 f0 15 04 03 0049 01 01
   73 2016 322 17 38 06 837 0       5.79591896       0.00000000  0  0 b5 f0 15 04 03 0049 01 01
   73 2016 322 17 38 07 837 0       5.80034367       0.00000000  0  0 b5 f0 15 04 03 0049 01 01
   73 2016 322 17 38 08 837 0       5.80471735       0.00000000  0  0 b5 f0 15 04 03 0049 01 01
   73 2016 322 17 38 09 837 0       5.80905771       0.00000000  0  0 b5 f0 15 04 03 0049 01 01
   73 2016 322 17 38 10 837 0       5.81335650       0.00000000  0  0 b5 f0 15 04 03 0049 01 01
   74 2016 322 17 38 11 837 0       5.81760892       0.00000000  0  0 b5 f0 15 04 03 004a 01 01
   74 2016 322 17 38 12 837 0       5.82181657       0.00000000  0  0 b5 f0 15 04 03 004a 01 01
   74 2016 322 17 38 13 837 0       5.82599304       0.00000000  0  0 b5 f0 15 04 03 004a 01 01
   74 2016 322 17 38 14 837 0       5.83012728       0.00000000  0  0 b5 f0 15 04 03 004a 01 01
   74 2016 322 17 38 15 837 0       5.83422413       0.00000000  0  0 b5 f0 15 04 03 004a 01 01
   74 2016 322 17 38 16 837 0       5.83827928       0.00000000  0  0 b5 f0 15 04 03 004a 01 01
   74 2016 322 17 38 17 837 0       5.84230532       0.00000000  0  0 b5 f0 15 04 03 004a 01 01
   74 2016 322 17 38 18 837 0       5.84627459       0.00000000  0  0 b5 f0 15 04 03 004a 01 01
   74 2016 322 17 38 19 837 0       5.85021056       0.00000000  0  0 b5 f0 15 04 03 004a 01 01
   74 2016 322 17 38 20 837 0       5.85411687       0.00000000  0  0 b5 f0 15 04 03 004a 01 01
   75 2016 322 17 38 21 837 0       5.85798934       0.00000000  0  0 b5 f0 15 04 03 004b 01 01
   75 2016 322 17 38 22 837 0       5.86182117       0.00000000  0  0 b5 f0 15 04 03 004b 01 01
   75 2016 322 17 38 23 837 0       5.86561869       0.00000000  0  0 b5 f0 15 04 03 004b 01 01
   75 2016 322 17 38 24 837 0       5.86937717       0.00000000  0  0 b5 f0 15 04 03 004b 01 01
   75 2016 322 17 38 25 837 0       5.87310080       0.00000000  0  0 b5 f0 15 04 03 004b 01 01
   75 2016 322 17 38 26 837 0       5.87678953       0.00000000  0  0 b5 f0 15 04 03 004b 01 01
   75 2016 322 17 38 27 837 0       5.88044234       0.00000000  0  0 b5 f0 15 04 03 004b 01 01
   75 2016 322 17 38 28 837 0       5.88406031       0.00000000  0  0 b5 f0 15 04 03 004b 01 01
   75 2016 322 17 38 29 837 0       5.88765537       0.00000000  0  0 b5 f0 15 04 03 004b 01 01
   75 2016 322 17 38 30 837 0       5.89120458       0.00000000  0  0 b5 f0 15 04 03 004b 01 01
   76 2016 322 17 38 31 837 0       5.89472109       0.00000000  0  0 b5 f0 15 04 03 004c 01 01
   76 2016 322 17 38 32 837 0       5.89819329       0.00000000  0  0 b5 f0 15 04 03 004c 01 01
   76 2016 322 17 38 33 837 0       5.90164830       0.00000000  0  0 b5 f0 15 04 03 004c 01 01
   76 2016 322 17 38 34 837 0       5.90506740       0.00000000  0  0 b5 f0 15 04 03 004c 01 01
   76 2016 322 17 38 35 837 0       5.90845325       0.00000000  0  0 b5 f0 15 04 03 004c 01 01
   76 2016 322 17 38 36 837 0       5.91180420       0.00000000  0  0 b5 f0 15 04 03 004c 01 01
   76 2016 322 17 38 37 837 0       5.91511970       0.00000000  0  0 b5 f0 15 04 03 004c 01 01
   76 2016 322 17 38 38 837 0       5.91840249       0.00000000  0  0 b5 f0 15 04 03 004c 01 01
   76 2016 322 17 38 39 837 0       5.92166336       0.00000000  0  0 b5 f0 15 04 03 004c 01 01
   76 2016 322 17 38 40 837 0       5.92489252       0.00000000  0  0 b5 f0 15 04 03 004c 01 01
   77 2016 322 17 38 41 837 0       5.92809876       0.00000000  0  0 b5 f0 15 04 03 004d 01 01
   77 2016 322 17 38 42 837 0       5.93126230       0.00000000  0  0 b5 f0 15 04 03 004d 01 01
   77 2016 322 17 38 43 837 0       5.93439932       0.00000000  0  0 b5 f0 15 04 03 004d 01 01
   77 2016 322 17 38 44 837 0       5.93750356       0.00000000  0  0 b5 f0 15 04 03 004d 01 01
   77 2016 322 17 38 45 837 0       5.94057915       0.00000000  0  0 b5 f0 15 04 03 004d 01 01
   77 2016 322 17 38 46 837 0       5.94362816       0.00000000  0  0 b5 f0 15 04 03 004d 01 01
   77 2016 322 17 38 47 837 0       5.94664339       0.00000000  0  0 b5 f0 15 04 03 004d 01 01
   77 2016 322 17 38 48 837 0       5.94962951       0.00000000  0  0 b5 f0 15 04 03 004d 01 01
   77 2016 322 17 38 49 837 0       5.95260304       0.00000000  0  0 b5 f0 15 04 03 004d 01 01
   77 2016 322 17 38 50 837 0       5.95553866       0.00000000  0  0 b5 f0 15 04 03 004d 01 01
   78 2016 322 17 38 51 837 0       5.95844456       0.00000000  0  0 b5 f0 15 04 03 004e 01 01
   78 2016 322 17 38 52 837 0       5.96131975       0.00000000  0  0 b5 f0 15 04 03 004e 01 01
   78 2016 322 17 38 53 837 0       5.96418095       0.00000000  0  0 b5 f0 15 04 03 004e 01 01
   78 2016 322 17 38 54 837 0       5.96699212       0.00000000  0  0 b5 f0 15 04 03 004e 01 01
   78 2016 322 17 38 55 837 0       5.96979709       0.00000000  0  0 b5 f0 15 04 03 004e 01 01
   78 2016 322 17 38 56 837 0       5.97256715       0.00000000  0  0 b5 f0 15 04 03 004e 01 01
   78 2016 322 17 38 57 837 0       5.97530596       0.00000000  0  0 b5 f0 15 04 03 004e 01 01
   78 2016 322 17 38 58 837 0       5.97802712       0.00000000  0  0 b5 f0 15 04 03 004e 01 01
   78 2016 322 17 38 59 837 0       5.98072589       0.00000000  0  0 b5 f0 15 04 03 004e 01 01
   78 2016 322 17 39 00 837 0       5.98339342       0.00000000  0  0 b5 f0 15 04 03 004e 01 01
   79 2016 322 17 39 01 837 0       5.98604009       0.00000000  0  0 b5 f0 15 04 03 004f 01 01
   79 2016 322 17 39 02 837 0       5.98864572       0.00000000  0  0 b5 f0 15 04 03 004f 01 01
   79 2016 322 17 39 03 837 0       5.99123204       0.00000000  0  0 b5 f0 15 04 03 004f 01 01
   79 2016 322 17 39 04 837 0       5.99379909       0.00000000  0  0 b5 f0 15 04 03 004f 01 01
   79 2016 322 17 39 05 837 0       5.99634590       0.00000000  0  0 b5 f0 15 04 03 004f 01 01
   79 2016 322 17 39 06 837 0       5.99887132       0.00000000  0  0 b5 f0 15 04 03 004f 01 01
   79 2016 322 17 39 07 837 0       6.00134051       0.00000000  0  0 b5 f0 15 04 03 004f 01 01
   79 2016 322 17 39 08 837 0       6.00381656       0.00000000  0  0 b5 f0 15 04 03 004f 01 01
   79 2016 322 17 39 09 837 0       6.00626756       0.00000000  0  0 b5 f0 15 04 03 004f 01 01
   79 2016 322 17 39 10 837 0       6.00868365       0.00000000  0  0 b5 f0 15 04 03 004f 01 01
   80 2016 322 17 39 11 837 0       6.01108522       0.00000000  0  0 b5 f0 15 04 03 0050 01 01
   80 2016 322 17 39 12 837 0       6.01345348       0.00000000  0  0 b5 f0 15 04 03 0050 01 01
   80 2016 322 17 39 13 837 0       6.01579568       0.00000000  0  0 b5 f0 15 04 03 0050 01 01
   80 2016 322 17 39 14 837 0       6.01813222       0.00000000  0  0 b5 f0 15 04 03 0050 01 01
   80 2016 322 17 39 15 837 0       6.02043539       0.00000000  0  0 b5 f0 15 04 03 0050 01 01
   80 2016 322 17 39 16 837 0       6.02270631       0.00000000  0  0 b5 f0 15 04 03 0050 01 01
   80 2016 322 17 39 17 837 0       6.02498656       0.00000000  0  0 b5 f0 15 04 03 0050 01 01
   80 2016 322 17 39 18 837 0       6.02722363       0.00000000  0  0 b5 f0 15 04 03 0050 01 01
   80 2016 322 17 39 19 837 0       6.02944198       0.00000000  0  0 b5 f0 15 04 03 0050 01 01
   80 2016 322 17 39 20 837 0       6.03164681       0.00000000  0  0 b5 f0 15 04 03 0050 01 01
   81 2016 322 17 39 21 837 0       6.03381933       0.00000000  0  0 b5 f0 15 04 03 0051 01 01
   81 2016 322 17 39 22 837 0       6.03594401       0.00000000  0  0 b5 f0 15 04 03 0051 01 01
   81 2016 322 17 39 23 837 0       6.03809627       0.00000000  0  0 b5 f0 15 04 03 0051 01 01
   81 2016 322 17 39 24 837 0       6.04021209       0.00000000  0  0 b5 f0 15 04 03 0051 01 01
   81 2016 322 17 39 25 837 0       6.04231646       0.00000000  0  0 b5 f0 15 04 03 0051 01 01
   81 2016 322 17 39 26 837 0       6.04438178       0.00000000  0  0 b5 f0 15 04 03 0051 01 01
   81 2016 322 17 39 27 837 0       6.04642311       0.00000000  0  0 b5 f0 15 04 03 0051 01 01
   81 2016 322 17 39 28 837 0       6.04843953       0.00000000  0  0 b5 f0 15 04 03 0051 01 01
   81 2016 322 17 39 29 837 0       6.05047727       0.00000000  0  0 b5 f0 15 04 03 0051 01 01
   81 2016 322 17 39 30 837 0       6.05246451       0.00000000  0  0 b5 f0 15 04 03 0051 01 01
   82 2016 322 17 39 31 837 0       6.05442623       0.00000000  0  0 b5 f0 15 04 03 0052 01 01
   82 2016 322 17 39 32 837 0       6.05638275       0.00000000  0  0 b5 f0 15 04 03 0052 01 01
   82 2016 322 17 39 33 837 0       6.05832002       0.00000000  0  0 b5 f0 15 04 03 0052 01 01
   82 2016 322 17 39 34 837 0       6.06023964       0.00000000  0  0 b5 f0 15 04 03 0052 01 01
   82 2016 322 17 39 35 837 0       6.06211655       0.00000000  0  0 b5 f0 15 04 03 0052 01 01
   82 2016 322 17 39 36 837 0       6.06400438       0.00000000  0  0 b5 f0 15 04 03 0052 01 01
   82 2016 322 17 39 37 837 0       6.06584638       0.00000000  0  0 b5 f0 15 04 03 0052 01 01
   82 2016 322 17 39 38 837 0       6.06768845       0.00000000  0  0 b5 f0 15 04 03 0052 01 01
   82 2016 322 17 39 39 837 0       6.06951586       0.00000000  0  0 b5 f0 15 04 03 0052 01 01
   82 2016 322 17 39 40 837 0       6.07135060       0.00000000  0  0 b5 f0 15 04 03 0052 01 01
   83 2016 322 17 39 41 837 0       6.07313330       0.00000000  0  0 b5 f0 15 04 03 0053 01 01
   83 2016 322 17 39 42 837 0       6.07490874       0.00000000  0  0 b5 f0 15 04 03 0053 01 01
   83 2016 322 17 39 43 837 0       6.07666953       0.00000000  0  0 b5 f0 15 04 03 0053 01 01
   83 2016 322 17 39 44 837 0       6.07836582       0.00000000  0  0 b5 f0 15 04 03 0053 01 01
   83 2016 322 17 39 45 837 0       6.08007878       0.00000000  0  0 b5 f0 15 04 03 0053 01 01
   83 2016 322 17 39 46 837 0       6.08176987       0.00000000  0  0 b5 f0 15 04 03 0053 01 01
   83 2016 322 17 39 47 837 0       6.08346357       0.00000000  0  0 b5 f0 15 04 03 0053 01 01
   83 2016 322 17 39 48 837 0       6.08516086       0.00000000  0  0 b5 f0 15 04 03 0053 01 01
   83 2016 322 17 39 49 837 0       6.08682231       0.00000000  0  0 b5 f0 15 04 03 0053 01 01
   83 2016 322 17 39 50 837 0       6.07466151       0.00000000  0  0 b5 f0 15 04 03 0053 01 01
   84 2016 322 17 39 53 996 0       3.00168119       0.00000000  0  0 b5 f0 15 04 03 0054 01 01
   84 2016 322 17 39 54 996 0       3.00245906       0.00000000  0  0 b5 f0 15 04 03 0054 01 01
   84 2016 322 17 39 55 996 0       3.00319657       0.00000000  0  0 b5 f0 15 04 03 0054 01 01
   84 2016 322 17 39 56 996 0       3.00397311       0.00000000  0  0 b5 f0 15 04 03 0054 01 01
   84 2016 322 17 39 57 996 0       3.00475439       0.00000000  0  0 b5 f0 15 04 03 0054 01 01
   84 2016 322 17 39 58 996 0       3.00552314       0.00000000  0  0 b5 f0 15 04 03 0054 01 01
   84 2016 322 17 39 59 996 0       3.00626717       0.00000000  0  0 b5 f0 15 04 03 0054 01 01
   84 2016 322 17 40 00 996 0       3.00701980       0.00000000  0  0 b5 f0 15 04 03 0054 01 01
   84 2016 322 17 40 01 996 0       3.00778202       0.00000000  0  0 b5 f0 15 04 03 0054 01 01
   84 2016 322 17 40 02 996 0       3.00848075       0.00000000  0  0 b5 f0 15 04 03 0054 01 01
   85 2016 322 17 40 03 996 0       3.00921699       0.00000000  0  0 b5 f0 15 04 03 0055 01 01
   85 2016 322 17 40 04 996 0       3.00990979       0.00000000  0  0 b5 f0 15 04 03 0055 01 01
   85 2016 322 17 40 05 996 0       3.01060672       0.00000000  0  0 b5 f0 15 04 03 0055 01 01
   85 2016 322 17 40 06 996 0       3.01131431       0.00000000  0  0 b5 f0 15 04 03 0055 01 01
   85 2016 322 17 40 07 996 0       3.01202217       0.00000000  0  0 b5 f0 15 04 03 0055 01 01
   85 2016 322 17 40 08 996 0       3.01269698       0.00000000  0  0 b5 f0 15 04 03 0055 01 01
   85 2016 322 17 40 09 996 0       3.01330777       0.00000000  0  0 b5 f0 15 04 03 0055 01 01
   85 2016 322 17 40 10 996 0       3.01400284       0.00000000  0  0 b5 f0 15 04 03 0055 01 01
   85 2016 322 17 40 11 996 0       3.01470004       0.00000000  0  0 b5 f0 15 04 03 0055 01 01
   85 2016 322 17 40 12 996 0       3.01532881       0.00000000  0  0 b5 f0 15 04 03 0055 01 01
   86 2016 322 17 40 13 996 0       3.01597265       0.00000000  0  0 b5 f0 15 04 03 0056 01 01
   86 2016 322 17 40 14 996 0       3.01661542       0.00000000  0  0 b5 f0 15 04 03 0056 01 01
   86 2016 322 17 40 15 996 0       3.01726345       0.00000000  0  0 b5 f0 15 04 03 0056 01 01
   86 2016 322 17 40 16 996 0       3.01795798       0.00000000  0  0 b5 f0 15 04 03 0056 01 01
   86 2016 322 17 40 17 996 0       3.01857117       0.00000000  0  0 b5 f0 15 04 03 0056 01 01
   86 2016 322 17 40 18 996 0       3.01910568       0.00000000  0  0 b5 f0 15 04 03 0056 01 01
   86 2016 322 17 40 19 996 0       3.01975057       0.00000000  0  0 b5 f0 15 04 03 0056 01 01
   86 2016 322 17 40 20 996 0       3.02034991       0.00000000  0  0 b5 f0 15 04 03 0056 01 01
   86 2016 322 17 40 21 996 0       3.02090267       0.00000000  0  0 b5 f0 15 04 03 0056 01 01
   86 2016 322 17 40 22 996 0       3.02148321       0.00000000  0  0 b5 f0 15 04 03 0056 01 01
   87 2016 322 17 40 23 996 0       3.02211745       0.00000000  0  0 b5 f0 15 04 03 0057 01 01
