 BkNo Year Day hh mm ss mss ns RangeRate(km/s)                  Tv DvTSnRSnDTpSTpSId BkCtSRtInTim
    1 2016 321 18 27 06 070 0      -3.01773180       0.00000000  0  0 b5 f0 19 04 03 0001 01 01
    1 2016 321 18 27 07 070 0      -3.01753921       0.00000000  0  0 b5 f0 19 04 03 0001 01 01
    1 2016 321 18 27 08 070 0      -3.01750830       0.00000000  0  0 b5 f0 19 04 03 0001 01 01
    1 2016 321 18 27 09 070 0      -3.01701984       0.00000000  0  0 b5 f0 19 04 03 0001 01 01
    1 2016 321 18 27 10 070 0      -3.01691026       0.00000000  0  0 b5 f0 19 04 03 0001 01 01
    1 2016 321 18 27 11 070 0      -3.01660061       0.00000000  0  0 b5 f0 19 04 03 0001 01 01
    1 2016 321 18 27 12 070 0      -3.01630629       0.00000000  0  0 b5 f0 19 04 03 0001 01 01
    1 2016 321 18 27 13 070 0      -3.01613114       0.00000000  0  0 b5 f0 19 04 03 0001 01 01
    1 2016 321 18 27 14 070 0      -3.01601243       0.00000000  0  0 b5 f0 19 04 03 0001 01 01
    1 2016 321 18 27 15 070 0      -3.01569652       0.00000000  0  0 b5 f0 19 04 03 0001 01 01
    2 2016 321 18 27 16 070 0      -3.01544830       0.00000000  0  0 b5 f0 19 04 03 0002 01 01
    2 2016 321 18 27 17 070 0      -3.01525337       0.00000000  0  0 b5 f0 19 04 03 0002 01 01
    2 2016 321 18 27 18 070 0      -3.01493300       0.00000000  0  0 b5 f0 19 04 03 0002 01 01
    2 2016 321 18 27 19 070 0      -3.01469983       0.00000000  0  0 b5 f0 19 04 03 0002 01 01
    2 2016 321 18 27 20 070 0      -3.01436907       0.00000000  0  0 b5 f0 19 04 03 0002 01 01
    2 2016 321 18 27 21 070 0      -3.01413283       0.00000000  0  0 b5 f0 19 04 03 0002 01 01
    2 2016 321 18 27 22 070 0      -3.01402118       0.00000000  0  0 b5 f0 19 04 03 0002 01 01
    2 2016 321 18 27 23 070 0      -3.01375264       0.00000000  0  0 b5 f0 19 04 03 0002 01 01
    2 2016 321 18 27 24 070 0      -3.01347883       0.00000000  0  0 b5 f0 19 04 03 0002 01 01
    2 2016 321 18 27 25 070 0      -3.01325346       0.00000000  0  0 b5 f0 19 04 03 0002 01 01
    3 2016 321 18 27 26 070 0      -3.01292536       0.00000000  0  0 b5 f0 19 04 03 0003 01 01
    3 2016 321 18 27 27 070 0      -3.01257141       0.00000000  0  0 b5 f0 19 04 03 0003 01 01
    3 2016 321 18 27 28 070 0      -3.01226383       0.00000000  0  0 b5 f0 19 04 03 0003 01 01
    3 2016 321 18 27 29 070 0      -3.01201867       0.00000000  0  0 b5 f0 19 04 03 0003 01 01
    3 2016 321 18 27 30 070 0      -3.01169364       0.00000000  0  0 b5 f0 19 04 03 0003 01 01
    3 2016 321 18 27 31 070 0      -3.01139725       0.00000000  0  0 b5 f0 19 04 03 0003 01 01
    3 2016 321 18 27 32 070 0      -3.01113703       0.00000000  0  0 b5 f0 19 04 03 0003 01 01
    3 2016 321 18 27 33 070 0      -3.01081666       0.00000000  0  0 b5 f0 19 04 03 0003 01 01
    3 2016 321 18 27 34 070 0      -3.01049529       0.00000000  0  0 b5 f0 19 04 03 0003 01 01
    3 2016 321 18 27 35 070 0      -3.01030529       0.00000000  0  0 b5 f0 19 04 03 0003 01 01
    4 2016 321 18 27 36 070 0      -3.00994462       0.00000000  0  0 b5 f0 19 04 03 0004 01 01
    4 2016 321 18 27 37 070 0      -3.00961545       0.00000000  0  0 b5 f0 19 04 03 0004 01 01
    4 2016 321 18 27 38 070 0      -3.00921001       0.00000000  0  0 b5 f0 19 04 03 0004 01 01
    4 2016 321 18 27 39 070 0      -3.00902940       0.00000000  0  0 b5 f0 19 04 03 0004 01 01
    4 2016 321 18 27 40 070 0      -3.00869477       0.00000000  0  0 b5 f0 19 04 03 0004 01 01
    4 2016 321 18 27 41 070 0      -3.00834476       0.00000000  0  0 b5 f0 19 04 03 0004 01 01
    4 2016 321 18 27 42 070 0      -3.00807908       0.00000000  0  0 b5 f0 19 04 03 0004 01 01
    4 2016 321 18 27 43 070 0      -3.00762807       0.00000000  0  0 b5 f0 19 04 03 0004 01 01
    4 2016 321 18 27 44 070 0      -3.00727205       0.00000000  0  0 b5 f0 19 04 03 0004 01 01
    4 2016 321 18 27 45 070 0      -3.00695535       0.00000000  0  0 b5 f0 19 04 03 0004 01 01
    5 2016 321 18 27 46 070 0      -3.00656502       0.00000000  0  0 b5 f0 19 04 03 0005 01 01
    5 2016 321 18 27 47 070 0      -3.00637010       0.00000000  0  0 b5 f0 19 04 03 0005 01 01
    5 2016 321 18 27 48 070 0      -3.00595453       0.00000000  0  0 b5 f0 19 04 03 0005 01 01
    5 2016 321 18 27 49 070 0      -3.00552903       0.00000000  0  0 b5 f0 19 04 03 0005 01 01
    5 2016 321 18 27 50 070 0      -3.00511972       0.00000000  0  0 b5 f0 19 04 03 0005 01 01
    5 2016 321 18 27 51 070 0      -3.00482280       0.00000000  0  0 b5 f0 19 04 03 0005 01 01
    5 2016 321 18 27 52 070 0      -3.00440403       0.00000000  0  0 b5 f0 19 04 03 0005 01 01
    5 2016 321 18 27 53 070 0      -3.00399759       0.00000000  0  0 b5 f0 19 04 03 0005 01 01
    5 2016 321 18 27 54 070 0      -3.00374617       0.00000000  0  0 b5 f0 19 04 03 0005 01 01
    5 2016 321 18 27 55 070 0      -3.00336577       0.00000000  0  0 b5 f0 19 04 03 0005 01 01
    6 2016 321 18 27 56 070 0      -3.00294520       0.00000000  0  0 b5 f0 19 04 03 0006 01 01
    7 2016 321 18 28 00 333 0      -0.03006665       0.00000000  0  0 b5 f0 19 04 03 0007 01 01
    7 2016 321 18 28 01 333 0      -2.20025650       0.00000000  0  0 b5 f0 19 04 03 0007 01 01
    7 2016 321 18 28 02 333 0      -4.37017444       0.00000000  0  0 b5 f0 19 04 03 0007 01 01
    7 2016 321 18 28 03 333 0      -5.94408899       0.00000000  0  0 b5 f0 19 04 03 0007 01 01
    7 2016 321 18 28 04 333 0      -5.94322608       0.00000000  0  0 b5 f0 19 04 03 0007 01 01
    7 2016 321 18 28 05 333 0      -5.94235272       0.00000000  0  0 b5 f0 19 04 03 0007 01 01
    7 2016 321 18 28 06 333 0      -5.94148409       0.00000000  0  0 b5 f0 19 04 03 0007 01 01
    7 2016 321 18 28 07 333 0      -5.94061859       0.00000000  0  0 b5 f0 19 04 03 0007 01 01
    7 2016 321 18 28 08 333 0      -5.93972498       0.00000000  0  0 b5 f0 19 04 03 0007 01 01
    7 2016 321 18 28 09 333 0      -5.93880479       0.00000000  0  0 b5 f0 19 04 03 0007 01 01
    8 2016 321 18 28 10 333 0      -5.93788673       0.00000000  0  0 b5 f0 19 04 03 0008 01 01
    8 2016 321 18 28 11 333 0      -5.93697333       0.00000000  0  0 b5 f0 19 04 03 0008 01 01
    8 2016 321 18 28 12 333 0      -5.93602869       0.00000000  0  0 b5 f0 19 04 03 0008 01 01
    8 2016 321 18 28 13 333 0      -5.93508205       0.00000000  0  0 b5 f0 19 04 03 0008 01 01
    8 2016 321 18 28 14 333 0      -5.93412701       0.00000000  0  0 b5 f0 19 04 03 0008 01 01
    8 2016 321 18 28 15 333 0      -5.93315792       0.00000000  0  0 b5 f0 19 04 03 0008 01 01
    8 2016 321 18 28 16 333 0      -5.93218417       0.00000000  0  0 b5 f0 19 04 03 0008 01 01
    8 2016 321 18 28 17 333 0      -5.93119889       0.00000000  0  0 b5 f0 19 04 03 0008 01 01
    8 2016 321 18 28 18 333 0      -5.93019602       0.00000000  0  0 b5 f0 19 04 03 0008 01 01
    8 2016 321 18 28 19 333 0      -5.92917850       0.00000000  0  0 b5 f0 19 04 03 0008 01 01
    9 2016 321 18 28 20 333 0      -5.92816211       0.00000000  0  0 b5 f0 19 04 03 0009 01 01
    9 2016 321 18 28 21 333 0      -5.92712167       0.00000000  0  0 b5 f0 19 04 03 0009 01 01
    9 2016 321 18 28 22 333 0      -5.92607664       0.00000000  0  0 b5 f0 19 04 03 0009 01 01
    9 2016 321 18 28 23 333 0      -5.92501175       0.00000000  0  0 b5 f0 19 04 03 0009 01 01
    9 2016 321 18 28 24 333 0      -5.92393447       0.00000000  0  0 b5 f0 19 04 03 0009 01 01
    9 2016 321 18 28 25 333 0      -5.92285346       0.00000000  0  0 b5 f0 19 04 03 0009 01 01
    9 2016 321 18 28 26 333 0      -5.92175686       0.00000000  0  0 b5 f0 19 04 03 0009 01 01
    9 2016 321 18 28 27 333 0      -5.92065301       0.00000000  0  0 b5 f0 19 04 03 0009 01 01
    9 2016 321 18 28 28 333 0      -5.91954602       0.00000000  0  0 b5 f0 19 04 03 0009 01 01
    9 2016 321 18 28 29 333 0      -5.91842077       0.00000000  0  0 b5 f0 19 04 03 0009 01 01
   10 2016 321 18 28 30 333 0      -5.91727941       0.00000000  0  0 b5 f0 19 04 03 000a 01 01
   10 2016 321 18 28 31 333 0      -5.91613025       0.00000000  0  0 b5 f0 19 04 03 000a 01 01
   10 2016 321 18 28 32 333 0      -5.91496497       0.00000000  0  0 b5 f0 19 04 03 000a 01 01
   10 2016 321 18 28 33 333 0      -5.91379602       0.00000000  0  0 b5 f0 19 04 03 000a 01 01
   10 2016 321 18 28 34 333 0      -5.91260889       0.00000000  0  0 b5 f0 19 04 03 000a 01 01
   10 2016 321 18 28 35 333 0      -5.91140504       0.00000000  0  0 b5 f0 19 04 03 000a 01 01
   10 2016 321 18 28 36 333 0      -5.91019499       0.00000000  0  0 b5 f0 19 04 03 000a 01 01
   10 2016 321 18 28 37 333 0      -5.90896989       0.00000000  0  0 b5 f0 19 04 03 000a 01 01
   10 2016 321 18 28 38 333 0      -5.90773013       0.00000000  0  0 b5 f0 19 04 03 000a 01 01
   10 2016 321 18 28 39 333 0      -5.90647951       0.00000000  0  0 b5 f0 19 04 03 000a 01 01
   11 2016 321 18 28 40 333 0      -5.90521897       0.00000000  0  0 b5 f0 19 04 03 000b 01 01
   11 2016 321 18 28 41 333 0      -5.90394383       0.00000000  0  0 b5 f0 19 04 03 000b 01 01
   11 2016 321 18 28 42 333 0      -5.90265937       0.00000000  0  0 b5 f0 19 04 03 000b 01 01
   11 2016 321 18 28 43 333 0      -5.90135619       0.00000000  0  0 b5 f0 19 04 03 000b 01 01
   11 2016 321 18 28 44 333 0      -5.90003529       0.00000000  0  0 b5 f0 19 04 03 000b 01 01
   11 2016 321 18 28 45 333 0      -5.89870653       0.00000000  0  0 b5 f0 19 04 03 000b 01 01
   11 2016 321 18 28 46 333 0      -5.89736585       0.00000000  0  0 b5 f0 19 04 03 000b 01 01
   11 2016 321 18 28 47 333 0      -5.89600957       0.00000000  0  0 b5 f0 19 04 03 000b 01 01
   11 2016 321 18 28 48 333 0      -5.89463611       0.00000000  0  0 b5 f0 19 04 03 000b 01 01
   11 2016 321 18 28 49 333 0      -5.89325739       0.00000000  0  0 b5 f0 19 04 03 000b 01 01
   12 2016 321 18 28 50 333 0      -5.89185481       0.00000000  0  0 b5 f0 19 04 03 000c 01 01
   12 2016 321 18 28 51 333 0      -5.89044591       0.00000000  0  0 b5 f0 19 04 03 000c 01 01
   12 2016 321 18 28 52 333 0      -5.88902195       0.00000000  0  0 b5 f0 19 04 03 000c 01 01
   12 2016 321 18 28 53 333 0      -5.88758607       0.00000000  0  0 b5 f0 19 04 03 000c 01 01
   12 2016 321 18 28 54 333 0      -5.88613500       0.00000000  0  0 b5 f0 19 04 03 000c 01 01
   12 2016 321 18 28 55 333 0      -5.88466267       0.00000000  0  0 b5 f0 19 04 03 000c 01 01
   12 2016 321 18 28 56 333 0      -5.88318402       0.00000000  0  0 b5 f0 19 04 03 000c 01 01
   12 2016 321 18 28 57 333 0      -5.88168512       0.00000000  0  0 b5 f0 19 04 03 000c 01 01
   12 2016 321 18 28 58 333 0      -5.88017789       0.00000000  0  0 b5 f0 19 04 03 000c 01 01
   12 2016 321 18 28 59 333 0      -5.87865094       0.00000000  0  0 b5 f0 19 04 03 000c 01 01
   13 2016 321 18 29 00 333 0      -5.87711400       0.00000000  0  0 b5 f0 19 04 03 000d 01 01
   13 2016 321 18 29 01 333 0      -5.87556153       0.00000000  0  0 b5 f0 19 04 03 000d 01 01
   13 2016 321 18 29 02 333 0      -5.87399341       0.00000000  0  0 b5 f0 19 04 03 000d 01 01
   13 2016 321 18 29 03 333 0      -5.87240651       0.00000000  0  0 b5 f0 19 04 03 000d 01 01
   13 2016 321 18 29 04 333 0      -5.87080821       0.00000000  0  0 b5 f0 19 04 03 000d 01 01
   13 2016 321 18 29 05 333 0      -5.86919012       0.00000000  0  0 b5 f0 19 04 03 000d 01 01
   13 2016 321 18 29 06 333 0      -5.86755799       0.00000000  0  0 b5 f0 19 04 03 000d 01 01
   13 2016 321 18 29 07 333 0      -5.86591072       0.00000000  0  0 b5 f0 19 04 03 000d 01 01
   13 2016 321 18 29 08 333 0      -5.86424947       0.00000000  0  0 b5 f0 19 04 03 000d 01 01
   13 2016 321 18 29 09 333 0      -5.86256997       0.00000000  0  0 b5 f0 19 04 03 000d 01 01
   14 2016 321 18 29 10 333 0      -5.86087487       0.00000000  0  0 b5 f0 19 04 03 000e 01 01
   14 2016 321 18 29 11 333 0      -5.85916046       0.00000000  0  0 b5 f0 19 04 03 000e 01 01
   14 2016 321 18 29 12 333 0      -5.85743779       0.00000000  0  0 b5 f0 19 04 03 000e 01 01
   14 2016 321 18 29 13 333 0      -5.85569426       0.00000000  0  0 b5 f0 19 04 03 000e 01 01
   14 2016 321 18 29 14 333 0      -5.85393095       0.00000000  0  0 b5 f0 19 04 03 000e 01 01
   14 2016 321 18 29 15 333 0      -5.85215052       0.00000000  0  0 b5 f0 19 04 03 000e 01 01
   14 2016 321 18 29 16 333 0      -5.85035543       0.00000000  0  0 b5 f0 19 04 03 000e 01 01
   14 2016 321 18 29 17 333 0      -5.84854376       0.00000000  0  0 b5 f0 19 04 03 000e 01 01
   14 2016 321 18 29 18 333 0      -5.84671696       0.00000000  0  0 b5 f0 19 04 03 000e 01 01
   14 2016 321 18 29 19 333 0      -5.84487511       0.00000000  0  0 b5 f0 19 04 03 000e 01 01
   15 2016 321 18 29 20 333 0      -5.84301134       0.00000000  0  0 b5 f0 19 04 03 000f 01 01
   15 2016 321 18 29 21 333 0      -5.84113198       0.00000000  0  0 b5 f0 19 04 03 000f 01 01
   15 2016 321 18 29 22 333 0      -5.83923237       0.00000000  0  0 b5 f0 19 04 03 000f 01 01
   15 2016 321 18 29 23 333 0      -5.83732070       0.00000000  0  0 b5 f0 19 04 03 000f 01 01
   15 2016 321 18 29 24 333 0      -5.83538931       0.00000000  0  0 b5 f0 19 04 03 000f 01 01
   15 2016 321 18 29 25 333 0      -5.83343920       0.00000000  0  0 b5 f0 19 04 03 000f 01 01
   15 2016 321 18 29 26 333 0      -5.83146825       0.00000000  0  0 b5 f0 19 04 03 000f 01 01
   15 2016 321 18 29 27 333 0      -5.82947903       0.00000000  0  0 b5 f0 19 04 03 000f 01 01
   15 2016 321 18 29 28 333 0      -5.82747477       0.00000000  0  0 b5 f0 19 04 03 000f 01 01
   15 2016 321 18 29 29 333 0      -5.82544918       0.00000000  0  0 b5 f0 19 04 03 000f 01 01
   16 2016 321 18 29 30 333 0      -5.82340587       0.00000000  0  0 b5 f0 19 04 03 0010 01 01
   16 2016 321 18 29 31 333 0      -5.82134545       0.00000000  0  0 b5 f0 19 04 03 0010 01 01
   16 2016 321 18 29 32 333 0      -5.81926517       0.00000000  0  0 b5 f0 19 04 03 0010 01 01
   16 2016 321 18 29 33 333 0      -5.81716357       0.00000000  0  0 b5 f0 19 04 03 0010 01 01
   16 2016 321 18 29 34 333 0      -5.81504485       0.00000000  0  0 b5 f0 19 04 03 0010 01 01
   16 2016 321 18 29 35 333 0      -5.81290995       0.00000000  0  0 b5 f0 19 04 03 0010 01 01
   16 2016 321 18 29 36 333 0      -5.81075006       0.00000000  0  0 b5 f0 19 04 03 0010 01 01
   16 2016 321 18 29 37 333 0      -5.80857558       0.00000000  0  0 b5 f0 19 04 03 0010 01 01
   16 2016 321 18 29 38 333 0      -5.80637353       0.00000000  0  0 b5 f0 19 04 03 0010 01 01
   16 2016 321 18 29 39 333 0      -5.80415641       0.00000000  0  0 b5 f0 19 04 03 0010 01 01
   17 2016 321 18 29 40 333 0      -5.80191745       0.00000000  0  0 b5 f0 19 04 03 0011 01 01
   17 2016 321 18 29 41 333 0      -5.79966023       0.00000000  0  0 b5 f0 19 04 03 0011 01 01
   17 2016 321 18 29 42 333 0      -5.79738377       0.00000000  0  0 b5 f0 19 04 03 0011 01 01
   17 2016 321 18 29 43 333 0      -5.79507918       0.00000000  0  0 b5 f0 19 04 03 0011 01 01
   17 2016 321 18 29 44 333 0      -5.79275588       0.00000000  0  0 b5 f0 19 04 03 0011 01 01
   17 2016 321 18 29 45 333 0      -5.79041699       0.00000000  0  0 b5 f0 19 04 03 0011 01 01
   17 2016 321 18 29 46 333 0      -5.78805359       0.00000000  0  0 b5 f0 19 04 03 0011 01 01
   17 2016 321 18 29 47 333 0      -5.78566680       0.00000000  0  0 b5 f0 19 04 03 0011 01 01
   17 2016 321 18 29 48 333 0      -5.78325976       0.00000000  0  0 b5 f0 19 04 03 0011 01 01
   17 2016 321 18 29 49 333 0      -5.78083126       0.00000000  0  0 b5 f0 19 04 03 0011 01 01
   18 2016 321 18 29 50 333 0      -5.77837946       0.00000000  0  0 b5 f0 19 04 03 0012 01 01
   18 2016 321 18 29 51 333 0      -5.77590939       0.00000000  0  0 b5 f0 19 04 03 0012 01 01
   18 2016 321 18 29 52 333 0      -5.77341428       0.00000000  0  0 b5 f0 19 04 03 0012 01 01
   18 2016 321 18 29 53 333 0      -5.77089533       0.00000000  0  0 b5 f0 19 04 03 0012 01 01
   18 2016 321 18 29 54 333 0      -5.76835345       0.00000000  0  0 b5 f0 19 04 03 0012 01 01
   18 2016 321 18 29 55 333 0      -5.76579279       0.00000000  0  0 b5 f0 19 04 03 0012 01 01
   18 2016 321 18 29 56 333 0      -5.76320614       0.00000000  0  0 b5 f0 19 04 03 0012 01 01
   18 2016 321 18 29 57 333 0      -5.76059559       0.00000000  0  0 b5 f0 19 04 03 0012 01 01
   18 2016 321 18 29 58 333 0      -5.75796104       0.00000000  0  0 b5 f0 19 04 03 0012 01 01
   18 2016 321 18 29 59 333 0      -5.75530412       0.00000000  0  0 b5 f0 19 04 03 0012 01 01
   19 2016 321 18 30 00 333 0      -5.75262641       0.00000000  0  0 b5 f0 19 04 03 0013 01 01
   19 2016 321 18 30 01 333 0      -5.74991952       0.00000000  0  0 b5 f0 19 04 03 0013 01 01
   19 2016 321 18 30 02 333 0      -5.74719444       0.00000000  0  0 b5 f0 19 04 03 0013 01 01
   19 2016 321 18 30 03 333 0      -5.74444119       0.00000000  0  0 b5 f0 19 04 03 0013 01 01
   19 2016 321 18 30 04 333 0      -5.74166095       0.00000000  0  0 b5 f0 19 04 03 0013 01 01
   19 2016 321 18 30 05 333 0      -5.73885887       0.00000000  0  0 b5 f0 19 04 03 0013 01 01
   19 2016 321 18 30 06 333 0      -5.73603067       0.00000000  0  0 b5 f0 19 04 03 0013 01 01
   19 2016 321 18 30 07 333 0      -5.73317602       0.00000000  0  0 b5 f0 19 04 03 0013 01 01
   19 2016 321 18 30 08 333 0      -5.73029792       0.00000000  0  0 b5 f0 19 04 03 0013 01 01
   19 2016 321 18 30 09 333 0      -5.72739271       0.00000000  0  0 b5 f0 19 04 03 0013 01 01
   20 2016 321 18 30 10 333 0      -5.72446052       0.00000000  0  0 b5 f0 19 04 03 0014 01 01
   20 2016 321 18 30 11 333 0      -5.72150275       0.00000000  0  0 b5 f0 19 04 03 0014 01 01
   20 2016 321 18 30 12 333 0      -5.71851846       0.00000000  0  0 b5 f0 19 04 03 0014 01 01
   20 2016 321 18 30 13 333 0      -5.71550973       0.00000000  0  0 b5 f0 19 04 03 0014 01 01
   20 2016 321 18 30 14 333 0      -5.71247188       0.00000000  0  0 b5 f0 19 04 03 0014 01 01
   20 2016 321 18 30 15 333 0      -5.70940638       0.00000000  0  0 b5 f0 19 04 03 0014 01 01
   20 2016 321 18 30 16 333 0      -5.70631491       0.00000000  0  0 b5 f0 19 04 03 0014 01 01
   20 2016 321 18 30 17 333 0      -5.70319585       0.00000000  0  0 b5 f0 19 04 03 0014 01 01
   20 2016 321 18 30 18 333 0      -5.70004915       0.00000000  0  0 b5 f0 19 04 03 0014 01 01
   20 2016 321 18 30 19 333 0      -5.69687180       0.00000000  0  0 b5 f0 19 04 03 0014 01 01
   21 2016 321 18 30 20 333 0      -5.69366841       0.00000000  0  0 b5 f0 19 04 03 0015 01 01
   21 2016 321 18 30 21 333 0      -5.69043590       0.00000000  0  0 b5 f0 19 04 03 0015 01 01
   21 2016 321 18 30 22 333 0      -5.68717422       0.00000000  0  0 b5 f0 19 04 03 0015 01 01
   21 2016 321 18 30 23 333 0      -5.68388236       0.00000000  0  0 b5 f0 19 04 03 0015 01 01
   21 2016 321 18 30 24 333 0      -5.68056445       0.00000000  0  0 b5 f0 19 04 03 0015 01 01
   21 2016 321 18 30 25 333 0      -5.67721429       0.00000000  0  0 b5 f0 19 04 03 0015 01 01
   21 2016 321 18 30 26 333 0      -5.67383656       0.00000000  0  0 b5 f0 19 04 03 0015 01 01
   21 2016 321 18 30 27 333 0      -5.67042911       0.00000000  0  0 b5 f0 19 04 03 0015 01 01
   21 2016 321 18 30 28 333 0      -5.66698476       0.00000000  0  0 b5 f0 19 04 03 0015 01 01
   21 2016 321 18 30 29 333 0      -5.66351649       0.00000000  0  0 b5 f0 19 04 03 0015 01 01
   22 2016 321 18 30 30 333 0      -5.66001485       0.00000000  0  0 b5 f0 19 04 03 0016 01 01
   22 2016 321 18 30 31 333 0      -5.65648096       0.00000000  0  0 b5 f0 19 04 03 0016 01 01
   22 2016 321 18 30 32 333 0      -5.65291590       0.00000000  0  0 b5 f0 19 04 03 0016 01 01
   22 2016 321 18 30 33 333 0      -5.64931853       0.00000000  0  0 b5 f0 19 04 03 0016 01 01
   22 2016 321 18 30 34 333 0      -5.64569144       0.00000000  0  0 b5 f0 19 04 03 0016 01 01
   22 2016 321 18 30 35 333 0      -5.64202958       0.00000000  0  0 b5 f0 19 04 03 0016 01 01
   22 2016 321 18 30 36 333 0      -5.63833794       0.00000000  0  0 b5 f0 19 04 03 0016 01 01
   22 2016 321 18 30 37 333 0      -5.63461153       0.00000000  0  0 b5 f0 19 04 03 0016 01 01
   22 2016 321 18 30 38 333 0      -5.63084814       0.00000000  0  0 b5 f0 19 04 03 0016 01 01
   22 2016 321 18 30 39 333 0      -5.62705558       0.00000000  0  0 b5 f0 19 04 03 0016 01 01
   23 2016 321 18 30 40 333 0      -5.62322764       0.00000000  0  0 b5 f0 19 04 03 0017 01 01
   23 2016 321 18 30 41 333 0      -5.61936692       0.00000000  0  0 b5 f0 19 04 03 0017 01 01
   23 2016 321 18 30 42 333 0      -5.61546977       0.00000000  0  0 b5 f0 19 04 03 0017 01 01
   23 2016 321 18 30 43 333 0      -5.61153930       0.00000000  0  0 b5 f0 19 04 03 0017 01 01
   23 2016 321 18 30 44 333 0      -5.60757866       0.00000000  0  0 b5 f0 19 04 03 0017 01 01
   23 2016 321 18 30 45 333 0      -5.60357378       0.00000000  0  0 b5 f0 19 04 03 0017 01 01
   23 2016 321 18 30 46 333 0      -5.59953919       0.00000000  0  0 b5 f0 19 04 03 0017 01 01
   23 2016 321 18 30 47 333 0      -5.59546356       0.00000000  0  0 b5 f0 19 04 03 0017 01 01
   23 2016 321 18 30 48 333 0      -5.59135350       0.00000000  0  0 b5 f0 19 04 03 0017 01 01
   23 2016 321 18 30 49 333 0      -5.58720652       0.00000000  0  0 b5 f0 19 04 03 0017 01 01
   24 2016 321 18 30 50 333 0      -5.58302471       0.00000000  0  0 b5 f0 19 04 03 0018 01 01
   24 2016 321 18 30 51 333 0      -5.57880119       0.00000000  0  0 b5 f0 19 04 03 0018 01 01
   24 2016 321 18 30 52 333 0      -5.57454236       0.00000000  0  0 b5 f0 19 04 03 0018 01 01
   24 2016 321 18 30 53 333 0      -5.57024863       0.00000000  0  0 b5 f0 19 04 03 0018 01 01
   24 2016 321 18 30 54 333 0      -5.56591319       0.00000000  0  0 b5 f0 19 04 03 0018 01 01
   24 2016 321 18 30 55 333 0      -5.56153778       0.00000000  0  0 b5 f0 19 04 03 0018 01 01
   24 2016 321 18 30 56 333 0      -5.55712533       0.00000000  0  0 b5 f0 19 04 03 0018 01 01
   24 2016 321 18 30 57 333 0      -5.55267078       0.00000000  0  0 b5 f0 19 04 03 0018 01 01
   24 2016 321 18 30 58 333 0      -5.54817826       0.00000000  0  0 b5 f0 19 04 03 0018 01 01
   24 2016 321 18 30 59 333 0      -5.54364663       0.00000000  0  0 b5 f0 19 04 03 0018 01 01
   25 2016 321 18 31 00 333 0      -5.53907290       0.00000000  0  0 b5 f0 19 04 03 0019 01 01
   25 2016 321 18 31 01 333 0      -5.53445753       0.00000000  0  0 b5 f0 19 04 03 0019 01 01
   25 2016 321 18 31 02 333 0      -5.52980046       0.00000000  0  0 b5 f0 19 04 03 0019 01 01
   25 2016 321 18 31 03 333 0      -5.52510342       0.00000000  0  0 b5 f0 19 04 03 0019 01 01
   25 2016 321 18 31 04 333 0      -5.52036361       0.00000000  0  0 b5 f0 19 04 03 0019 01 01
   25 2016 321 18 31 05 333 0      -5.51557650       0.00000000  0  0 b5 f0 19 04 03 0019 01 01
   25 2016 321 18 31 06 333 0      -5.51075135       0.00000000  0  0 b5 f0 19 04 03 0019 01 01
   25 2016 321 18 31 07 333 0      -5.50588410       0.00000000  0  0 b5 f0 19 04 03 0019 01 01
   25 2016 321 18 31 08 333 0      -5.50096788       0.00000000  0  0 b5 f0 19 04 03 0019 01 01
   25 2016 321 18 31 09 333 0      -5.49601003       0.00000000  0  0 b5 f0 19 04 03 0019 01 01
   26 2016 321 18 31 10 333 0      -5.49100947       0.00000000  0  0 b5 f0 19 04 03 001a 01 01
   26 2016 321 18 31 11 333 0      -5.48595956       0.00000000  0  0 b5 f0 19 04 03 001a 01 01
   26 2016 321 18 31 12 333 0      -5.48086687       0.00000000  0  0 b5 f0 19 04 03 001a 01 01
   26 2016 321 18 31 13 333 0      -5.47572688       0.00000000  0  0 b5 f0 19 04 03 001a 01 01
   26 2016 321 18 31 14 333 0      -5.47054366       0.00000000  0  0 b5 f0 19 04 03 001a 01 01
   26 2016 321 18 31 15 333 0      -5.46530894       0.00000000  0  0 b5 f0 19 04 03 001a 01 01
   26 2016 321 18 31 16 333 0      -5.46002739       0.00000000  0  0 b5 f0 19 04 03 001a 01 01
   26 2016 321 18 31 17 333 0      -5.45470107       0.00000000  0  0 b5 f0 19 04 03 001a 01 01
   26 2016 321 18 31 18 333 0      -5.44932479       0.00000000  0  0 b5 f0 19 04 03 001a 01 01
   26 2016 321 18 31 19 333 0      -5.44389854       0.00000000  0  0 b5 f0 19 04 03 001a 01 01
   27 2016 321 18 31 20 333 0      -5.43842593       0.00000000  0  0 b5 f0 19 04 03 001b 01 01
   27 2016 321 18 31 21 333 0      -5.43290342       0.00000000  0  0 b5 f0 19 04 03 001b 01 01
   27 2016 321 18 31 22 333 0      -5.42732828       0.00000000  0  0 b5 f0 19 04 03 001b 01 01
   27 2016 321 18 31 23 333 0      -5.42170425       0.00000000  0  0 b5 f0 19 04 03 001b 01 01
   27 2016 321 18 31 24 333 0      -5.41602818       0.00000000  0  0 b5 f0 19 04 03 001b 01 01
   27 2016 321 18 31 25 333 0      -5.41030009       0.00000000  0  0 b5 f0 19 04 03 001b 01 01
   27 2016 321 18 31 26 333 0      -5.40452149       0.00000000  0  0 b5 f0 19 04 03 001b 01 01
   27 2016 321 18 31 27 333 0      -5.39869134       0.00000000  0  0 b5 f0 19 04 03 001b 01 01
   27 2016 321 18 31 28 333 0      -5.39280709       0.00000000  0  0 b5 f0 19 04 03 001b 01 01
   27 2016 321 18 31 29 333 0      -5.38686509       0.00000000  0  0 b5 f0 19 04 03 001b 01 01
   28 2016 321 18 31 30 333 0      -5.38087518       0.00000000  0  0 b5 f0 19 04 03 001c 01 01
   28 2016 321 18 31 31 333 0      -5.37483005       0.00000000  0  0 b5 f0 19 04 03 001c 01 01
   28 2016 321 18 31 32 333 0      -5.36872516       0.00000000  0  0 b5 f0 19 04 03 001c 01 01
   28 2016 321 18 31 33 333 0      -5.36256765       0.00000000  0  0 b5 f0 19 04 03 001c 01 01
   28 2016 321 18 31 34 333 0      -5.35635184       0.00000000  0  0 b5 f0 19 04 03 001c 01 01
   28 2016 321 18 31 35 333 0      -5.35008300       0.00000000  0  0 b5 f0 19 04 03 001c 01 01
   28 2016 321 18 31 36 333 0      -5.34375221       0.00000000  0  0 b5 f0 19 04 03 001c 01 01
   28 2016 321 18 31 37 333 0      -5.33736932       0.00000000  0  0 b5 f0 19 04 03 001c 01 01
   28 2016 321 18 31 38 333 0      -5.33092402       0.00000000  0  0 b5 f0 19 04 03 001c 01 01
   28 2016 321 18 31 39 333 0      -5.32441729       0.00000000  0  0 b5 f0 19 04 03 001c 01 01
   29 2016 321 18 31 40 333 0      -5.31785593       0.00000000  0  0 b5 f0 19 04 03 001d 01 01
   29 2016 321 18 31 41 333 0      -5.31123208       0.00000000  0  0 b5 f0 19 04 03 001d 01 01
   29 2016 321 18 31 42 333 0      -5.30454741       0.00000000  0  0 b5 f0 19 04 03 001d 01 01
   29 2016 321 18 31 43 333 0      -5.29779972       0.00000000  0  0 b5 f0 19 04 03 001d 01 01
   29 2016 321 18 31 44 333 0      -5.29099214       0.00000000  0  0 b5 f0 19 04 03 001d 01 01
   29 2016 321 18 31 45 333 0      -5.28412214       0.00000000  0  0 b5 f0 19 04 03 001d 01 01
   29 2016 321 18 31 46 333 0      -5.27718552       0.00000000  0  0 b5 f0 19 04 03 001d 01 01
   29 2016 321 18 31 47 333 0      -5.27018954       0.00000000  0  0 b5 f0 19 04 03 001d 01 01
   29 2016 321 18 31 48 333 0      -5.26312801       0.00000000  0  0 b5 f0 19 04 03 001d 01 01
   29 2016 321 18 31 49 333 0      -5.25599780       0.00000000  0  0 b5 f0 19 04 03 001d 01 01
   30 2016 321 18 31 50 333 0      -5.24880463       0.00000000  0  0 b5 f0 19 04 03 001e 01 01
   30 2016 321 18 31 51 333 0      -5.24154585       0.00000000  0  0 b5 f0 19 04 03 001e 01 01
   30 2016 321 18 31 52 333 0      -5.23422044       0.00000000  0  0 b5 f0 19 04 03 001e 01 01
   30 2016 321 18 31 53 333 0      -5.22682375       0.00000000  0  0 b5 f0 19 04 03 001e 01 01
   30 2016 321 18 31 54 333 0      -5.21936251       0.00000000  0  0 b5 f0 19 04 03 001e 01 01
   30 2016 321 18 31 55 333 0      -5.21182892       0.00000000  0  0 b5 f0 19 04 03 001e 01 01
   30 2016 321 18 31 56 333 0      -5.20422818       0.00000000  0  0 b5 f0 19 04 03 001e 01 01
   30 2016 321 18 31 57 333 0      -5.19655616       0.00000000  0  0 b5 f0 19 04 03 001e 01 01
   30 2016 321 18 31 58 333 0      -5.18881279       0.00000000  0  0 b5 f0 19 04 03 001e 01 01
   30 2016 321 18 31 59 333 0      -5.18099714       0.00000000  0  0 b5 f0 19 04 03 001e 01 01
   31 2016 321 18 32 00 333 0      -5.17310914       0.00000000  0  0 b5 f0 19 04 03 001f 01 01
   31 2016 321 18 32 01 333 0      -5.16514979       0.00000000  0  0 b5 f0 19 04 03 001f 01 01
   31 2016 321 18 32 02 333 0      -5.15711503       0.00000000  0  0 b5 f0 19 04 03 001f 01 01
   31 2016 321 18 32 03 333 0      -5.14900166       0.00000000  0  0 b5 f0 19 04 03 001f 01 01
   31 2016 321 18 32 04 333 0      -5.14081907       0.00000000  0  0 b5 f0 19 04 03 001f 01 01
   31 2016 321 18 32 05 333 0      -5.13255840       0.00000000  0  0 b5 f0 19 04 03 001f 01 01
   31 2016 321 18 32 06 333 0      -5.12421706       0.00000000  0  0 b5 f0 19 04 03 001f 01 01
   31 2016 321 18 32 07 333 0      -5.11580131       0.00000000  0  0 b5 f0 19 04 03 001f 01 01
   31 2016 321 18 32 08 333 0      -5.10730955       0.00000000  0  0 b5 f0 19 04 03 001f 01 01
   31 2016 321 18 32 09 333 0      -5.09873397       0.00000000  0  0 b5 f0 19 04 03 001f 01 01
   32 2016 321 18 32 10 333 0      -5.09007933       0.00000000  0  0 b5 f0 19 04 03 0020 01 01
   32 2016 321 18 32 11 333 0      -5.08134507       0.00000000  0  0 b5 f0 19 04 03 0020 01 01
   32 2016 321 18 32 12 333 0      -5.07253060       0.00000000  0  0 b5 f0 19 04 03 0020 01 01
   32 2016 321 18 32 13 333 0      -5.06362874       0.00000000  0  0 b5 f0 19 04 03 0020 01 01
   32 2016 321 18 32 14 333 0      -5.05464726       0.00000000  0  0 b5 f0 19 04 03 0020 01 01
   32 2016 321 18 32 15 333 0      -5.04558197       0.00000000  0  0 b5 f0 19 04 03 0020 01 01
   32 2016 321 18 32 16 333 0      -5.03642715       0.00000000  0  0 b5 f0 19 04 03 0020 01 01
   32 2016 321 18 32 17 333 0      -5.02718959       0.00000000  0  0 b5 f0 19 04 03 0020 01 01
   32 2016 321 18 32 18 333 0      -5.01786982       0.00000000  0  0 b5 f0 19 04 03 0020 01 01
   32 2016 321 18 32 19 333 0      -5.00845998       0.00000000  0  0 b5 f0 19 04 03 0020 01 01
   33 2016 321 18 32 20 333 0      -4.99895641       0.00000000  0  0 b5 f0 19 04 03 0021 01 01
   33 2016 321 18 32 21 333 0      -4.98937017       0.00000000  0  0 b5 f0 19 04 03 0021 01 01
   33 2016 321 18 32 22 333 0      -4.97969332       0.00000000  0  0 b5 f0 19 04 03 0021 01 01
   33 2016 321 18 32 23 333 0      -4.96992175       0.00000000  0  0 b5 f0 19 04 03 0021 01 01
   33 2016 321 18 32 24 333 0      -4.96005863       0.00000000  0  0 b5 f0 19 04 03 0021 01 01
   33 2016 321 18 32 25 333 0      -4.95010852       0.00000000  0  0 b5 f0 19 04 03 0021 01 01
   33 2016 321 18 32 26 333 0      -4.94005961       0.00000000  0  0 b5 f0 19 04 03 0021 01 01
   33 2016 321 18 32 27 333 0      -4.92991383       0.00000000  0  0 b5 f0 19 04 03 0021 01 01
   33 2016 321 18 32 28 333 0      -4.91968059       0.00000000  0  0 b5 f0 19 04 03 0021 01 01
   33 2016 321 18 32 29 333 0      -4.90934595       0.00000000  0  0 b5 f0 19 04 03 0021 01 01
   34 2016 321 18 32 30 333 0      -4.89891491       0.00000000  0  0 b5 f0 19 04 03 0022 01 01
   34 2016 321 18 32 31 333 0      -4.88838301       0.00000000  0  0 b5 f0 19 04 03 0022 01 01
   34 2016 321 18 32 32 333 0      -4.87775631       0.00000000  0  0 b5 f0 19 04 03 0022 01 01
   34 2016 321 18 32 33 333 0      -4.86702662       0.00000000  0  0 b5 f0 19 04 03 0022 01 01
   34 2016 321 18 32 34 333 0      -4.85619381       0.00000000  0  0 b5 f0 19 04 03 0022 01 01
   34 2016 321 18 32 35 333 0      -4.84526473       0.00000000  0  0 b5 f0 19 04 03 0022 01 01
   34 2016 321 18 32 36 333 0      -4.83422799       0.00000000  0  0 b5 f0 19 04 03 0022 01 01
   34 2016 321 18 32 37 333 0      -4.82308500       0.00000000  0  0 b5 f0 19 04 03 0022 01 01
   34 2016 321 18 32 38 333 0      -4.81184208       0.00000000  0  0 b5 f0 19 04 03 0022 01 01
   34 2016 321 18 32 39 333 0      -4.80049197       0.00000000  0  0 b5 f0 19 04 03 0022 01 01
   35 2016 321 18 32 40 333 0      -4.78903313       0.00000000  0  0 b5 f0 19 04 03 0023 01 01
   35 2016 321 18 32 41 333 0      -4.77746491       0.00000000  0  0 b5 f0 19 04 03 0023 01 01
   35 2016 321 18 32 42 333 0      -4.76579210       0.00000000  0  0 b5 f0 19 04 03 0023 01 01
   35 2016 321 18 32 43 333 0      -4.75400583       0.00000000  0  0 b5 f0 19 04 03 0023 01 01
   35 2016 321 18 32 44 333 0      -4.74210924       0.00000000  0  0 b5 f0 19 04 03 0023 01 01
   35 2016 321 18 32 45 333 0      -4.73010027       0.00000000  0  0 b5 f0 19 04 03 0023 01 01
   35 2016 321 18 32 46 333 0      -4.71797724       0.00000000  0  0 b5 f0 19 04 03 0023 01 01
   35 2016 321 18 32 47 333 0      -4.70573870       0.00000000  0  0 b5 f0 19 04 03 0023 01 01
   35 2016 321 18 32 48 333 0      -4.69338517       0.00000000  0  0 b5 f0 19 04 03 0023 01 01
   35 2016 321 18 32 49 333 0      -4.68091919       0.00000000  0  0 b5 f0 19 04 03 0023 01 01
   36 2016 321 18 32 50 333 0      -4.66832777       0.00000000  0  0 b5 f0 19 04 03 0024 01 01
   36 2016 321 18 32 51 333 0      -4.65562030       0.00000000  0  0 b5 f0 19 04 03 0024 01 01
   36 2016 321 18 32 52 333 0      -4.64280090       0.00000000  0  0 b5 f0 19 04 03 0024 01 01
   36 2016 321 18 32 53 333 0      -4.62985094       0.00000000  0  0 b5 f0 19 04 03 0024 01 01
   36 2016 321 18 32 54 333 0      -4.61677806       0.00000000  0  0 b5 f0 19 04 03 0024 01 01
   36 2016 321 18 32 55 333 0      -4.60358706       0.00000000  0  0 b5 f0 19 04 03 0024 01 01
   36 2016 321 18 32 56 333 0      -4.59027222       0.00000000  0  0 b5 f0 19 04 03 0024 01 01
   36 2016 321 18 32 57 333 0      -4.57682674       0.00000000  0  0 b5 f0 19 04 03 0024 01 01
   36 2016 321 18 32 58 333 0      -4.56325788       0.00000000  0  0 b5 f0 19 04 03 0024 01 01
   36 2016 321 18 32 59 333 0      -4.54956471       0.00000000  0  0 b5 f0 19 04 03 0024 01 01
   37 2016 321 18 33 00 333 0      -4.53573717       0.00000000  0  0 b5 f0 19 04 03 0025 01 01
   37 2016 321 18 33 01 333 0      -4.52177692       0.00000000  0  0 b5 f0 19 04 03 0025 01 01
   37 2016 321 18 33 02 333 0      -4.50769183       0.00000000  0  0 b5 f0 19 04 03 0025 01 01
   37 2016 321 18 33 03 333 0      -4.49347237       0.00000000  0  0 b5 f0 19 04 03 0025 01 01
   37 2016 321 18 33 04 333 0      -4.47911660       0.00000000  0  0 b5 f0 19 04 03 0025 01 01
   37 2016 321 18 33 05 333 0      -4.46462707       0.00000000  0  0 b5 f0 19 04 03 0025 01 01
   37 2016 321 18 33 06 333 0      -4.45000429       0.00000000  0  0 b5 f0 19 04 03 0025 01 01
   37 2016 321 18 33 07 333 0      -4.43524048       0.00000000  0  0 b5 f0 19 04 03 0025 01 01
   37 2016 321 18 33 08 333 0      -4.42033771       0.00000000  0  0 b5 f0 19 04 03 0025 01 01
   37 2016 321 18 33 09 333 0      -4.40530323       0.00000000  0  0 b5 f0 19 04 03 0025 01 01
   38 2016 321 18 33 10 333 0      -4.39012098       0.00000000  0  0 b5 f0 19 04 03 0026 01 01
   38 2016 321 18 33 11 333 0      -4.37479451       0.00000000  0  0 b5 f0 19 04 03 0026 01 01
   38 2016 321 18 33 12 333 0      -4.35933066       0.00000000  0  0 b5 f0 19 04 03 0026 01 01
   38 2016 321 18 33 13 333 0      -4.34371979       0.00000000  0  0 b5 f0 19 04 03 0026 01 01
   38 2016 321 18 33 14 333 0      -4.32795982       0.00000000  0  0 b5 f0 19 04 03 0026 01 01
   38 2016 321 18 33 15 333 0      -4.31205436       0.00000000  0  0 b5 f0 19 04 03 0026 01 01
   38 2016 321 18 33 16 333 0      -4.29600886       0.00000000  0  0 b5 f0 19 04 03 0026 01 01
   38 2016 321 18 33 17 333 0      -4.27980341       0.00000000  0  0 b5 f0 19 04 03 0026 01 01
   38 2016 321 18 33 18 333 0      -4.26344980       0.00000000  0  0 b5 f0 19 04 03 0026 01 01
   38 2016 321 18 33 19 333 0      -4.24695022       0.00000000  0  0 b5 f0 19 04 03 0026 01 01
   39 2016 321 18 33 20 333 0      -4.23029483       0.00000000  0  0 b5 f0 19 04 03 0027 01 01
   39 2016 321 18 33 21 333 0      -4.21347907       0.00000000  0  0 b5 f0 19 04 03 0027 01 01
   39 2016 321 18 33 22 333 0      -4.19651370       0.00000000  0  0 b5 f0 19 04 03 0027 01 01
   39 2016 321 18 33 23 333 0      -4.17939343       0.00000000  0  0 b5 f0 19 04 03 0027 01 01
   39 2016 321 18 33 24 333 0      -4.16211034       0.00000000  0  0 b5 f0 19 04 03 0027 01 01
   39 2016 321 18 33 25 333 0      -4.14466483       0.00000000  0  0 b5 f0 19 04 03 0027 01 01
   39 2016 321 18 33 26 333 0      -4.12706990       0.00000000  0  0 b5 f0 19 04 03 0027 01 01
   39 2016 321 18 33 27 333 0      -4.10930615       0.00000000  0  0 b5 f0 19 04 03 0027 01 01
   39 2016 321 18 33 28 333 0      -4.09137792       0.00000000  0  0 b5 f0 19 04 03 0027 01 01
   39 2016 321 18 33 29 333 0      -4.07328960       0.00000000  0  0 b5 f0 19 04 03 0027 01 01
   40 2016 321 18 33 30 333 0      -4.05503840       0.00000000  0  0 b5 f0 19 04 03 0028 01 01
   40 2016 321 18 33 31 333 0      -4.03661106       0.00000000  0  0 b5 f0 19 04 03 0028 01 01
   40 2016 321 18 33 32 333 0      -4.01802103       0.00000000  0  0 b5 f0 19 04 03 0028 01 01
   40 2016 321 18 33 33 333 0      -3.99926918       0.00000000  0  0 b5 f0 19 04 03 0028 01 01
   40 2016 321 18 33 34 333 0      -3.98033665       0.00000000  0  0 b5 f0 19 04 03 0028 01 01
   40 2016 321 18 33 35 333 0      -3.96123425       0.00000000  0  0 b5 f0 19 04 03 0028 01 01
   40 2016 321 18 33 36 333 0      -3.94196790       0.00000000  0  0 b5 f0 19 04 03 0028 01 01
   40 2016 321 18 33 37 333 0      -3.92252353       0.00000000  0  0 b5 f0 19 04 03 0028 01 01
   40 2016 321 18 33 38 333 0      -3.90289830       0.00000000  0  0 b5 f0 19 04 03 0028 01 01
   40 2016 321 18 33 39 333 0      -3.88309979       0.00000000  0  0 b5 f0 19 04 03 0028 01 01
   41 2016 321 18 33 40 333 0      -3.86312920       0.00000000  0  0 b5 f0 19 04 03 0029 01 01
   41 2016 321 18 33 41 333 0      -3.84297520       0.00000000  0  0 b5 f0 19 04 03 0029 01 01
   41 2016 321 18 33 42 333 0      -3.82264213       0.00000000  0  0 b5 f0 19 04 03 0029 01 01
   41 2016 321 18 33 43 333 0      -3.80213472       0.00000000  0  0 b5 f0 19 04 03 0029 01 01
   41 2016 321 18 33 44 333 0      -3.78144150       0.00000000  0  0 b5 f0 19 04 03 0029 01 01
   41 2016 321 18 33 45 333 0      -3.76055988       0.00000000  0  0 b5 f0 19 04 03 0029 01 01
   41 2016 321 18 33 46 333 0      -3.73950285       0.00000000  0  0 b5 f0 19 04 03 0029 01 01
   41 2016 321 18 33 47 333 0      -3.71825895       0.00000000  0  0 b5 f0 19 04 03 0029 01 01
   41 2016 321 18 33 48 333 0      -3.69682326       0.00000000  0  0 b5 f0 19 04 03 0029 01 01
   41 2016 321 18 33 49 333 0      -3.67520469       0.00000000  0  0 b5 f0 19 04 03 0029 01 01
   42 2016 321 18 33 50 333 0      -3.65340651       0.00000000  0  0 b5 f0 19 04 03 002a 01 01
   42 2016 321 18 33 51 333 0      -3.63140874       0.00000000  0  0 b5 f0 19 04 03 002a 01 01
   42 2016 321 18 33 52 333 0      -3.60921864       0.00000000  0  0 b5 f0 19 04 03 002a 01 01
   42 2016 321 18 33 53 333 0      -3.58684633       0.00000000  0  0 b5 f0 19 04 03 002a 01 01
   42 2016 321 18 33 54 333 0      -3.56427916       0.00000000  0  0 b5 f0 19 04 03 002a 01 01
   42 2016 321 18 33 55 333 0      -3.54151320       0.00000000  0  0 b5 f0 19 04 03 002a 01 01
   42 2016 321 18 33 56 333 0      -3.51855696       0.00000000  0  0 b5 f0 19 04 03 002a 01 01
   42 2016 321 18 33 57 333 0      -3.49541519       0.00000000  0  0 b5 f0 19 04 03 002a 01 01
   42 2016 321 18 33 58 333 0      -3.47206656       0.00000000  0  0 b5 f0 19 04 03 002a 01 01
   42 2016 321 18 33 59 333 0      -3.44852061       0.00000000  0  0 b5 f0 19 04 03 002a 01 01
   43 2016 321 18 34 00 333 0      -3.42479151       0.00000000  0  0 b5 f0 19 04 03 002b 01 01
   43 2016 321 18 34 01 333 0      -3.40085343       0.00000000  0  0 b5 f0 19 04 03 002b 01 01
   43 2016 321 18 34 02 333 0      -3.37671469       0.00000000  0  0 b5 f0 19 04 03 002b 01 01
   43 2016 321 18 34 03 333 0      -3.35238235       0.00000000  0  0 b5 f0 19 04 03 002b 01 01
   43 2016 321 18 34 04 333 0      -3.32785374       0.00000000  0  0 b5 f0 19 04 03 002b 01 01
   43 2016 321 18 34 05 333 0      -3.30311442       0.00000000  0  0 b5 f0 19 04 03 002b 01 01
   43 2016 321 18 34 06 333 0      -3.27817363       0.00000000  0  0 b5 f0 19 04 03 002b 01 01
   43 2016 321 18 34 07 333 0      -3.25304291       0.00000000  0  0 b5 f0 19 04 03 002b 01 01
   43 2016 321 18 34 08 333 0      -3.22769953       0.00000000  0  0 b5 f0 19 04 03 002b 01 01
   43 2016 321 18 34 09 333 0      -3.20215237       0.00000000  0  0 b5 f0 19 04 03 002b 01 01
   44 2016 321 18 34 10 333 0      -3.17640854       0.00000000  0  0 b5 f0 19 04 03 002c 01 01
   44 2016 321 18 34 11 333 0      -3.15045672       0.00000000  0  0 b5 f0 19 04 03 002c 01 01
   44 2016 321 18 34 12 333 0      -3.12429518       0.00000000  0  0 b5 f0 19 04 03 002c 01 01
   44 2016 321 18 34 13 333 0      -3.09793584       0.00000000  0  0 b5 f0 19 04 03 002c 01 01
   44 2016 321 18 34 14 333 0      -3.07137511       0.00000000  0  0 b5 f0 19 04 03 002c 01 01
   44 2016 321 18 34 15 333 0      -3.04459939       0.00000000  0  0 b5 f0 19 04 03 002c 01 01
   44 2016 321 18 34 16 333 0      -3.01761575       0.00000000  0  0 b5 f0 19 04 03 002c 01 01
   44 2016 321 18 34 17 333 0      -2.99043878       0.00000000  0  0 b5 f0 19 04 03 002c 01 01
   44 2016 321 18 34 18 333 0      -2.96304729       0.00000000  0  0 b5 f0 19 04 03 002c 01 01
   44 2016 321 18 34 19 333 0      -2.93544534       0.00000000  0  0 b5 f0 19 04 03 002c 01 01
   45 2016 321 18 34 20 333 0      -2.90764639       0.00000000  0  0 b5 f0 19 04 03 002d 01 01
   45 2016 321 18 34 21 333 0      -2.87964025       0.00000000  0  0 b5 f0 19 04 03 002d 01 01
   45 2016 321 18 34 22 333 0      -2.85141820       0.00000000  0  0 b5 f0 19 04 03 002d 01 01
   45 2016 321 18 34 23 333 0      -2.82298995       0.00000000  0  0 b5 f0 19 04 03 002d 01 01
   45 2016 321 18 34 24 333 0      -2.79437410       0.00000000  0  0 b5 f0 19 04 03 002d 01 01
   45 2016 321 18 34 25 333 0      -2.76553160       0.00000000  0  0 b5 f0 19 04 03 002d 01 01
   45 2016 321 18 34 26 333 0      -2.73648557       0.00000000  0  0 b5 f0 19 04 03 002d 01 01
   45 2016 321 18 34 27 333 0      -2.70724328       0.00000000  0  0 b5 f0 19 04 03 002d 01 01
   45 2016 321 18 34 28 333 0      -2.67779313       0.00000000  0  0 b5 f0 19 04 03 002d 01 01
   45 2016 321 18 34 29 333 0      -2.64812746       0.00000000  0  0 b5 f0 19 04 03 002d 01 01
   46 2016 321 18 34 30 333 0      -2.61826460       0.00000000  0  0 b5 f0 19 04 03 002e 01 01
   46 2016 321 18 34 31 333 0      -2.58820646       0.00000000  0  0 b5 f0 19 04 03 002e 01 01
   46 2016 321 18 34 32 333 0      -2.55792901       0.00000000  0  0 b5 f0 19 04 03 002e 01 01
   46 2016 321 18 34 33 333 0      -2.52745136       0.00000000  0  0 b5 f0 19 04 03 002e 01 01
   46 2016 321 18 34 34 333 0      -2.49678197       0.00000000  0  0 b5 f0 19 04 03 002e 01 01
   46 2016 321 18 34 35 333 0      -2.46590519       0.00000000  0  0 b5 f0 19 04 03 002e 01 01
   46 2016 321 18 34 36 333 0      -2.43482202       0.00000000  0  0 b5 f0 19 04 03 002e 01 01
   46 2016 321 18 34 37 333 0      -2.40354311       0.00000000  0  0 b5 f0 19 04 03 002e 01 01
   46 2016 321 18 34 38 333 0      -2.37207220       0.00000000  0  0 b5 f0 19 04 03 002e 01 01
   46 2016 321 18 34 39 333 0      -2.34038703       0.00000000  0  0 b5 f0 19 04 03 002e 01 01
   47 2016 321 18 34 40 333 0      -2.30850986       0.00000000  0  0 b5 f0 19 04 03 002f 01 01
   47 2016 321 18 34 41 333 0      -2.27645128       0.00000000  0  0 b5 f0 19 04 03 002f 01 01
   47 2016 321 18 34 42 333 0      -2.24418610       0.00000000  0  0 b5 f0 19 04 03 002f 01 01
   47 2016 321 18 34 43 333 0      -2.21172233       0.00000000  0  0 b5 f0 19 04 03 002f 01 01
   47 2016 321 18 34 44 333 0      -2.17907874       0.00000000  0  0 b5 f0 19 04 03 002f 01 01
   47 2016 321 18 34 45 333 0      -2.14623295       0.00000000  0  0 b5 f0 19 04 03 002f 01 01
   47 2016 321 18 34 46 333 0      -2.11320122       0.00000000  0  0 b5 f0 19 04 03 002f 01 01
   47 2016 321 18 34 47 333 0      -2.07998328       0.00000000  0  0 b5 f0 19 04 03 002f 01 01
   47 2016 321 18 34 48 333 0      -2.04658939       0.00000000  0  0 b5 f0 19 04 03 002f 01 01
   47 2016 321 18 34 49 333 0      -2.01298984       0.00000000  0  0 b5 f0 19 04 03 002f 01 01
   48 2016 321 18 34 50 333 0      -1.97921001       0.00000000  0  0 b5 f0 19 04 03 0030 01 01
   48 2016 321 18 34 51 333 0      -1.94526063       0.00000000  0  0 b5 f0 19 04 03 0030 01 01
   48 2016 321 18 34 52 333 0      -1.91113109       0.00000000  0  0 b5 f0 19 04 03 0030 01 01
   48 2016 321 18 34 53 333 0      -1.87680929       0.00000000  0  0 b5 f0 19 04 03 0030 01 01
   48 2016 321 18 34 54 333 0      -1.84232712       0.00000000  0  0 b5 f0 19 04 03 0030 01 01
   48 2016 321 18 34 55 333 0      -1.80766934       0.00000000  0  0 b5 f0 19 04 03 0030 01 01
   48 2016 321 18 34 56 333 0      -1.77283294       0.00000000  0  0 b5 f0 19 04 03 0030 01 01
   48 2016 321 18 34 57 333 0      -1.73782478       0.00000000  0  0 b5 f0 19 04 03 0030 01 01
   48 2016 321 18 34 58 333 0      -1.70267192       0.00000000  0  0 b5 f0 19 04 03 0030 01 01
   48 2016 321 18 34 59 333 0      -1.66733412       0.00000000  0  0 b5 f0 19 04 03 0030 01 01
   49 2016 321 18 35 00 333 0      -1.63183215       0.00000000  0  0 b5 f0 19 04 03 0031 01 01
   49 2016 321 18 35 01 333 0      -1.59618641       0.00000000  0  0 b5 f0 19 04 03 0031 01 01
   49 2016 321 18 35 02 333 0      -1.56038184       0.00000000  0  0 b5 f0 19 04 03 0031 01 01
   49 2016 321 18 35 03 333 0      -1.52440545       0.00000000  0  0 b5 f0 19 04 03 0031 01 01
   49 2016 321 18 35 04 333 0      -1.48828655       0.00000000  0  0 b5 f0 19 04 03 0031 01 01
   49 2016 321 18 35 05 333 0      -1.45203494       0.00000000  0  0 b5 f0 19 04 03 0031 01 01
   49 2016 321 18 35 06 333 0      -1.41561557       0.00000000  0  0 b5 f0 19 04 03 0031 01 01
   49 2016 321 18 35 07 333 0      -1.37905122       0.00000000  0  0 b5 f0 19 04 03 0031 01 01
   49 2016 321 18 35 08 333 0      -1.34237801       0.00000000  0  0 b5 f0 19 04 03 0031 01 01
   49 2016 321 18 35 09 333 0      -1.30554264       0.00000000  0  0 b5 f0 19 04 03 0031 01 01
   50 2016 321 18 35 10 333 0      -1.26855589       0.00000000  0  0 b5 f0 19 04 03 0032 01 01
   50 2016 321 18 35 11 333 0      -1.23148267       0.00000000  0  0 b5 f0 19 04 03 0032 01 01
   50 2016 321 18 35 12 333 0      -1.19425014       0.00000000  0  0 b5 f0 19 04 03 0032 01 01
   50 2016 321 18 35 13 333 0      -1.15690322       0.00000000  0  0 b5 f0 19 04 03 0032 01 01
   50 2016 321 18 35 14 333 0      -1.11942272       0.00000000  0  0 b5 f0 19 04 03 0032 01 01
   50 2016 321 18 35 15 333 0      -1.08186473       0.00000000  0  0 b5 f0 19 04 03 0032 01 01
   50 2016 321 18 35 16 333 0      -1.04415064       0.00000000  0  0 b5 f0 19 04 03 0032 01 01
   50 2016 321 18 35 17 333 0      -1.00634781       0.00000000  0  0 b5 f0 19 04 03 0032 01 01
   50 2016 321 18 35 18 333 0      -0.96843504       0.00000000  0  0 b5 f0 19 04 03 0032 01 01
   50 2016 321 18 35 19 333 0      -0.93041440       0.00000000  0  0 b5 f0 19 04 03 0032 01 01
   51 2016 321 18 35 20 333 0      -0.89228609       0.00000000  0  0 b5 f0 19 04 03 0033 01 01
   51 2016 321 18 35 21 333 0      -0.85405825       0.00000000  0  0 b5 f0 19 04 03 0033 01 01
   51 2016 321 18 35 22 333 0      -0.81578469       0.00000000  0  0 b5 f0 19 04 03 0033 01 01
   51 2016 321 18 35 23 333 0      -0.77737795       0.00000000  0  0 b5 f0 19 04 03 0033 01 01
   51 2016 321 18 35 24 333 0      -0.73890225       0.00000000  0  0 b5 f0 19 04 03 0033 01 01
   51 2016 321 18 35 25 333 0      -0.70032500       0.00000000  0  0 b5 f0 19 04 03 0033 01 01
   51 2016 321 18 35 26 333 0      -0.66168473       0.00000000  0  0 b5 f0 19 04 03 0033 01 01
   51 2016 321 18 35 27 333 0      -0.62299381       0.00000000  0  0 b5 f0 19 04 03 0033 01 01
   51 2016 321 18 35 28 333 0      -0.58420023       0.00000000  0  0 b5 f0 19 04 03 0033 01 01
   51 2016 321 18 35 29 333 0      -0.54537359       0.00000000  0  0 b5 f0 19 04 03 0033 01 01
   52 2016 321 18 35 30 333 0      -0.50647805       0.00000000  0  0 b5 f0 19 04 03 0034 01 01
   52 2016 321 18 35 31 333 0      -0.46753300       0.00000000  0  0 b5 f0 19 04 03 0034 01 01
   52 2016 321 18 35 32 333 0      -0.42853918       0.00000000  0  0 b5 f0 19 04 03 0034 01 01
   52 2016 321 18 35 33 333 0      -0.38946547       0.00000000  0  0 b5 f0 19 04 03 0034 01 01
   52 2016 321 18 35 34 333 0      -0.35035704       0.00000000  0  0 b5 f0 19 04 03 0034 01 01
   52 2016 321 18 35 35 333 0      -0.31122062       0.00000000  0  0 b5 f0 19 04 03 0034 01 01
   52 2016 321 18 35 36 333 0      -0.27205794       0.00000000  0  0 b5 f0 19 04 03 0034 01 01
   52 2016 321 18 35 37 333 0      -0.23285702       0.00000000  0  0 b5 f0 19 04 03 0034 01 01
   52 2016 321 18 35 38 333 0      -0.19363955       0.00000000  0  0 b5 f0 19 04 03 0034 01 01
   52 2016 321 18 35 39 333 0      -0.15439437       0.00000000  0  0 b5 f0 19 04 03 0034 01 01
   53 2016 321 18 35 40 333 0      -0.11512765       0.00000000  0  0 b5 f0 19 04 03 0035 01 01
   53 2016 321 18 35 41 333 0      -0.07585720       0.00000000  0  0 b5 f0 19 04 03 0035 01 01
   53 2016 321 18 35 42 333 0      -0.03655436       0.00000000  0  0 b5 f0 19 04 03 0035 01 01
   53 2016 321 18 35 43 333 0       0.00271126       0.00000000  0  0 b5 f0 19 04 03 0035 01 01
   53 2016 321 18 35 44 333 0       0.04200839       0.00000000  0  0 b5 f0 19 04 03 0035 01 01
   53 2016 321 18 35 45 333 0       0.08129554       0.00000000  0  0 b5 f0 19 04 03 0035 01 01
   53 2016 321 18 35 46 333 0       0.12056398       0.00000000  0  0 b5 f0 19 04 03 0035 01 01
   53 2016 321 18 35 47 333 0       0.15983177       0.00000000  0  0 b5 f0 19 04 03 0035 01 01
   53 2016 321 18 35 48 333 0       0.19907871       0.00000000  0  0 b5 f0 19 04 03 0035 01 01
   53 2016 321 18 35 49 333 0       0.23828363       0.00000000  0  0 b5 f0 19 04 03 0035 01 01
   54 2016 321 18 35 50 333 0       0.27748676       0.00000000  0  0 b5 f0 19 04 03 0036 01 01
   54 2016 321 18 35 51 333 0       0.31665512       0.00000000  0  0 b5 f0 19 04 03 0036 01 01
   54 2016 321 18 35 52 333 0       0.35577472       0.00000000  0  0 b5 f0 19 04 03 0036 01 01
   54 2016 321 18 35 53 333 0       0.39486176       0.00000000  0  0 b5 f0 19 04 03 0036 01 01
   54 2016 321 18 35 54 333 0       0.43392363       0.00000000  0  0 b5 f0 19 04 03 0036 01 01
   54 2016 321 18 35 55 333 0       0.47291995       0.00000000  0  0 b5 f0 19 04 03 0036 01 01
   54 2016 321 18 35 56 333 0       0.51185206       0.00000000  0  0 b5 f0 19 04 03 0036 01 01
   54 2016 321 18 35 57 333 0       0.55074441       0.00000000  0  0 b5 f0 19 04 03 0036 01 01
   54 2016 321 18 35 58 333 0       0.58956981       0.00000000  0  0 b5 f0 19 04 03 0036 01 01
   54 2016 321 18 35 59 333 0       0.62832274       0.00000000  0  0 b5 f0 19 04 03 0036 01 01
   55 2016 321 18 36 00 333 0       0.66702505       0.00000000  0  0 b5 f0 19 04 03 0037 01 01
   55 2016 321 18 36 01 333 0       0.70565475       0.00000000  0  0 b5 f0 19 04 03 0037 01 01
   55 2016 321 18 36 02 333 0       0.74419565       0.00000000  0  0 b5 f0 19 04 03 0037 01 01
   55 2016 321 18 36 03 333 0       0.78263644       0.00000000  0  0 b5 f0 19 04 03 0037 01 01
   55 2016 321 18 36 04 333 0       0.82102227       0.00000000  0  0 b5 f0 19 04 03 0037 01 01
   55 2016 321 18 36 05 333 0       0.85932583       0.00000000  0  0 b5 f0 19 04 03 0037 01 01
   55 2016 321 18 36 06 333 0       0.89750629       0.00000000  0  0 b5 f0 19 04 03 0037 01 01
   55 2016 321 18 36 07 333 0       0.93560875       0.00000000  0  0 b5 f0 19 04 03 0037 01 01
   55 2016 321 18 36 08 333 0       0.97361308       0.00000000  0  0 b5 f0 19 04 03 0037 01 01
   55 2016 321 18 36 09 333 0       1.01150976       0.00000000  0  0 b5 f0 19 04 03 0037 01 01
   56 2016 321 18 36 10 333 0       1.04929247       0.00000000  0  0 b5 f0 19 04 03 0038 01 01
   56 2016 321 18 36 11 333 0       1.08697698       0.00000000  0  0 b5 f0 19 04 03 0038 01 01
   56 2016 321 18 36 12 333 0       1.12453972       0.00000000  0  0 b5 f0 19 04 03 0038 01 01
   56 2016 321 18 36 13 333 0       1.16197622       0.00000000  0  0 b5 f0 19 04 03 0038 01 01
   56 2016 321 18 36 14 333 0       1.19930381       0.00000000  0  0 b5 f0 19 04 03 0038 01 01
   56 2016 321 18 36 15 333 0       1.23650569       0.00000000  0  0 b5 f0 19 04 03 0038 01 01
   56 2016 321 18 36 16 333 0       1.27357107       0.00000000  0  0 b5 f0 19 04 03 0038 01 01
   56 2016 321 18 36 17 333 0       1.31050989       0.00000000  0  0 b5 f0 19 04 03 0038 01 01
   56 2016 321 18 36 18 333 0       1.34731966       0.00000000  0  0 b5 f0 19 04 03 0038 01 01
   56 2016 321 18 36 19 333 0       1.38398148       0.00000000  0  0 b5 f0 19 04 03 0038 01 01
   57 2016 321 18 36 20 333 0       1.42050114       0.00000000  0  0 b5 f0 19 04 03 0039 01 01
   57 2016 321 18 36 21 333 0       1.45689237       0.00000000  0  0 b5 f0 19 04 03 0039 01 01
   57 2016 321 18 36 22 333 0       1.49313183       0.00000000  0  0 b5 f0 19 04 03 0039 01 01
   57 2016 321 18 36 23 333 0       1.52920236       0.00000000  0  0 b5 f0 19 04 03 0039 01 01
   57 2016 321 18 36 24 333 0       1.56514665       0.00000000  0  0 b5 f0 19 04 03 0039 01 01
   57 2016 321 18 36 25 333 0       1.60093352       0.00000000  0  0 b5 f0 19 04 03 0039 01 01
   57 2016 321 18 36 26 333 0       1.63654432       0.00000000  0  0 b5 f0 19 04 03 0039 01 01
   57 2016 321 18 36 27 333 0       1.67200230       0.00000000  0  0 b5 f0 19 04 03 0039 01 01
   57 2016 321 18 36 28 333 0       1.70730665       0.00000000  0  0 b5 f0 19 04 03 0039 01 01
   57 2016 321 18 36 29 333 0       1.74244860       0.00000000  0  0 b5 f0 19 04 03 0039 01 01
   58 2016 321 18 36 30 333 0       1.77740467       0.00000000  0  0 b5 f0 19 04 03 003a 01 01
   58 2016 321 18 36 31 333 0       1.81221000       0.00000000  0  0 b5 f0 19 04 03 003a 01 01
   58 2016 321 18 36 32 333 0       1.84684164       0.00000000  0  0 b5 f0 19 04 03 003a 01 01
   58 2016 321 18 36 33 333 0       1.88128296       0.00000000  0  0 b5 f0 19 04 03 003a 01 01
   58 2016 321 18 36 34 333 0       1.91556007       0.00000000  0  0 b5 f0 19 04 03 003a 01 01
   58 2016 321 18 36 35 333 0       1.94966630       0.00000000  0  0 b5 f0 19 04 03 003a 01 01
   58 2016 321 18 36 36 333 0       1.98358286       0.00000000  0  0 b5 f0 19 04 03 003a 01 01
   58 2016 321 18 36 37 333 0       2.01730763       0.00000000  0  0 b5 f0 19 04 03 003a 01 01
   58 2016 321 18 36 38 333 0       2.05087025       0.00000000  0  0 b5 f0 19 04 03 003a 01 01
   58 2016 321 18 36 39 333 0       2.08423928       0.00000000  0  0 b5 f0 19 04 03 003a 01 01
   59 2016 321 18 36 40 333 0       2.11741638       0.00000000  0  0 b5 f0 19 04 03 003b 01 01
   59 2016 321 18 36 41 333 0       2.15041254       0.00000000  0  0 b5 f0 19 04 03 003b 01 01
   59 2016 321 18 36 42 333 0       2.18322243       0.00000000  0  0 b5 f0 19 04 03 003b 01 01
   59 2016 321 18 36 43 333 0       2.21582820       0.00000000  0  0 b5 f0 19 04 03 003b 01 01
   59 2016 321 18 36 44 333 0       2.24824371       0.00000000  0  0 b5 f0 19 04 03 003b 01 01
   59 2016 321 18 36 45 333 0       2.28047662       0.00000000  0  0 b5 f0 19 04 03 003b 01 01
   59 2016 321 18 36 46 333 0       2.31250933       0.00000000  0  0 b5 f0 19 04 03 003b 01 01
   59 2016 321 18 36 47 333 0       2.34433053       0.00000000  0  0 b5 f0 19 04 03 003b 01 01
   59 2016 321 18 36 48 333 0       2.37596899       0.00000000  0  0 b5 f0 19 04 03 003b 01 01
   59 2016 321 18 36 49 333 0       2.40741386       0.00000000  0  0 b5 f0 19 04 03 003b 01 01
   60 2016 321 18 36 50 333 0       2.43864015       0.00000000  0  0 b5 f0 19 04 03 003c 01 01
   60 2016 321 18 36 51 333 0       2.46968170       0.00000000  0  0 b5 f0 19 04 03 003c 01 01
   60 2016 321 18 36 52 333 0       2.50052073       0.00000000  0  0 b5 f0 19 04 03 003c 01 01
   60 2016 321 18 36 53 333 0       2.53115477       0.00000000  0  0 b5 f0 19 04 03 003c 01 01
   60 2016 321 18 36 54 333 0       2.56158262       0.00000000  0  0 b5 f0 19 04 03 003c 01 01
   60 2016 321 18 36 55 333 0       2.59181328       0.00000000  0  0 b5 f0 19 04 03 003c 01 01
   60 2016 321 18 36 56 333 0       2.62184641       0.00000000  0  0 b5 f0 19 04 03 003c 01 01
   60 2016 321 18 36 57 333 0       2.65165417       0.00000000  0  0 b5 f0 19 04 03 003c 01 01
   60 2016 321 18 36 58 333 0       2.68127346       0.00000000  0  0 b5 f0 19 04 03 003c 01 01
   60 2016 321 18 36 59 333 0       2.71069242       0.00000000  0  0 b5 f0 19 04 03 003c 01 01
   61 2016 321 18 37 00 333 0       2.73988921       0.00000000  0  0 b5 f0 19 04 03 003d 01 01
   61 2016 321 18 37 01 333 0       2.76888813       0.00000000  0  0 b5 f0 19 04 03 003d 01 01
   61 2016 321 18 37 02 333 0       2.79768360       0.00000000  0  0 b5 f0 19 04 03 003d 01 01
   61 2016 321 18 37 03 333 0       2.82627341       0.00000000  0  0 b5 f0 19 04 03 003d 01 01
   61 2016 321 18 37 04 333 0       2.85464131       0.00000000  0  0 b5 f0 19 04 03 003d 01 01
   61 2016 321 18 37 05 333 0       2.88282440       0.00000000  0  0 b5 f0 19 04 03 003d 01 01
   61 2016 321 18 37 06 333 0       2.91079338       0.00000000  0  0 b5 f0 19 04 03 003d 01 01
   61 2016 321 18 37 07 333 0       2.93854471       0.00000000  0  0 b5 f0 19 04 03 003d 01 01
   61 2016 321 18 37 08 333 0       2.96609858       0.00000000  0  0 b5 f0 19 04 03 003d 01 01
   61 2016 321 18 37 09 333 0       2.99345392       0.00000000  0  0 b5 f0 19 04 03 003d 01 01
   62 2016 321 18 37 10 333 0       3.02059241       0.00000000  0  0 b5 f0 19 04 03 003e 01 01
   62 2016 321 18 37 11 333 0       3.04752384       0.00000000  0  0 b5 f0 19 04 03 003e 01 01
   62 2016 321 18 37 12 333 0       3.07425482       0.00000000  0  0 b5 f0 19 04 03 003e 01 01
   62 2016 321 18 37 13 333 0       3.10078260       0.00000000  0  0 b5 f0 19 04 03 003e 01 01
   62 2016 321 18 37 14 333 0       3.12708887       0.00000000  0  0 b5 f0 19 04 03 003e 01 01
   62 2016 321 18 37 15 333 0       3.15320360       0.00000000  0  0 b5 f0 19 04 03 003e 01 01
   62 2016 321 18 37 16 333 0       3.17912061       0.00000000  0  0 b5 f0 19 04 03 003e 01 01
   62 2016 321 18 37 17 333 0       3.20482210       0.00000000  0  0 b5 f0 19 04 03 003e 01 01
   62 2016 321 18 37 18 333 0       3.23031620       0.00000000  0  0 b5 f0 19 04 03 003e 01 01
   62 2016 321 18 37 19 333 0       3.25562036       0.00000000  0  0 b5 f0 19 04 03 003e 01 01
   63 2016 321 18 37 20 333 0       3.28071600       0.00000000  0  0 b5 f0 19 04 03 003f 01 01
   63 2016 321 18 37 21 333 0       3.30560325       0.00000000  0  0 b5 f0 19 04 03 003f 01 01
   63 2016 321 18 37 22 333 0       3.33029790       0.00000000  0  0 b5 f0 19 04 03 003f 01 01
   63 2016 321 18 37 23 333 0       3.35479789       0.00000000  0  0 b5 f0 19 04 03 003f 01 01
   63 2016 321 18 37 24 333 0       3.37907903       0.00000000  0  0 b5 f0 19 04 03 003f 01 01
   63 2016 321 18 37 25 333 0       3.40317123       0.00000000  0  0 b5 f0 19 04 03 003f 01 01
   63 2016 321 18 37 26 333 0       3.42706876       0.00000000  0  0 b5 f0 19 04 03 003f 01 01
   63 2016 321 18 37 27 333 0       3.45076510       0.00000000  0  0 b5 f0 19 04 03 003f 01 01
   63 2016 321 18 37 28 333 0       3.47425618       0.00000000  0  0 b5 f0 19 04 03 003f 01 01
   63 2016 321 18 37 29 333 0       3.49756165       0.00000000  0  0 b5 f0 19 04 03 003f 01 01
   64 2016 321 18 37 30 333 0       3.52067306       0.00000000  0  0 b5 f0 19 04 03 0040 01 01
   64 2016 321 18 37 31 333 0       3.54357755       0.00000000  0  0 b5 f0 19 04 03 0040 01 01
   64 2016 321 18 37 32 333 0       3.56629849       0.00000000  0  0 b5 f0 19 04 03 0040 01 01
   64 2016 321 18 37 33 333 0       3.58883010       0.00000000  0  0 b5 f0 19 04 03 0040 01 01
   64 2016 321 18 37 34 333 0       3.61115971       0.00000000  0  0 b5 f0 19 04 03 0040 01 01
   64 2016 321 18 37 35 333 0       3.63329932       0.00000000  0  0 b5 f0 19 04 03 0040 01 01
   64 2016 321 18 37 36 333 0       3.65525911       0.00000000  0  0 b5 f0 19 04 03 0040 01 01
   64 2016 321 18 37 37 333 0       3.67702218       0.00000000  0  0 b5 f0 19 04 03 0040 01 01
   64 2016 321 18 37 38 333 0       3.69859191       0.00000000  0  0 b5 f0 19 04 03 0040 01 01
   64 2016 321 18 37 39 333 0       3.71998490       0.00000000  0  0 b5 f0 19 04 03 0040 01 01
   65 2016 321 18 37 40 333 0       3.74119421       0.00000000  0  0 b5 f0 19 04 03 0041 01 01
   65 2016 321 18 37 41 333 0       3.76220859       0.00000000  0  0 b5 f0 19 04 03 0041 01 01
   65 2016 321 18 37 42 333 0       3.78304262       0.00000000  0  0 b5 f0 19 04 03 0041 01 01
   65 2016 321 18 37 43 333 0       3.80370045       0.00000000  0  0 b5 f0 19 04 03 0041 01 01
   65 2016 321 18 37 44 333 0       3.82416906       0.00000000  0  0 b5 f0 19 04 03 0041 01 01
   65 2016 321 18 37 45 333 0       3.84445687       0.00000000  0  0 b5 f0 19 04 03 0041 01 01
   65 2016 321 18 37 46 333 0       3.86457233       0.00000000  0  0 b5 f0 19 04 03 0041 01 01
   65 2016 321 18 37 47 333 0       3.88450565       0.00000000  0  0 b5 f0 19 04 03 0041 01 01
   65 2016 321 18 37 48 333 0       3.90425895       0.00000000  0  0 b5 f0 19 04 03 0041 01 01
   65 2016 321 18 37 49 333 0       3.92384017       0.00000000  0  0 b5 f0 19 04 03 0041 01 01
   66 2016 321 18 37 50 333 0       3.94325038       0.00000000  0  0 b5 f0 19 04 03 0042 01 01
   66 2016 321 18 37 51 333 0       3.96248057       0.00000000  0  0 b5 f0 19 04 03 0042 01 01
   66 2016 321 18 37 52 333 0       3.98153842       0.00000000  0  0 b5 f0 19 04 03 0042 01 01
   66 2016 321 18 37 53 333 0       4.00043004       0.00000000  0  0 b5 f0 19 04 03 0042 01 01
   66 2016 321 18 37 54 333 0       4.01914932       0.00000000  0  0 b5 f0 19 04 03 0042 01 01
   66 2016 321 18 37 55 333 0       4.03769691       0.00000000  0  0 b5 f0 19 04 03 0042 01 01
   66 2016 321 18 37 56 333 0       4.05608308       0.00000000  0  0 b5 f0 19 04 03 0042 01 01
   66 2016 321 18 37 57 333 0       4.07430329       0.00000000  0  0 b5 f0 19 04 03 0042 01 01
   66 2016 321 18 37 58 333 0       4.09234936       0.00000000  0  0 b5 f0 19 04 03 0042 01 01
   66 2016 321 18 37 59 333 0       4.11023487       0.00000000  0  0 b5 f0 19 04 03 0042 01 01
   67 2016 321 18 38 00 333 0       4.12796162       0.00000000  0  0 b5 f0 19 04 03 0043 01 01
   67 2016 321 18 38 01 333 0       4.14552341       0.00000000  0  0 b5 f0 19 04 03 0043 01 01
   67 2016 321 18 38 02 333 0       4.16292485       0.00000000  0  0 b5 f0 19 04 03 0043 01 01
   67 2016 321 18 38 03 333 0       4.18017272       0.00000000  0  0 b5 f0 19 04 03 0043 01 01
   67 2016 321 18 38 04 333 0       4.19725904       0.00000000  0  0 b5 f0 19 04 03 0043 01 01
   67 2016 321 18 38 05 333 0       4.21418872       0.00000000  0  0 b5 f0 19 04 03 0043 01 01
   67 2016 321 18 38 06 333 0       4.23096245       0.00000000  0  0 b5 f0 19 04 03 0043 01 01
   67 2016 321 18 38 07 333 0       4.24758421       0.00000000  0  0 b5 f0 19 04 03 0043 01 01
   67 2016 321 18 38 08 333 0       4.26404962       0.00000000  0  0 b5 f0 19 04 03 0043 01 01
   67 2016 321 18 38 09 333 0       4.28036192       0.00000000  0  0 b5 f0 19 04 03 0043 01 01
   68 2016 321 18 38 10 333 0       4.29653039       0.00000000  0  0 b5 f0 19 04 03 0044 01 01
   68 2016 321 18 38 11 333 0       4.31254656       0.00000000  0  0 b5 f0 19 04 03 0044 01 01
   68 2016 321 18 38 12 333 0       4.32841051       0.00000000  0  0 b5 f0 19 04 03 0044 01 01
   68 2016 321 18 38 13 333 0       4.34413501       0.00000000  0  0 b5 f0 19 04 03 0044 01 01
   68 2016 321 18 38 14 333 0       4.35971428       0.00000000  0  0 b5 f0 19 04 03 0044 01 01
   68 2016 321 18 38 15 333 0       4.37513971       0.00000000  0  0 b5 f0 19 04 03 0044 01 01
   68 2016 321 18 38 16 333 0       4.39042751       0.00000000  0  0 b5 f0 19 04 03 0044 01 01
   68 2016 321 18 38 17 333 0       4.40557627       0.00000000  0  0 b5 f0 19 04 03 0044 01 01
   68 2016 321 18 38 18 333 0       4.42058405       0.00000000  0  0 b5 f0 19 04 03 0044 01 01
   68 2016 321 18 38 19 333 0       4.43544347       0.00000000  0  0 b5 f0 19 04 03 0044 01 01
   69 2016 321 18 38 20 333 0       4.45017385       0.00000000  0  0 b5 f0 19 04 03 0045 01 01
   69 2016 321 18 38 21 333 0       4.46476678       0.00000000  0  0 b5 f0 19 04 03 0045 01 01
   69 2016 321 18 38 22 333 0       4.47921707       0.00000000  0  0 b5 f0 19 04 03 0045 01 01
   69 2016 321 18 38 23 333 0       4.49353779       0.00000000  0  0 b5 f0 19 04 03 0045 01 01
   69 2016 321 18 38 24 333 0       4.50772739       0.00000000  0  0 b5 f0 19 04 03 0045 01 01
   69 2016 321 18 38 25 333 0       4.52178055       0.00000000  0  0 b5 f0 19 04 03 0045 01 01
   69 2016 321 18 38 26 333 0       4.53570313       0.00000000  0  0 b5 f0 19 04 03 0045 01 01
   69 2016 321 18 38 27 333 0       4.54949607       0.00000000  0  0 b5 f0 19 04 03 0045 01 01
   69 2016 321 18 38 28 333 0       4.56316149       0.00000000  0  0 b5 f0 19 04 03 0045 01 01
   69 2016 321 18 38 29 333 0       4.57669474       0.00000000  0  0 b5 f0 19 04 03 0045 01 01
   70 2016 321 18 38 30 333 0       4.59010666       0.00000000  0  0 b5 f0 19 04 03 0046 01 01
   70 2016 321 18 38 31 333 0       4.60339267       0.00000000  0  0 b5 f0 19 04 03 0046 01 01
   70 2016 321 18 38 32 333 0       4.61655117       0.00000000  0  0 b5 f0 19 04 03 0046 01 01
   70 2016 321 18 38 33 333 0       4.62958734       0.00000000  0  0 b5 f0 19 04 03 0046 01 01
   70 2016 321 18 38 34 333 0       4.64250534       0.00000000  0  0 b5 f0 19 04 03 0046 01 01
   70 2016 321 18 38 35 333 0       4.65530001       0.00000000  0  0 b5 f0 19 04 03 0046 01 01
   70 2016 321 18 38 36 333 0       4.66796976       0.00000000  0  0 b5 f0 19 04 03 0046 01 01
   70 2016 321 18 38 37 333 0       4.68052919       0.00000000  0  0 b5 f0 19 04 03 0046 01 01
   70 2016 321 18 38 38 333 0       4.69296990       0.00000000  0  0 b5 f0 19 04 03 0046 01 01
   70 2016 321 18 38 39 333 0       4.70528676       0.00000000  0  0 b5 f0 19 04 03 0046 01 01
   71 2016 321 18 38 40 333 0       4.71749330       0.00000000  0  0 b5 f0 19 04 03 0047 01 01
   71 2016 321 18 38 41 333 0       4.72958944       0.00000000  0  0 b5 f0 19 04 03 0047 01 01
   71 2016 321 18 38 42 333 0       4.74156799       0.00000000  0  0 b5 f0 19 04 03 0047 01 01
   71 2016 321 18 38 43 333 0       4.75343155       0.00000000  0  0 b5 f0 19 04 03 0047 01 01
   71 2016 321 18 38 44 333 0       4.76518832       0.00000000  0  0 b5 f0 19 04 03 0047 01 01
   71 2016 321 18 38 45 333 0       4.77683430       0.00000000  0  0 b5 f0 19 04 03 0047 01 01
   71 2016 321 18 38 46 333 0       4.78836682       0.00000000  0  0 b5 f0 19 04 03 0047 01 01
   71 2016 321 18 38 47 333 0       4.79979620       0.00000000  0  0 b5 f0 19 04 03 0047 01 01
   71 2016 321 18 38 48 333 0       4.81111946       0.00000000  0  0 b5 f0 19 04 03 0047 01 01
   71 2016 321 18 38 49 333 0       4.82233392       0.00000000  0  0 b5 f0 19 04 03 0047 01 01
   72 2016 321 18 38 50 333 0       4.83344279       0.00000000  0  0 b5 f0 19 04 03 0048 01 01
   72 2016 321 18 38 51 333 0       4.84445426       0.00000000  0  0 b5 f0 19 04 03 0048 01 01
   72 2016 321 18 38 52 333 0       4.85535693       0.00000000  0  0 b5 f0 19 04 03 0048 01 01
   72 2016 321 18 38 53 333 0       4.86615400       0.00000000  0  0 b5 f0 19 04 03 0048 01 01
   72 2016 321 18 38 54 333 0       4.87685734       0.00000000  0  0 b5 f0 19 04 03 0048 01 01
   72 2016 321 18 38 55 333 0       4.88746075       0.00000000  0  0 b5 f0 19 04 03 0048 01 01
   72 2016 321 18 38 56 333 0       4.89795749       0.00000000  0  0 b5 f0 19 04 03 0048 01 01
   72 2016 321 18 38 57 333 0       4.90836103       0.00000000  0  0 b5 f0 19 04 03 0048 01 01
   72 2016 321 18 38 58 333 0       4.91866723       0.00000000  0  0 b5 f0 19 04 03 0048 01 01
   72 2016 321 18 38 59 333 0       4.92887510       0.00000000  0  0 b5 f0 19 04 03 0048 01 01
   73 2016 321 18 39 00 333 0       4.93898983       0.00000000  0  0 b5 f0 19 04 03 0049 01 01
   73 2016 321 18 39 01 333 0       4.94901182       0.00000000  0  0 b5 f0 19 04 03 0049 01 01
   73 2016 321 18 39 02 333 0       4.95893602       0.00000000  0  0 b5 f0 19 04 03 0049 01 01
   73 2016 321 18 39 03 333 0       4.96877067       0.00000000  0  0 b5 f0 19 04 03 0049 01 01
   73 2016 321 18 39 04 333 0       4.97851738       0.00000000  0  0 b5 f0 19 04 03 0049 01 01
   73 2016 321 18 39 05 333 0       4.98816728       0.00000000  0  0 b5 f0 19 04 03 0049 01 01
   73 2016 321 18 39 06 333 0       4.99772765       0.00000000  0  0 b5 f0 19 04 03 0049 01 01
   73 2016 321 18 39 07 333 0       5.00719641       0.00000000  0  0 b5 f0 19 04 03 0049 01 01
   73 2016 321 18 39 08 333 0       5.01658556       0.00000000  0  0 b5 f0 19 04 03 0049 01 01
   73 2016 321 18 39 09 333 0       5.02588203       0.00000000  0  0 b5 f0 19 04 03 0049 01 01
   74 2016 321 18 39 10 333 0       5.03509157       0.00000000  0  0 b5 f0 19 04 03 004a 01 01
   74 2016 321 18 39 11 333 0       5.04421736       0.00000000  0  0 b5 f0 19 04 03 004a 01 01
   74 2016 321 18 39 12 333 0       5.05325774       0.00000000  0  0 b5 f0 19 04 03 004a 01 01
   74 2016 321 18 39 13 333 0       5.06221071       0.00000000  0  0 b5 f0 19 04 03 004a 01 01
   74 2016 321 18 39 14 333 0       5.07108560       0.00000000  0  0 b5 f0 19 04 03 004a 01 01
   74 2016 321 18 39 15 333 0       5.07987874       0.00000000  0  0 b5 f0 19 04 03 004a 01 01
   74 2016 321 18 39 16 333 0       5.08858654       0.00000000  0  0 b5 f0 19 04 03 004a 01 01
   74 2016 321 18 39 17 333 0       5.09721786       0.00000000  0  0 b5 f0 19 04 03 004a 01 01
   74 2016 321 18 39 18 333 0       5.10576224       0.00000000  0  0 b5 f0 19 04 03 004a 01 01
   74 2016 321 18 39 19 333 0       5.11423113       0.00000000  0  0 b5 f0 19 04 03 004a 01 01
   75 2016 321 18 39 20 333 0       5.12262041       0.00000000  0  0 b5 f0 19 04 03 004b 01 01
   75 2016 321 18 39 21 333 0       5.13093733       0.00000000  0  0 b5 f0 19 04 03 004b 01 01
   75 2016 321 18 39 22 333 0       5.13917618       0.00000000  0  0 b5 f0 19 04 03 004b 01 01
   75 2016 321 18 39 23 333 0       5.14733381       0.00000000  0  0 b5 f0 19 04 03 004b 01 01
   75 2016 321 18 39 24 333 0       5.15541963       0.00000000  0  0 b5 f0 19 04 03 004b 01 01
   75 2016 321 18 39 25 333 0       5.16343002       0.00000000  0  0 b5 f0 19 04 03 004b 01 01
   75 2016 321 18 39 26 333 0       5.17136747       0.00000000  0  0 b5 f0 19 04 03 004b 01 01
   75 2016 321 18 39 27 333 0       5.17923003       0.00000000  0  0 b5 f0 19 04 03 004b 01 01
   75 2016 321 18 39 28 333 0       5.18702024       0.00000000  0  0 b5 f0 19 04 03 004b 01 01
   75 2016 321 18 39 29 333 0       5.19474170       0.00000000  0  0 b5 f0 19 04 03 004b 01 01
   76 2016 321 18 39 30 333 0       5.20238254       0.00000000  0  0 b5 f0 19 04 03 004c 01 01
   76 2016 321 18 39 31 333 0       5.20996609       0.00000000  0  0 b5 f0 19 04 03 004c 01 01
   76 2016 321 18 39 32 333 0       5.21747621       0.00000000  0  0 b5 f0 19 04 03 004c 01 01
   76 2016 321 18 39 33 333 0       5.22491512       0.00000000  0  0 b5 f0 19 04 03 004c 01 01
   76 2016 321 18 39 34 333 0       5.23228681       0.00000000  0  0 b5 f0 19 04 03 004c 01 01
   76 2016 321 18 39 35 333 0       5.23958881       0.00000000  0  0 b5 f0 19 04 03 004c 01 01
   76 2016 321 18 39 36 333 0       5.24682465       0.00000000  0  0 b5 f0 19 04 03 004c 01 01
   76 2016 321 18 39 37 333 0       5.25399548       0.00000000  0  0 b5 f0 19 04 03 004c 01 01
   76 2016 321 18 39 38 333 0       5.26109654       0.00000000  0  0 b5 f0 19 04 03 004c 01 01
   76 2016 321 18 39 39 333 0       5.26813931       0.00000000  0  0 b5 f0 19 04 03 004c 01 01
   77 2016 321 18 39 40 333 0       5.27511753       0.00000000  0  0 b5 f0 19 04 03 004d 01 01
   77 2016 321 18 39 41 333 0       5.28202392       0.00000000  0  0 b5 f0 19 04 03 004d 01 01
   77 2016 321 18 39 42 333 0       5.28887775       0.00000000  0  0 b5 f0 19 04 03 004d 01 01
   77 2016 321 18 39 43 333 0       5.29566290       0.00000000  0  0 b5 f0 19 04 03 004d 01 01
   77 2016 321 18 39 44 333 0       5.30238661       0.00000000  0  0 b5 f0 19 04 03 004d 01 01
   77 2016 321 18 39 45 333 0       5.30904577       0.00000000  0  0 b5 f0 19 04 03 004d 01 01
   77 2016 321 18 39 46 333 0       5.31564817       0.00000000  0  0 b5 f0 19 04 03 004d 01 01
   77 2016 321 18 39 47 333 0       5.32218241       0.00000000  0  0 b5 f0 19 04 03 004d 01 01
   77 2016 321 18 39 48 333 0       5.32866982       0.00000000  0  0 b5 f0 19 04 03 004d 01 01
   77 2016 321 18 39 49 333 0       5.33509793       0.00000000  0  0 b5 f0 19 04 03 004d 01 01
   78 2016 321 18 39 50 333 0       5.34145882       0.00000000  0  0 b5 f0 19 04 03 004e 01 01
   78 2016 321 18 39 51 333 0       5.34776148       0.00000000  0  0 b5 f0 19 04 03 004e 01 01
   78 2016 321 18 39 52 333 0       5.35401624       0.00000000  0  0 b5 f0 19 04 03 004e 01 01
   78 2016 321 18 39 53 333 0       5.36020384       0.00000000  0  0 b5 f0 19 04 03 004e 01 01
   78 2016 321 18 39 54 333 0       5.36634202       0.00000000  0  0 b5 f0 19 04 03 004e 01 01
   78 2016 321 18 39 55 333 0       5.37242549       0.00000000  0  0 b5 f0 19 04 03 004e 01 01
   78 2016 321 18 39 56 333 0       5.37845120       0.00000000  0  0 b5 f0 19 04 03 004e 01 01
   78 2016 321 18 39 57 333 0       5.38442335       0.00000000  0  0 b5 f0 19 04 03 004e 01 01
   78 2016 321 18 39 58 333 0       5.39033767       0.00000000  0  0 b5 f0 19 04 03 004e 01 01
   78 2016 321 18 39 59 333 0       5.39620362       0.00000000  0  0 b5 f0 19 04 03 004e 01 01
   79 2016 321 18 40 00 333 0       5.40201287       0.00000000  0  0 b5 f0 19 04 03 004f 01 01
   79 2016 321 18 40 01 333 0       5.40777316       0.00000000  0  0 b5 f0 19 04 03 004f 01 01
   79 2016 321 18 40 02 333 0       5.41347561       0.00000000  0  0 b5 f0 19 04 03 004f 01 01
   79 2016 321 18 40 03 333 0       5.41912970       0.00000000  0  0 b5 f0 19 04 03 004f 01 01
   79 2016 321 18 40 04 333 0       5.42473389       0.00000000  0  0 b5 f0 19 04 03 004f 01 01
   79 2016 321 18 40 05 333 0       5.43028752       0.00000000  0  0 b5 f0 19 04 03 004f 01 01
   79 2016 321 18 40 06 333 0       5.43579331       0.00000000  0  0 b5 f0 19 04 03 004f 01 01
   79 2016 321 18 40 07 333 0       5.44124333       0.00000000  0  0 b5 f0 19 04 03 004f 01 01
   79 2016 321 18 40 08 333 0       5.44665232       0.00000000  0  0 b5 f0 19 04 03 004f 01 01
   79 2016 321 18 40 09 333 0       5.45200401       0.00000000  0  0 b5 f0 19 04 03 004f 01 01
   80 2016 321 18 40 10 333 0       5.45731352       0.00000000  0  0 b5 f0 19 04 03 0050 01 01
   80 2016 321 18 40 11 333 0       5.46257361       0.00000000  0  0 b5 f0 19 04 03 0050 01 01
   80 2016 321 18 40 12 333 0       5.46778379       0.00000000  0  0 b5 f0 19 04 03 0050 01 01
   80 2016 321 18 40 13 333 0       5.47295327       0.00000000  0  0 b5 f0 19 04 03 0050 01 01
   80 2016 321 18 40 14 333 0       5.47807131       0.00000000  0  0 b5 f0 19 04 03 0050 01 01
   80 2016 321 18 40 15 333 0       5.48314712       0.00000000  0  0 b5 f0 19 04 03 0050 01 01
   80 2016 321 18 40 16 333 0       5.48817562       0.00000000  0  0 b5 f0 19 04 03 0050 01 01
   80 2016 321 18 40 17 333 0       5.49315515       0.00000000  0  0 b5 f0 19 04 03 0050 01 01
   80 2016 321 18 40 18 333 0       5.49809878       0.00000000  0  0 b5 f0 19 04 03 0050 01 01
   80 2016 321 18 40 19 333 0       5.50298778       0.00000000  0  0 b5 f0 19 04 03 0050 01 01
   81 2016 321 18 40 20 333 0       5.50783820       0.00000000  0  0 b5 f0 19 04 03 0051 01 01
   81 2016 321 18 40 21 333 0       5.51264078       0.00000000  0  0 b5 f0 19 04 03 0051 01 01
   81 2016 321 18 40 22 333 0       5.51740959       0.00000000  0  0 b5 f0 19 04 03 0051 01 01
   81 2016 321 18 40 23 333 0       5.52212883       0.00000000  0  0 b5 f0 19 04 03 0051 01 01
   81 2016 321 18 40 24 333 0       5.52680863       0.00000000  0  0 b5 f0 19 04 03 0051 01 01
   81 2016 321 18 40 25 333 0       5.53144672       0.00000000  0  0 b5 f0 19 04 03 0051 01 01
   81 2016 321 18 40 26 333 0       5.53604577       0.00000000  0  0 b5 f0 19 04 03 0051 01 01
   81 2016 321 18 40 27 333 0       5.54059799       0.00000000  0  0 b5 f0 19 04 03 0051 01 01
   81 2016 321 18 40 28 333 0       5.54511017       0.00000000  0  0 b5 f0 19 04 03 0051 01 01
   81 2016 321 18 40 29 333 0       5.54958637       0.00000000  0  0 b5 f0 19 04 03 0051 01 01
   82 2016 321 18 40 30 333 0       5.55402459       0.00000000  0  0 b5 f0 19 04 03 0052 01 01
   82 2016 321 18 40 31 333 0       5.55841392       0.00000000  0  0 b5 f0 19 04 03 0052 01 01
   82 2016 321 18 40 32 333 0       5.56277100       0.00000000  0  0 b5 f0 19 04 03 0052 01 01
   82 2016 321 18 40 33 333 0       5.56709057       0.00000000  0  0 b5 f0 19 04 03 0052 01 01
   82 2016 321 18 40 34 333 0       5.57136637       0.00000000  0  0 b5 f0 19 04 03 0052 01 01
   82 2016 321 18 40 35 333 0       5.57560579       0.00000000  0  0 b5 f0 19 04 03 0052 01 01
   82 2016 321 18 40 36 333 0       5.57980824       0.00000000  0  0 b5 f0 19 04 03 0052 01 01
   82 2016 321 18 40 37 333 0       5.58397477       0.00000000  0  0 b5 f0 19 04 03 0052 01 01
   82 2016 321 18 40 38 333 0       5.58810227       0.00000000  0  0 b5 f0 19 04 03 0052 01 01
   82 2016 321 18 40 39 333 0       5.59219339       0.00000000  0  0 b5 f0 19 04 03 0052 01 01
   83 2016 321 18 40 40 333 0       5.59625060       0.00000000  0  0 b5 f0 19 04 03 0053 01 01
   83 2016 321 18 40 41 333 0       5.60026724       0.00000000  0  0 b5 f0 19 04 03 0053 01 01
   83 2016 321 18 40 42 333 0       5.60425109       0.00000000  0  0 b5 f0 19 04 03 0053 01 01
   83 2016 321 18 40 43 333 0       5.60820057       0.00000000  0  0 b5 f0 19 04 03 0053 01 01
   83 2016 321 18 40 44 333 0       5.61211155       0.00000000  0  0 b5 f0 19 04 03 0053 01 01
   83 2016 321 18 40 45 333 0       5.61598667       0.00000000  0  0 b5 f0 19 04 03 0053 01 01
   83 2016 321 18 40 46 333 0       5.61983256       0.00000000  0  0 b5 f0 19 04 03 0053 01 01
   83 2016 321 18 40 47 333 0       5.62364046       0.00000000  0  0 b5 f0 19 04 03 0053 01 01
   83 2016 321 18 40 48 333 0       5.62741513       0.00000000  0  0 b5 f0 19 04 03 0053 01 01
   83 2016 321 18 40 49 333 0       5.63115901       0.00000000  0  0 b5 f0 19 04 03 0053 01 01
   84 2016 321 18 40 50 333 0       5.63486805       0.00000000  0  0 b5 f0 19 04 03 0054 01 01
   84 2016 321 18 40 51 333 0       5.63854477       0.00000000  0  0 b5 f0 19 04 03 0054 01 01
   84 2016 321 18 40 52 333 0       5.64218665       0.00000000  0  0 b5 f0 19 04 03 0054 01 01
   84 2016 321 18 40 53 333 0       5.64579629       0.00000000  0  0 b5 f0 19 04 03 0054 01 01
   84 2016 321 18 40 54 333 0       5.64937835       0.00000000  0  0 b5 f0 19 04 03 0054 01 01
   84 2016 321 18 40 55 333 0       5.65292389       0.00000000  0  0 b5 f0 19 04 03 0054 01 01
   84 2016 321 18 40 56 333 0       5.65643986       0.00000000  0  0 b5 f0 19 04 03 0054 01 01
   84 2016 321 18 40 57 333 0       5.65992458       0.00000000  0  0 b5 f0 19 04 03 0054 01 01
   84 2016 321 18 40 58 333 0       5.66337492       0.00000000  0  0 b5 f0 19 04 03 0054 01 01
   84 2016 321 18 40 59 333 0       5.66679974       0.00000000  0  0 b5 f0 19 04 03 0054 01 01
   85 2016 321 18 41 00 333 0       5.67019179       0.00000000  0  0 b5 f0 19 04 03 0055 01 01
   85 2016 321 18 41 01 333 0       5.67355885       0.00000000  0  0 b5 f0 19 04 03 0055 01 01
   85 2016 321 18 41 02 333 0       5.67688794       0.00000000  0  0 b5 f0 19 04 03 0055 01 01
   85 2016 321 18 41 03 333 0       5.68018992       0.00000000  0  0 b5 f0 19 04 03 0055 01 01
   85 2016 321 18 41 04 333 0       5.68346590       0.00000000  0  0 b5 f0 19 04 03 0055 01 01
   85 2016 321 18 41 05 333 0       5.68670805       0.00000000  0  0 b5 f0 19 04 03 0055 01 01
   85 2016 321 18 41 06 333 0       5.68992368       0.00000000  0  0 b5 f0 19 04 03 0055 01 01
   85 2016 321 18 41 07 333 0       5.69311013       0.00000000  0  0 b5 f0 19 04 03 0055 01 01
   85 2016 321 18 41 08 333 0       5.69627006       0.00000000  0  0 b5 f0 19 04 03 0055 01 01
   85 2016 321 18 41 09 333 0       5.69939975       0.00000000  0  0 b5 f0 19 04 03 0055 01 01
   86 2016 321 18 41 10 333 0       5.70250345       0.00000000  0  0 b5 f0 19 04 03 0056 01 01
   86 2016 321 18 41 11 333 0       5.70558010       0.00000000  0  0 b5 f0 19 04 03 0056 01 01
   86 2016 321 18 41 12 333 0       5.70862651       0.00000000  0  0 b5 f0 19 04 03 0056 01 01
   86 2016 321 18 41 13 333 0       5.71164747       0.00000000  0  0 b5 f0 19 04 03 0056 01 01
   86 2016 321 18 41 14 333 0       5.71464084       0.00000000  0  0 b5 f0 19 04 03 0056 01 01
   86 2016 321 18 41 15 333 0       5.71761023       0.00000000  0  0 b5 f0 19 04 03 0056 01 01
   86 2016 321 18 41 16 333 0       5.72054891       0.00000000  0  0 b5 f0 19 04 03 0056 01 01
   86 2016 321 18 41 17 333 0       5.72346214       0.00000000  0  0 b5 f0 19 04 03 0056 01 01
   86 2016 321 18 41 18 333 0       5.72635245       0.00000000  0  0 b5 f0 19 04 03 0056 01 01
   86 2016 321 18 41 19 333 0       5.72921671       0.00000000  0  0 b5 f0 19 04 03 0056 01 01
   87 2016 321 18 41 20 333 0       5.73205499       0.00000000  0  0 b5 f0 19 04 03 0057 01 01
   87 2016 321 18 41 21 333 0       5.73486508       0.00000000  0  0 b5 f0 19 04 03 0057 01 01
   87 2016 321 18 41 22 333 0       5.73765133       0.00000000  0  0 b5 f0 19 04 03 0057 01 01
   87 2016 321 18 41 23 333 0       5.74041458       0.00000000  0  0 b5 f0 19 04 03 0057 01 01
   87 2016 321 18 41 24 333 0       5.74315033       0.00000000  0  0 b5 f0 19 04 03 0057 01 01
   87 2016 321 18 41 25 333 0       5.74586415       0.00000000  0  0 b5 f0 19 04 03 0057 01 01
   87 2016 321 18 41 26 333 0       5.74855146       0.00000000  0  0 b5 f0 19 04 03 0057 01 01
   87 2016 321 18 41 27 333 0       5.75121692       0.00000000  0  0 b5 f0 19 04 03 0057 01 01
   87 2016 321 18 41 28 333 0       5.75385786       0.00000000  0  0 b5 f0 19 04 03 0057 01 01
   87 2016 321 18 41 29 333 0       5.75647542       0.00000000  0  0 b5 f0 19 04 03 0057 01 01
   88 2016 321 18 41 30 333 0       5.75906905       0.00000000  0  0 b5 f0 19 04 03 0058 01 01
   88 2016 321 18 41 31 333 0       5.76163871       0.00000000  0  0 b5 f0 19 04 03 0058 01 01
   88 2016 321 18 41 32 333 0       5.76418704       0.00000000  0  0 b5 f0 19 04 03 0058 01 01
   88 2016 321 18 41 33 333 0       5.76671146       0.00000000  0  0 b5 f0 19 04 03 0058 01 01
   88 2016 321 18 41 34 333 0       5.76921242       0.00000000  0  0 b5 f0 19 04 03 0058 01 01
   88 2016 321 18 41 35 333 0       5.77169260       0.00000000  0  0 b5 f0 19 04 03 0058 01 01
   88 2016 321 18 41 36 333 0       5.77414933       0.00000000  0  0 b5 f0 19 04 03 0058 01 01
   88 2016 321 18 41 37 333 0       5.77658367       0.00000000  0  0 b5 f0 19 04 03 0058 01 01
   88 2016 321 18 41 38 333 0       5.77899716       0.00000000  0  0 b5 f0 19 04 03 0058 01 01
   88 2016 321 18 41 39 333 0       5.78138780       0.00000000  0  0 b5 f0 19 04 03 0058 01 01
   89 2016 321 18 41 40 333 0       5.78375605       0.00000000  0  0 b5 f0 19 04 03 0059 01 01
   89 2016 321 18 41 41 333 0       5.78610711       0.00000000  0  0 b5 f0 19 04 03 0059 01 01
   89 2016 321 18 41 42 333 0       5.78843059       0.00000000  0  0 b5 f0 19 04 03 0059 01 01
   89 2016 321 18 41 43 333 0       5.79073742       0.00000000  0  0 b5 f0 19 04 03 0059 01 01
   89 2016 321 18 41 44 333 0       5.79302186       0.00000000  0  0 b5 f0 19 04 03 0059 01 01
   89 2016 321 18 41 45 333 0       5.79528551       0.00000000  0  0 b5 f0 19 04 03 0059 01 01
   89 2016 321 18 41 46 333 0       5.79753091       0.00000000  0  0 b5 f0 19 04 03 0059 01 01
   89 2016 321 18 41 47 333 0       5.79975026       0.00000000  0  0 b5 f0 19 04 03 0059 01 01
   89 2016 321 18 41 48 333 0       5.80195615       0.00000000  0  0 b5 f0 19 04 03 0059 01 01
   89 2016 321 18 41 49 333 0       5.80413959       0.00000000  0  0 b5 f0 19 04 03 0059 01 01
   90 2016 321 18 41 50 333 0       5.80629965       0.00000000  0  0 b5 f0 19 04 03 005a 01 01
   90 2016 321 18 41 51 333 0       5.80844511       0.00000000  0  0 b5 f0 19 04 03 005a 01 01
   90 2016 321 18 41 52 333 0       5.81056719       0.00000000  0  0 b5 f0 19 04 03 005a 01 01
   90 2016 321 18 41 53 333 0       5.81267102       0.00000000  0  0 b5 f0 19 04 03 005a 01 01
   90 2016 321 18 41 54 333 0       5.81475092       0.00000000  0  0 b5 f0 19 04 03 005a 01 01
   90 2016 321 18 41 55 333 0       5.81682144       0.00000000  0  0 b5 f0 19 04 03 005a 01 01
   90 2016 321 18 41 56 333 0       5.81886750       0.00000000  0  0 b5 f0 19 04 03 005a 01 01
   90 2016 321 18 41 57 333 0       5.82089791       0.00000000  0  0 b5 f0 19 04 03 005a 01 01
   90 2016 321 18 41 58 333 0       5.82290913       0.00000000  0  0 b5 f0 19 04 03 005a 01 01
   90 2016 321 18 41 59 333 0       5.82489323       0.00000000  0  0 b5 f0 19 04 03 005a 01 01
   91 2016 321 18 42 00 333 0       5.82686954       0.00000000  0  0 b5 f0 19 04 03 005b 01 01
   91 2016 321 18 42 01 333 0       5.82882033       0.00000000  0  0 b5 f0 19 04 03 005b 01 01
   91 2016 321 18 42 02 333 0       5.83075866       0.00000000  0  0 b5 f0 19 04 03 005b 01 01
   91 2016 321 18 42 03 333 0       5.83267148       0.00000000  0  0 b5 f0 19 04 03 005b 01 01
   91 2016 321 18 42 04 333 0       5.83457437       0.00000000  0  0 b5 f0 19 04 03 005b 01 01
   91 2016 321 18 42 05 333 0       5.83646274       0.00000000  0  0 b5 f0 19 04 03 005b 01 01
   91 2016 321 18 42 06 333 0       5.83832039       0.00000000  0  0 b5 f0 19 04 03 005b 01 01
   91 2016 321 18 42 07 333 0       5.84017178       0.00000000  0  0 b5 f0 19 04 03 005b 01 01
   91 2016 321 18 42 08 333 0       5.84199872       0.00000000  0  0 b5 f0 19 04 03 005b 01 01
   91 2016 321 18 42 09 333 0       5.84381313       0.00000000  0  0 b5 f0 19 04 03 005b 01 01
   92 2016 321 18 42 10 333 0       5.84560263       0.00000000  0  0 b5 f0 19 04 03 005c 01 01
   92 2016 321 18 42 11 333 0       5.84738947       0.00000000  0  0 b5 f0 19 04 03 005c 01 01
   92 2016 321 18 42 12 333 0       5.84915131       0.00000000  0  0 b5 f0 19 04 03 005c 01 01
   92 2016 321 18 42 13 333 0       5.85089138       0.00000000  0  0 b5 f0 19 04 03 005c 01 01
   92 2016 321 18 42 14 333 0       5.85261992       0.00000000  0  0 b5 f0 19 04 03 005c 01 01
   92 2016 321 18 42 15 333 0       5.85433806       0.00000000  0  0 b5 f0 19 04 03 005c 01 01
   92 2016 321 18 42 16 333 0       5.85604008       0.00000000  0  0 b5 f0 19 04 03 005c 01 01
   92 2016 321 18 42 17 333 0       5.85771759       0.00000000  0  0 b5 f0 19 04 03 005c 01 01
   92 2016 321 18 42 18 333 0       5.85938163       0.00000000  0  0 b5 f0 19 04 03 005c 01 01
   92 2016 321 18 42 19 333 0       5.86103475       0.00000000  0  0 b5 f0 19 04 03 005c 01 01
   93 2016 321 18 42 20 333 0       5.86266176       0.00000000  0  0 b5 f0 19 04 03 005d 01 01
   93 2016 321 18 42 21 333 0       5.86427217       0.00000000  0  0 b5 f0 19 04 03 005d 01 01
   93 2016 321 18 42 22 333 0       5.86588159       0.00000000  0  0 b5 f0 19 04 03 005d 01 01
   93 2016 321 18 42 23 333 0       5.86746908       0.00000000  0  0 b5 f0 19 04 03 005d 01 01
   93 2016 321 18 42 24 333 0       5.86904405       0.00000000  0  0 b5 f0 19 04 03 005d 01 01
   93 2016 321 18 42 25 333 0       5.87059564       0.00000000  0  0 b5 f0 19 04 03 005d 01 01
   93 2016 321 18 42 26 333 0       5.87213630       0.00000000  0  0 b5 f0 19 04 03 005d 01 01
   93 2016 321 18 42 27 333 0       5.87366084       0.00000000  0  0 b5 f0 19 04 03 005d 01 01
   93 2016 321 18 42 28 333 0       5.87517652       0.00000000  0  0 b5 f0 19 04 03 005d 01 01
   93 2016 321 18 42 29 333 0       5.87667187       0.00000000  0  0 b5 f0 19 04 03 005d 01 01
   94 2016 321 18 42 30 333 0       5.87815271       0.00000000  0  0 b5 f0 19 04 03 005e 01 01
   94 2016 321 18 42 31 333 0       5.87961582       0.00000000  0  0 b5 f0 19 04 03 005e 01 01
   94 2016 321 18 42 32 333 0       5.88107320       0.00000000  0  0 b5 f0 19 04 03 005e 01 01
   94 2016 321 18 42 33 333 0       5.88250926       0.00000000  0  0 b5 f0 19 04 03 005e 01 01
   94 2016 321 18 42 34 333 0       5.88392860       0.00000000  0  0 b5 f0 19 04 03 005e 01 01
   94 2016 321 18 42 35 333 0       5.88534228       0.00000000  0  0 b5 f0 19 04 03 005e 01 01
   94 2016 321 18 42 36 333 0       5.88673723       0.00000000  0  0 b5 f0 19 04 03 005e 01 01
   94 2016 321 18 42 37 333 0       5.88811966       0.00000000  0  0 b5 f0 19 04 03 005e 01 01
   94 2016 321 18 42 38 333 0       5.88949163       0.00000000  0  0 b5 f0 19 04 03 005e 01 01
   94 2016 321 18 42 39 333 0       5.89084702       0.00000000  0  0 b5 f0 19 04 03 005e 01 01
   95 2016 321 18 42 40 333 0       5.89218414       0.00000000  0  0 b5 f0 19 04 03 005f 01 01
   95 2016 321 18 42 41 333 0       5.89350934       0.00000000  0  0 b5 f0 19 04 03 005f 01 01
   95 2016 321 18 42 42 333 0       5.89482102       0.00000000  0  0 b5 f0 19 04 03 005f 01 01
   95 2016 321 18 42 43 333 0       5.89613157       0.00000000  0  0 b5 f0 19 04 03 005f 01 01
   95 2016 321 18 42 44 333 0       5.89742139       0.00000000  0  0 b5 f0 19 04 03 005f 01 01
   95 2016 321 18 42 45 333 0       5.89870076       0.00000000  0  0 b5 f0 19 04 03 005f 01 01
   95 2016 321 18 42 46 333 0       5.89996240       0.00000000  0  0 b5 f0 19 04 03 005f 01 01
   95 2016 321 18 42 47 333 0       5.90121058       0.00000000  0  0 b5 f0 19 04 03 005f 01 01
   95 2016 321 18 42 48 333 0       5.90244518       0.00000000  0  0 b5 f0 19 04 03 005f 01 01
   95 2016 321 18 42 49 333 0       5.90366785       0.00000000  0  0 b5 f0 19 04 03 005f 01 01
   96 2016 321 18 42 50 333 0       5.90488265       0.00000000  0  0 b5 f0 19 04 03 0060 01 01
   96 2016 321 18 42 51 333 0       5.90608294       0.00000000  0  0 b5 f0 19 04 03 0060 01 01
   96 2016 321 18 42 52 333 0       5.90725610       0.00000000  0  0 b5 f0 19 04 03 0060 01 01
   96 2016 321 18 42 53 333 0       5.90843240       0.00000000  0  0 b5 f0 19 04 03 0060 01 01
   96 2016 321 18 42 54 333 0       5.90960770       0.00000000  0  0 b5 f0 19 04 03 0060 01 01
   96 2016 321 18 42 55 333 0       5.91075329       0.00000000  0  0 b5 f0 19 04 03 0060 01 01
   96 2016 321 18 42 56 333 0       5.91188488       0.00000000  0  0 b5 f0 19 04 03 0060 01 01
   96 2016 321 18 42 57 333 0       5.91302007       0.00000000  0  0 b5 f0 19 04 03 0060 01 01
   96 2016 321 18 42 58 333 0       5.91412608       0.00000000  0  0 b5 f0 19 04 03 0060 01 01
   96 2016 321 18 42 59 333 0       5.91523423       0.00000000  0  0 b5 f0 19 04 03 0060 01 01
   97 2016 321 18 43 00 333 0       5.91632258       0.00000000  0  0 b5 f0 19 04 03 0061 01 01
   97 2016 321 18 43 01 333 0       5.91740055       0.00000000  0  0 b5 f0 19 04 03 0061 01 01
   97 2016 321 18 43 02 333 0       5.91844933       0.00000000  0  0 b5 f0 19 04 03 0061 01 01
   97 2016 321 18 43 03 333 0       5.91950591       0.00000000  0  0 b5 f0 19 04 03 0061 01 01
   97 2016 321 18 43 04 333 0       5.92056461       0.00000000  0  0 b5 f0 19 04 03 0061 01 01
   97 2016 321 18 43 05 333 0       5.92158841       0.00000000  0  0 b5 f0 19 04 03 0061 01 01
   97 2016 321 18 43 06 333 0       5.92260182       0.00000000  0  0 b5 f0 19 04 03 0061 01 01
   97 2016 321 18 43 07 333 0       5.92362149       0.00000000  0  0 b5 f0 19 04 03 0061 01 01
   97 2016 321 18 43 08 333 0       5.92463589       0.00000000  0  0 b5 f0 19 04 03 0061 01 01
   97 2016 321 18 43 09 333 0       5.92561705       0.00000000  0  0 b5 f0 19 04 03 0061 01 01
   98 2016 321 18 43 10 333 0       5.92657889       0.00000000  0  0 b5 f0 19 04 03 0062 01 01
   98 2016 321 18 43 11 333 0       5.92754286       0.00000000  0  0 b5 f0 19 04 03 0062 01 01
   98 2016 321 18 43 12 333 0       5.92850423       0.00000000  0  0 b5 f0 19 04 03 0062 01 01
   98 2016 321 18 43 13 333 0       5.92943956       0.00000000  0  0 b5 f0 19 04 03 0062 01 01
   98 2016 321 18 43 14 333 0       5.93037068       0.00000000  0  0 b5 f0 19 04 03 0062 01 01
   98 2016 321 18 43 15 333 0       5.93130814       0.00000000  0  0 b5 f0 19 04 03 0062 01 01
   98 2016 321 18 43 16 333 0       5.93221428       0.00000000  0  0 b5 f0 19 04 03 0062 01 01
   98 2016 321 18 43 17 333 0       5.93311942       0.00000000  0  0 b5 f0 19 04 03 0062 01 01
   98 2016 321 18 43 18 333 0       5.93400791       0.00000000  0  0 b5 f0 19 04 03 0062 01 01
   98 2016 321 18 43 19 333 0       5.93490266       0.00000000  0  0 b5 f0 19 04 03 0062 01 01
   99 2016 321 18 43 20 333 0       5.93577082       0.00000000  0  0 b5 f0 19 04 03 0063 01 01
   99 2016 321 18 43 21 333 0       5.93663586       0.00000000  0  0 b5 f0 19 04 03 0063 01 01
   99 2016 321 18 43 22 333 0       5.93749576       0.00000000  0  0 b5 f0 19 04 03 0063 01 01
   99 2016 321 18 43 23 333 0       5.93834621       0.00000000  0  0 b5 f0 19 04 03 0063 01 01
   99 2016 321 18 43 24 333 0       5.93916081       0.00000000  0  0 b5 f0 19 04 03 0063 01 01
   99 2016 321 18 43 25 333 0       5.94001439       0.00000000  0  0 b5 f0 19 04 03 0063 01 01
   99 2016 321 18 43 26 333 0       5.94080920       0.00000000  0  0 b5 f0 19 04 03 0063 01 01
   99 2016 321 18 43 27 333 0       5.94161807       0.00000000  0  0 b5 f0 19 04 03 0063 01 01
   99 2016 321 18 43 28 333 0       5.94240396       0.00000000  0  0 b5 f0 19 04 03 0063 01 01
   99 2016 321 18 43 29 333 0       5.94318472       0.00000000  0  0 b5 f0 19 04 03 0063 01 01
  100 2016 321 18 43 30 333 0       5.94396861       0.00000000  0  0 b5 f0 19 04 03 0064 01 01
  100 2016 321 18 43 31 333 0       5.94473058       0.00000000  0  0 b5 f0 19 04 03 0064 01 01
  100 2016 321 18 43 32 333 0       5.94548268       0.00000000  0  0 b5 f0 19 04 03 0064 01 01
  100 2016 321 18 43 33 333 0       5.94623220       0.00000000  0  0 b5 f0 19 04 03 0064 01 01
  100 2016 321 18 43 34 333 0       5.94696245       0.00000000  0  0 b5 f0 19 04 03 0064 01 01
  100 2016 321 18 43 35 333 0       5.94769584       0.00000000  0  0 b5 f0 19 04 03 0064 01 01
  100 2016 321 18 43 36 333 0       5.94839438       0.00000000  0  0 b5 f0 19 04 03 0064 01 01
  100 2016 321 18 43 37 333 0       5.94916315       0.00000000  0  0 b5 f0 19 04 03 0064 01 01
  100 2016 321 18 43 38 333 0       5.94983611       0.00000000  0  0 b5 f0 19 04 03 0064 01 01
  100 2016 321 18 43 39 333 0       5.95050494       0.00000000  0  0 b5 f0 19 04 03 0064 01 01
  101 2016 321 18 43 40 333 0       5.95121335       0.00000000  0  0 b5 f0 19 04 03 0065 01 01
  101 2016 321 18 43 41 333 0       5.95186972       0.00000000  0  0 b5 f0 19 04 03 0065 01 01
  101 2016 321 18 43 42 333 0       5.95252969       0.00000000  0  0 b5 f0 19 04 03 0065 01 01
  101 2016 321 18 43 43 333 0       5.96304522       0.00000000  0  0 b5 f0 19 04 03 0065 01 01
  102 2016 321 18 43 46 479 0       2.94990767       0.00000000  0  0 b5 f0 19 04 03 0066 01 01
  102 2016 321 18 43 47 479 0       2.95025144       0.00000000  0  0 b5 f0 19 04 03 0066 01 01
  102 2016 321 18 43 48 479 0       2.95037815       0.00000000  0  0 b5 f0 19 04 03 0066 01 01
  102 2016 321 18 43 49 479 0       2.95063271       0.00000000  0  0 b5 f0 19 04 03 0066 01 01
  102 2016 321 18 43 50 479 0       2.95104803       0.00000000  0  0 b5 f0 19 04 03 0066 01 01
  102 2016 321 18 43 51 479 0       2.95143218       0.00000000  0  0 b5 f0 19 04 03 0066 01 01
  102 2016 321 18 43 52 479 0       2.95173011       0.00000000  0  0 b5 f0 19 04 03 0066 01 01
  102 2016 321 18 43 53 479 0       2.95193677       0.00000000  0  0 b5 f0 19 04 03 0066 01 01
  102 2016 321 18 43 54 479 0       2.95226935       0.00000000  0  0 b5 f0 19 04 03 0066 01 01
  102 2016 321 18 43 55 479 0       2.95255149       0.00000000  0  0 b5 f0 19 04 03 0066 01 01
  103 2016 321 18 43 56 479 0       2.95281871       0.00000000  0  0 b5 f0 19 04 03 0067 01 01
  103 2016 321 18 43 57 479 0       2.95302904       0.00000000  0  0 b5 f0 19 04 03 0067 01 01
  103 2016 321 18 43 58 479 0       2.95334809       0.00000000  0  0 b5 f0 19 04 03 0067 01 01
  103 2016 321 18 43 59 479 0       2.95356534       0.00000000  0  0 b5 f0 19 04 03 0067 01 01
  103 2016 321 18 44 00 479 0       2.95396767       0.00000000  0  0 b5 f0 19 04 03 0067 01 01
  103 2016 321 18 44 01 479 0       2.95418839       0.00000000  0  0 b5 f0 19 04 03 0067 01 01
  103 2016 321 18 44 02 479 0       2.95451110       0.00000000  0  0 b5 f0 19 04 03 0067 01 01
  103 2016 321 18 44 03 479 0       2.95472163       0.00000000  0  0 b5 f0 19 04 03 0067 01 01
  103 2016 321 18 44 04 479 0       2.95485721       0.00000000  0  0 b5 f0 19 04 03 0067 01 01
  103 2016 321 18 44 05 479 0       2.95519551       0.00000000  0  0 b5 f0 19 04 03 0067 01 01
  104 2016 321 18 44 06 479 0       2.95544168       0.00000000  0  0 b5 f0 19 04 03 0068 01 01
  104 2016 321 18 44 07 479 0       2.95565847       0.00000000  0  0 b5 f0 19 04 03 0068 01 01
  104 2016 321 18 44 08 479 0       2.95585707       0.00000000  0  0 b5 f0 19 04 03 0068 01 01
  104 2016 321 18 44 09 479 0       2.95611649       0.00000000  0  0 b5 f0 19 04 03 0068 01 01
  104 2016 321 18 44 10 479 0       2.95642175       0.00000000  0  0 b5 f0 19 04 03 0068 01 01
  104 2016 321 18 44 11 479 0       2.95665466       0.00000000  0  0 b5 f0 19 04 03 0068 01 01
  104 2016 321 18 44 12 479 0       2.95682908       0.00000000  0  0 b5 f0 19 04 03 0068 01 01
  104 2016 321 18 44 13 479 0       2.95699483       0.00000000  0  0 b5 f0 19 04 03 0068 01 01
  104 2016 321 18 44 14 479 0       2.95731595       0.00000000  0  0 b5 f0 19 04 03 0068 01 01
  104 2016 321 18 44 15 479 0       2.95764153       0.00000000  0  0 b5 f0 19 04 03 0068 01 01
