 BkNo Year Day hh mm ss mss ns      Range (km)    RangCalib(km) Tv DvTSnRSnDTpSTpSId BkCtSRtInTim
    1 2016 321 18 28 51 002 0    2857.45307640       0.00000000  0  0 b5 f0 19 04 01 0001 01 01
    1 2016 321 18 28 52 002 0    2851.56275418       0.00000000  0  0 b5 f0 19 04 01 0001 01 01
    1 2016 321 18 28 53 002 0    2845.67378103       0.00000000  0  0 b5 f0 19 04 01 0001 01 01
    1 2016 321 18 28 54 002 0    2839.78615695       0.00000000  0  0 b5 f0 19 04 01 0001 01 01
    1 2016 321 18 28 55 002 0    2833.90018173       0.00000000  0  0 b5 f0 19 04 01 0001 01 01
    1 2016 321 18 28 56 002 0    2828.01555557       0.00000000  0  0 b5 f0 19 04 01 0001 01 01
    1 2016 321 18 28 57 002 0    2822.13242837       0.00000000  0  0 b5 f0 19 04 01 0001 01 01
    1 2016 321 18 28 58 002 0    2816.25080014       0.00000000  0  0 b5 f0 19 04 01 0001 01 01
    1 2016 321 18 28 59 002 0    2810.37082077       0.00000000  0  0 b5 f0 19 04 01 0001 01 01
    1 2016 321 18 29 00 002 0    2804.49234035       0.00000000  0  0 b5 f0 19 04 01 0001 01 01
    2 2016 321 18 29 01 002 0    2798.61535890       0.00000000  0  0 b5 f0 19 04 01 0002 01 01
    2 2016 321 18 29 02 002 0    2792.73987641       0.00000000  0  0 b5 f0 19 04 01 0002 01 01
    2 2016 321 18 29 03 002 0    2786.86604278       0.00000000  0  0 b5 f0 19 04 01 0002 01 01
    2 2016 321 18 29 04 002 0    2780.99370812       0.00000000  0  0 b5 f0 19 04 01 0002 01 01
    2 2016 321 18 29 05 002 0    2775.12302231       0.00000000  0  0 b5 f0 19 04 01 0002 01 01
    2 2016 321 18 29 06 002 0    2769.25398536       0.00000000  0  0 b5 f0 19 04 01 0002 01 01
    2 2016 321 18 29 07 002 0    2763.38659727       0.00000000  0  0 b5 f0 19 04 01 0002 01 01
    2 2016 321 18 29 08 002 0    2757.52085803       0.00000000  0  0 b5 f0 19 04 01 0002 01 01
    2 2016 321 18 29 09 002 0    2751.65661776       0.00000000  0  0 b5 f0 19 04 01 0002 01 01
    2 2016 321 18 29 10 002 0    2745.79417625       0.00000000  0  0 b5 f0 19 04 01 0002 01 01
    3 2016 321 18 29 11 002 0    2739.93353349       0.00000000  0  0 b5 f0 19 04 01 0003 01 01
    3 2016 321 18 29 12 002 0    2734.07453958       0.00000000  0  0 b5 f0 19 04 01 0003 01 01
    3 2016 321 18 29 13 002 0    2728.21719454       0.00000000  0  0 b5 f0 19 04 01 0003 01 01
    3 2016 321 18 29 14 002 0    2722.36164825       0.00000000  0  0 b5 f0 19 04 01 0003 01 01
    3 2016 321 18 29 15 002 0    2716.50790071       0.00000000  0  0 b5 f0 19 04 01 0003 01 01
    3 2016 321 18 29 16 002 0    2710.65595193       0.00000000  0  0 b5 f0 19 04 01 0003 01 01
    3 2016 321 18 29 17 002 0    2704.80580191       0.00000000  0  0 b5 f0 19 04 01 0003 01 01
    3 2016 321 18 29 18 002 0    2698.95760053       0.00000000  0  0 b5 f0 19 04 01 0003 01 01
    3 2016 321 18 29 19 002 0    2693.11089812       0.00000000  0  0 b5 f0 19 04 01 0003 01 01
    3 2016 321 18 29 20 002 0    2687.26614436       0.00000000  0  0 b5 f0 19 04 01 0003 01 01
    4 2016 321 18 29 21 002 0    2681.42333925       0.00000000  0  0 b5 f0 19 04 01 0004 01 01
    4 2016 321 18 29 22 002 0    2675.58233289       0.00000000  0  0 b5 f0 19 04 01 0004 01 01
    4 2016 321 18 29 23 002 0    2669.74327519       0.00000000  0  0 b5 f0 19 04 01 0004 01 01
    4 2016 321 18 29 24 002 0    2663.90616614       0.00000000  0  0 b5 f0 19 04 01 0004 01 01
    4 2016 321 18 29 25 002 0    2658.07100573       0.00000000  0  0 b5 f0 19 04 01 0004 01 01
    4 2016 321 18 29 26 002 0    2652.23764409       0.00000000  0  0 b5 f0 19 04 01 0004 01 01
    4 2016 321 18 29 27 002 0    2646.40638099       0.00000000  0  0 b5 f0 19 04 01 0004 01 01
    4 2016 321 18 29 28 002 0    2640.57706654       0.00000000  0  0 b5 f0 19 04 01 0004 01 01
    4 2016 321 18 29 29 002 0    2634.74970074       0.00000000  0  0 b5 f0 19 04 01 0004 01 01
    4 2016 321 18 29 30 002 0    2628.92443349       0.00000000  0  0 b5 f0 19 04 01 0004 01 01
    5 2016 321 18 29 31 002 0    2623.10141468       0.00000000  0  0 b5 f0 19 04 01 0005 01 01
    5 2016 321 18 29 32 002 0    2617.28019462       0.00000000  0  0 b5 f0 19 04 01 0005 01 01
    5 2016 321 18 29 33 002 0    2611.46107312       0.00000000  0  0 b5 f0 19 04 01 0005 01 01
    5 2016 321 18 29 34 002 0    2605.64420006       0.00000000  0  0 b5 f0 19 04 01 0005 01 01
    5 2016 321 18 29 35 002 0    2599.82942554       0.00000000  0  0 b5 f0 19 04 01 0005 01 01
    5 2016 321 18 29 36 002 0    2594.01674957       0.00000000  0  0 b5 f0 19 04 01 0005 01 01
    5 2016 321 18 29 37 002 0    2588.20617215       0.00000000  0  0 b5 f0 19 04 01 0005 01 01
    5 2016 321 18 29 38 002 0    2582.39784317       0.00000000  0  0 b5 f0 19 04 01 0005 01 01
    5 2016 321 18 29 39 002 0    2576.59176264       0.00000000  0  0 b5 f0 19 04 01 0005 01 01
    5 2016 321 18 29 40 002 0    2570.78778065       0.00000000  0  0 b5 f0 19 04 01 0005 01 01
    6 2016 321 18 29 41 002 0    2564.98619701       0.00000000  0  0 b5 f0 19 04 01 0006 01 01
    6 2016 321 18 29 42 002 0    2559.18656201       0.00000000  0  0 b5 f0 19 04 01 0006 01 01
    6 2016 321 18 29 43 002 0    2553.38962515       0.00000000  0  0 b5 f0 19 04 01 0006 01 01
    6 2016 321 18 29 44 002 0    2547.59478683       0.00000000  0  0 b5 f0 19 04 01 0006 01 01
    6 2016 321 18 29 45 002 0    2541.80219696       0.00000000  0  0 b5 f0 19 04 01 0006 01 01
    6 2016 321 18 29 46 002 0    2536.01200542       0.00000000  0  0 b5 f0 19 04 01 0006 01 01
    6 2016 321 18 29 47 002 0    2530.22421223       0.00000000  0  0 b5 f0 19 04 01 0006 01 01
    6 2016 321 18 29 48 002 0    2524.43881737       0.00000000  0  0 b5 f0 19 04 01 0006 01 01
    6 2016 321 18 29 49 002 0    2518.65582086       0.00000000  0  0 b5 f0 19 04 01 0006 01 01
    6 2016 321 18 29 50 002 0    2512.87537258       0.00000000  0  0 b5 f0 19 04 01 0006 01 01
    7 2016 321 18 29 51 002 0    2507.09717274       0.00000000  0  0 b5 f0 19 04 01 0007 01 01
    7 2016 321 18 29 52 002 0    2501.32152114       0.00000000  0  0 b5 f0 19 04 01 0007 01 01
    7 2016 321 18 29 53 002 0    2495.54841778       0.00000000  0  0 b5 f0 19 04 01 0007 01 01
    7 2016 321 18 29 54 002 0    2489.77771276       0.00000000  0  0 b5 f0 19 04 01 0007 01 01
    7 2016 321 18 29 55 002 0    2484.00970586       0.00000000  0  0 b5 f0 19 04 01 0007 01 01
    7 2016 321 18 29 56 002 0    2478.24424721       0.00000000  0  0 b5 f0 19 04 01 0007 01 01
    7 2016 321 18 29 57 002 0    2472.48133679       0.00000000  0  0 b5 f0 19 04 01 0007 01 01
    7 2016 321 18 29 58 002 0    2466.72097460       0.00000000  0  0 b5 f0 19 04 01 0007 01 01
    7 2016 321 18 29 59 002 0    2460.96331055       0.00000000  0  0 b5 f0 19 04 01 0007 01 01
    7 2016 321 18 30 00 002 0    2455.20834463       0.00000000  0  0 b5 f0 19 04 01 0007 01 01
    8 2016 321 18 30 01 002 0    2449.45592695       0.00000000  0  0 b5 f0 19 04 01 0008 01 01
    8 2016 321 18 30 02 002 0    2443.70635729       0.00000000  0  0 b5 f0 19 04 01 0008 01 01
    8 2016 321 18 30 03 002 0    2437.95933587       0.00000000  0  0 b5 f0 19 04 01 0008 01 01
    8 2016 321 18 30 04 002 0    2432.21531238       0.00000000  0  0 b5 f0 19 04 01 0008 01 01
    8 2016 321 18 30 05 002 0    2426.47398701       0.00000000  0  0 b5 f0 19 04 01 0008 01 01
    8 2016 321 18 30 06 002 0    2420.73550968       0.00000000  0  0 b5 f0 19 04 01 0008 01 01
    8 2016 321 18 30 07 002 0    2414.99988037       0.00000000  0  0 b5 f0 19 04 01 0008 01 01
    8 2016 321 18 30 08 002 0    2409.26694920       0.00000000  0  0 b5 f0 19 04 01 0008 01 01
    8 2016 321 18 30 09 002 0    2403.53701595       0.00000000  0  0 b5 f0 19 04 01 0008 01 01
    8 2016 321 18 30 10 002 0    2397.80993073       0.00000000  0  0 b5 f0 19 04 01 0008 01 01
    9 2016 321 18 30 11 002 0    2392.08584343       0.00000000  0  0 b5 f0 19 04 01 0009 01 01
    9 2016 321 18 30 12 002 0    2386.36460416       0.00000000  0  0 b5 f0 19 04 01 0009 01 01
    9 2016 321 18 30 13 002 0    2380.64636282       0.00000000  0  0 b5 f0 19 04 01 0009 01 01
    9 2016 321 18 30 14 002 0    2374.93126929       0.00000000  0  0 b5 f0 19 04 01 0009 01 01
    9 2016 321 18 30 15 002 0    2369.21917370       0.00000000  0  0 b5 f0 19 04 01 0009 01 01
    9 2016 321 18 30 16 002 0    2363.51022592       0.00000000  0  0 b5 f0 19 04 01 0009 01 01
    9 2016 321 18 30 17 002 0    2357.80427607       0.00000000  0  0 b5 f0 19 04 01 0009 01 01
    9 2016 321 18 30 18 002 0    2352.10147403       0.00000000  0  0 b5 f0 19 04 01 0009 01 01
    9 2016 321 18 30 19 002 0    2346.40181982       0.00000000  0  0 b5 f0 19 04 01 0009 01 01
    9 2016 321 18 30 20 002 0    2340.70531343       0.00000000  0  0 b5 f0 19 04 01 0009 01 01
   10 2016 321 18 30 21 002 0    2335.01210476       0.00000000  0  0 b5 f0 19 04 01 000a 01 01
   10 2016 321 18 30 22 002 0    2329.32204390       0.00000000  0  0 b5 f0 19 04 01 000a 01 01
   10 2016 321 18 30 23 002 0    2323.63528077       0.00000000  0  0 b5 f0 19 04 01 000a 01 01
   10 2016 321 18 30 24 002 0    2317.95166545       0.00000000  0  0 b5 f0 19 04 01 000a 01 01
   10 2016 321 18 30 25 002 0    2312.27149775       0.00000000  0  0 b5 f0 19 04 01 000a 01 01
   10 2016 321 18 30 26 002 0    2306.59477766       0.00000000  0  0 b5 f0 19 04 01 000a 01 01
   10 2016 321 18 30 27 002 0    2300.92120540       0.00000000  0  0 b5 f0 19 04 01 000a 01 01
   10 2016 321 18 30 28 002 0    2295.25123064       0.00000000  0  0 b5 f0 19 04 01 000a 01 01
   10 2016 321 18 30 29 002 0    2289.58470349       0.00000000  0  0 b5 f0 19 04 01 000a 01 01
   10 2016 321 18 30 30 002 0    2283.92177386       0.00000000  0  0 b5 f0 19 04 01 000a 01 01
   11 2016 321 18 30 31 002 0    2278.26214194       0.00000000  0  0 b5 f0 19 04 01 000b 01 01
   11 2016 321 18 30 32 002 0    2272.60625743       0.00000000  0  0 b5 f0 19 04 01 000b 01 01
   11 2016 321 18 30 33 002 0    2266.95382053       0.00000000  0  0 b5 f0 19 04 01 000b 01 01
   11 2016 321 18 30 34 002 0    2261.30483124       0.00000000  0  0 b5 f0 19 04 01 000b 01 01
   11 2016 321 18 30 35 002 0    2255.65958936       0.00000000  0  0 b5 f0 19 04 01 000b 01 01
   11 2016 321 18 30 36 002 0    2250.01809489       0.00000000  0  0 b5 f0 19 04 01 000b 01 01
   11 2016 321 18 30 37 002 0    2244.38019792       0.00000000  0  0 b5 f0 19 04 01 000b 01 01
   11 2016 321 18 30 38 002 0    2238.74604836       0.00000000  0  0 b5 f0 19 04 01 000b 01 01
   11 2016 321 18 30 39 002 0    2233.11564621       0.00000000  0  0 b5 f0 19 04 01 000b 01 01
   11 2016 321 18 30 40 002 0    2227.48914136       0.00000000  0  0 b5 f0 19 04 01 000b 01 01
   12 2016 321 18 30 41 002 0    2221.86638391       0.00000000  0  0 b5 f0 19 04 01 000c 01 01
   12 2016 321 18 30 42 002 0    2216.24752377       0.00000000  0  0 b5 f0 19 04 01 000c 01 01
   12 2016 321 18 30 43 002 0    2210.63256092       0.00000000  0  0 b5 f0 19 04 01 000c 01 01
   12 2016 321 18 30 44 002 0    2205.02149538       0.00000000  0  0 b5 f0 19 04 01 000c 01 01
   12 2016 321 18 30 45 002 0    2199.41462694       0.00000000  0  0 b5 f0 19 04 01 000c 01 01
   12 2016 321 18 30 46 002 0    2193.81150590       0.00000000  0  0 b5 f0 19 04 01 000c 01 01
   12 2016 321 18 30 47 002 0    2188.21258195       0.00000000  0  0 b5 f0 19 04 01 000c 01 01
   12 2016 321 18 30 48 002 0    2182.61770520       0.00000000  0  0 b5 f0 19 04 01 000c 01 01
   12 2016 321 18 30 49 002 0    2177.02672576       0.00000000  0  0 b5 f0 19 04 01 000c 01 01
   12 2016 321 18 30 50 002 0    2171.44009330       0.00000000  0  0 b5 f0 19 04 01 000c 01 01
   13 2016 321 18 30 51 002 0    2165.85765794       0.00000000  0  0 b5 f0 19 04 01 000d 01 01
   13 2016 321 18 30 52 002 0    2160.27941968       0.00000000  0  0 b5 f0 19 04 01 000d 01 01
   13 2016 321 18 30 53 002 0    2154.70552840       0.00000000  0  0 b5 f0 19 04 01 000d 01 01
   13 2016 321 18 30 54 002 0    2149.13583422       0.00000000  0  0 b5 f0 19 04 01 000d 01 01
   13 2016 321 18 30 55 002 0    2143.57048703       0.00000000  0  0 b5 f0 19 04 01 000d 01 01
   13 2016 321 18 30 56 002 0    2138.00963673       0.00000000  0  0 b5 f0 19 04 01 000d 01 01
   13 2016 321 18 30 57 002 0    2132.45313341       0.00000000  0  0 b5 f0 19 04 01 000d 01 01
   13 2016 321 18 30 58 002 0    2126.90097709       0.00000000  0  0 b5 f0 19 04 01 000d 01 01
   13 2016 321 18 30 59 002 0    2121.35346755       0.00000000  0  0 b5 f0 19 04 01 000d 01 01
   13 2016 321 18 31 00 002 0    2115.81045490       0.00000000  0  0 b5 f0 19 04 01 000d 01 01
   14 2016 321 18 31 01 002 0    2110.27208903       0.00000000  0  0 b5 f0 19 04 01 000e 01 01
   14 2016 321 18 31 02 002 0    2104.73836995       0.00000000  0  0 b5 f0 19 04 01 000e 01 01
   14 2016 321 18 31 03 002 0    2099.20899785       0.00000000  0  0 b5 f0 19 04 01 000e 01 01
   14 2016 321 18 31 04 002 0    2093.68457233       0.00000000  0  0 b5 f0 19 04 01 000e 01 01
   14 2016 321 18 31 05 002 0    2088.16479359       0.00000000  0  0 b5 f0 19 04 01 000e 01 01
   14 2016 321 18 31 06 002 0    2082.64996143       0.00000000  0  0 b5 f0 19 04 01 000e 01 01
   14 2016 321 18 31 07 002 0    2077.13992595       0.00000000  0  0 b5 f0 19 04 01 000e 01 01
   14 2016 321 18 31 08 002 0    2071.63468715       0.00000000  0  0 b5 f0 19 04 01 000e 01 01
   14 2016 321 18 31 09 002 0    2066.13424503       0.00000000  0  0 b5 f0 19 04 01 000e 01 01
   14 2016 321 18 31 10 002 0    2060.63904927       0.00000000  0  0 b5 f0 19 04 01 000e 01 01
   15 2016 321 18 31 11 002 0    2055.14865020       0.00000000  0  0 b5 f0 19 04 01 000f 01 01
   15 2016 321 18 31 12 002 0    2049.66334759       0.00000000  0  0 b5 f0 19 04 01 000f 01 01
   15 2016 321 18 31 13 002 0    2044.18314146       0.00000000  0  0 b5 f0 19 04 01 000f 01 01
   15 2016 321 18 31 14 002 0    2038.70803180       0.00000000  0  0 b5 f0 19 04 01 000f 01 01
   15 2016 321 18 31 15 002 0    2033.23831840       0.00000000  0  0 b5 f0 19 04 01 000f 01 01
   15 2016 321 18 31 16 002 0    2027.77370148       0.00000000  0  0 b5 f0 19 04 01 000f 01 01
   15 2016 321 18 31 17 002 0    2022.31433092       0.00000000  0  0 b5 f0 19 04 01 000f 01 01
   15 2016 321 18 31 18 002 0    2016.86035663       0.00000000  0  0 b5 f0 19 04 01 000f 01 01
   15 2016 321 18 31 19 002 0    2011.41192850       0.00000000  0  0 b5 f0 19 04 01 000f 01 01
   15 2016 321 18 31 20 002 0    2005.96874673       0.00000000  0  0 b5 f0 19 04 01 000f 01 01
   16 2016 321 18 31 21 002 0    2000.53111113       0.00000000  0  0 b5 f0 19 04 01 0010 01 01
   16 2016 321 18 31 22 002 0    1995.09902169       0.00000000  0  0 b5 f0 19 04 01 0010 01 01
   16 2016 321 18 31 23 002 0    1989.67247841       0.00000000  0  0 b5 f0 19 04 01 0010 01 01
   16 2016 321 18 31 24 002 0    1984.25148128       0.00000000  0  0 b5 f0 19 04 01 0010 01 01
   16 2016 321 18 31 25 002 0    1978.83633011       0.00000000  0  0 b5 f0 19 04 01 0010 01 01
   16 2016 321 18 31 26 002 0    1973.42672511       0.00000000  0  0 b5 f0 19 04 01 0010 01 01
   16 2016 321 18 31 27 002 0    1968.02311595       0.00000000  0  0 b5 f0 19 04 01 0010 01 01
   16 2016 321 18 31 28 002 0    1962.62520284       0.00000000  0  0 b5 f0 19 04 01 0010 01 01
   16 2016 321 18 31 29 002 0    1957.23328559       0.00000000  0  0 b5 f0 19 04 01 0010 01 01
   16 2016 321 18 31 30 002 0    1951.84721429       0.00000000  0  0 b5 f0 19 04 01 0010 01 01
   17 2016 321 18 31 31 002 0    1946.46728874       0.00000000  0  0 b5 f0 19 04 01 0011 01 01
   17 2016 321 18 31 32 002 0    1941.09320913       0.00000000  0  0 b5 f0 19 04 01 0011 01 01
   17 2016 321 18 31 33 002 0    1935.72542517       0.00000000  0  0 b5 f0 19 04 01 0011 01 01
   17 2016 321 18 31 34 002 0    1930.36363706       0.00000000  0  0 b5 f0 19 04 01 0011 01 01
   17 2016 321 18 31 35 002 0    1925.00829449       0.00000000  0  0 b5 f0 19 04 01 0011 01 01
   17 2016 321 18 31 36 002 0    1919.65909766       0.00000000  0  0 b5 f0 19 04 01 0011 01 01
   17 2016 321 18 31 37 002 0    1914.31619647       0.00000000  0  0 b5 f0 19 04 01 0011 01 01
   17 2016 321 18 31 38 002 0    1908.97974083       0.00000000  0  0 b5 f0 19 04 01 0011 01 01
   17 2016 321 18 31 39 002 0    1903.64973071       0.00000000  0  0 b5 f0 19 04 01 0011 01 01
   17 2016 321 18 31 40 002 0    1898.32616614       0.00000000  0  0 b5 f0 19 04 01 0011 01 01
   18 2016 321 18 31 41 002 0    1893.00949680       0.00000000  0  0 b5 f0 19 04 01 0012 01 01
   18 2016 321 18 31 42 002 0    1887.69927299       0.00000000  0  0 b5 f0 19 04 01 0012 01 01
   18 2016 321 18 31 43 002 0    1882.39564461       0.00000000  0  0 b5 f0 19 04 01 0012 01 01
   18 2016 321 18 31 44 002 0    1877.09876157       0.00000000  0  0 b5 f0 19 04 01 0012 01 01
   18 2016 321 18 31 45 002 0    1871.80892365       0.00000000  0  0 b5 f0 19 04 01 0012 01 01
   18 2016 321 18 31 46 002 0    1866.52583106       0.00000000  0  0 b5 f0 19 04 01 0012 01 01
   18 2016 321 18 31 47 002 0    1861.24963369       0.00000000  0  0 b5 f0 19 04 01 0012 01 01
   18 2016 321 18 31 48 002 0    1855.98048145       0.00000000  0  0 b5 f0 19 04 01 0012 01 01
   18 2016 321 18 31 49 002 0    1850.71837433       0.00000000  0  0 b5 f0 19 04 01 0012 01 01
   18 2016 321 18 31 50 002 0    1845.46331233       0.00000000  0  0 b5 f0 19 04 01 0012 01 01
   19 2016 321 18 31 51 002 0    1840.21544536       0.00000000  0  0 b5 f0 19 04 01 0013 01 01
   19 2016 321 18 31 52 002 0    1834.97507319       0.00000000  0  0 b5 f0 19 04 01 0013 01 01
   19 2016 321 18 31 53 002 0    1829.74189604       0.00000000  0  0 b5 f0 19 04 01 0013 01 01
   19 2016 321 18 31 54 002 0    1824.51606381       0.00000000  0  0 b5 f0 19 04 01 0013 01 01
   19 2016 321 18 31 55 002 0    1819.29787629       0.00000000  0  0 b5 f0 19 04 01 0013 01 01
   19 2016 321 18 31 56 002 0    1814.08718358       0.00000000  0  0 b5 f0 19 04 01 0013 01 01
   19 2016 321 18 31 57 002 0    1808.88398567       0.00000000  0  0 b5 f0 19 04 01 0013 01 01
   19 2016 321 18 31 58 002 0    1803.68858238       0.00000000  0  0 b5 f0 19 04 01 0013 01 01
   19 2016 321 18 31 59 002 0    1798.50097368       0.00000000  0  0 b5 f0 19 04 01 0013 01 01
   19 2016 321 18 32 00 002 0    1793.32115959       0.00000000  0  0 b5 f0 19 04 01 0013 01 01
   20 2016 321 18 32 01 002 0    1788.14914011       0.00000000  0  0 b5 f0 19 04 01 0014 01 01
   20 2016 321 18 32 02 002 0    1782.98521502       0.00000000  0  0 b5 f0 19 04 01 0014 01 01
   20 2016 321 18 32 03 002 0    1777.82923443       0.00000000  0  0 b5 f0 19 04 01 0014 01 01
   20 2016 321 18 32 04 002 0    1772.68149814       0.00000000  0  0 b5 f0 19 04 01 0014 01 01
   20 2016 321 18 32 05 002 0    1767.54185624       0.00000000  0  0 b5 f0 19 04 01 0014 01 01
   20 2016 321 18 32 06 002 0    1762.41045863       0.00000000  0  0 b5 f0 19 04 01 0014 01 01
   20 2016 321 18 32 07 002 0    1757.28760511       0.00000000  0  0 b5 f0 19 04 01 0014 01 01
   20 2016 321 18 32 08 002 0    1752.17299588       0.00000000  0  0 b5 f0 19 04 01 0014 01 01
   20 2016 321 18 32 09 002 0    1747.06693073       0.00000000  0  0 b5 f0 19 04 01 0014 01 01
   20 2016 321 18 32 10 002 0    1741.96955957       0.00000000  0  0 b5 f0 19 04 01 0014 01 01
   21 2016 321 18 32 11 002 0    1736.88073249       0.00000000  0  0 b5 f0 19 04 01 0015 01 01
   21 2016 321 18 32 12 002 0    1731.80074929       0.00000000  0  0 b5 f0 19 04 01 0015 01 01
   21 2016 321 18 32 13 002 0    1726.72946007       0.00000000  0  0 b5 f0 19 04 01 0015 01 01
   21 2016 321 18 32 14 002 0    1721.66716462       0.00000000  0  0 b5 f0 19 04 01 0015 01 01
   21 2016 321 18 32 15 002 0    1716.61386295       0.00000000  0  0 b5 f0 19 04 01 0015 01 01
   21 2016 321 18 32 16 002 0    1711.56970495       0.00000000  0  0 b5 f0 19 04 01 0015 01 01
   21 2016 321 18 32 17 002 0    1706.53469062       0.00000000  0  0 b5 f0 19 04 01 0015 01 01
   21 2016 321 18 32 18 002 0    1701.50896985       0.00000000  0  0 b5 f0 19 04 01 0015 01 01
   21 2016 321 18 32 19 002 0    1696.49239276       0.00000000  0  0 b5 f0 19 04 01 0015 01 01
   21 2016 321 18 32 20 002 0    1691.48540902       0.00000000  0  0 b5 f0 19 04 01 0015 01 01
   22 2016 321 18 32 21 002 0    1686.48801864       0.00000000  0  0 b5 f0 19 04 01 0016 01 01
   22 2016 321 18 32 22 002 0    1681.50007172       0.00000000  0  0 b5 f0 19 04 01 0016 01 01
   22 2016 321 18 32 23 002 0    1676.52171817       0.00000000  0  0 b5 f0 19 04 01 0016 01 01
   22 2016 321 18 32 24 002 0    1671.55340766       0.00000000  0  0 b5 f0 19 04 01 0016 01 01
   22 2016 321 18 32 25 002 0    1666.59484040       0.00000000  0  0 b5 f0 19 04 01 0016 01 01
   22 2016 321 18 32 26 002 0    1661.64616630       0.00000000  0  0 b5 f0 19 04 01 0016 01 01
   22 2016 321 18 32 27 002 0    1656.70768514       0.00000000  0  0 b5 f0 19 04 01 0016 01 01
   22 2016 321 18 32 28 002 0    1651.77939692       0.00000000  0  0 b5 f0 19 04 01 0016 01 01
   22 2016 321 18 32 29 002 0    1646.86130164       0.00000000  0  0 b5 f0 19 04 01 0016 01 01
   22 2016 321 18 32 30 002 0    1641.95354921       0.00000000  0  0 b5 f0 19 04 01 0016 01 01
   23 2016 321 18 32 31 002 0    1637.05613962       0.00000000  0  0 b5 f0 19 04 01 0017 01 01
   23 2016 321 18 32 32 002 0    1632.16937266       0.00000000  0  0 b5 f0 19 04 01 0017 01 01
   23 2016 321 18 32 33 002 0    1627.29309843       0.00000000  0  0 b5 f0 19 04 01 0017 01 01
   23 2016 321 18 32 34 002 0    1622.42761673       0.00000000  0  0 b5 f0 19 04 01 0017 01 01
   23 2016 321 18 32 35 002 0    1617.57307746       0.00000000  0  0 b5 f0 19 04 01 0017 01 01
   23 2016 321 18 32 36 002 0    1612.72948061       0.00000000  0  0 b5 f0 19 04 01 0017 01 01
   23 2016 321 18 32 37 002 0    1607.89682619       0.00000000  0  0 b5 f0 19 04 01 0017 01 01
   23 2016 321 18 32 38 002 0    1603.07541398       0.00000000  0  0 b5 f0 19 04 01 0017 01 01
   23 2016 321 18 32 39 002 0    1598.26539389       0.00000000  0  0 b5 f0 19 04 01 0017 01 01
   23 2016 321 18 32 40 002 0    1593.46676591       0.00000000  0  0 b5 f0 19 04 01 0017 01 01
   24 2016 321 18 32 41 002 0    1588.67938015       0.00000000  0  0 b5 f0 19 04 01 0018 01 01
   24 2016 321 18 32 42 002 0    1583.90368629       0.00000000  0  0 b5 f0 19 04 01 0018 01 01
   24 2016 321 18 32 43 002 0    1579.13968434       0.00000000  0  0 b5 f0 19 04 01 0018 01 01
   24 2016 321 18 32 44 002 0    1574.38737430       0.00000000  0  0 b5 f0 19 04 01 0018 01 01
   24 2016 321 18 32 45 002 0    1569.64720585       0.00000000  0  0 b5 f0 19 04 01 0018 01 01
   24 2016 321 18 32 46 002 0    1564.91887920       0.00000000  0  0 b5 f0 19 04 01 0018 01 01
   24 2016 321 18 32 47 002 0    1560.20269415       0.00000000  0  0 b5 f0 19 04 01 0018 01 01
   24 2016 321 18 32 48 002 0    1555.49880059       0.00000000  0  0 b5 f0 19 04 01 0018 01 01
   24 2016 321 18 32 49 002 0    1550.80734841       0.00000000  0  0 b5 f0 19 04 01 0018 01 01
   24 2016 321 18 32 50 002 0    1546.12833762       0.00000000  0  0 b5 f0 19 04 01 0018 01 01
   25 2016 321 18 32 51 002 0    1541.46206802       0.00000000  0  0 b5 f0 19 04 01 0019 01 01
   25 2016 321 18 32 52 002 0    1536.80838969       0.00000000  0  0 b5 f0 19 04 01 0019 01 01
   25 2016 321 18 32 53 002 0    1532.16745254       0.00000000  0  0 b5 f0 19 04 01 0019 01 01
   25 2016 321 18 32 54 002 0    1527.53955637       0.00000000  0  0 b5 f0 19 04 01 0019 01 01
   25 2016 321 18 32 55 002 0    1522.92485106       0.00000000  0  0 b5 f0 19 04 01 0019 01 01
   25 2016 321 18 32 56 002 0    1518.32333663       0.00000000  0  0 b5 f0 19 04 01 0019 01 01
   25 2016 321 18 32 57 002 0    1513.73516295       0.00000000  0  0 b5 f0 19 04 01 0019 01 01
   25 2016 321 18 32 58 002 0    1509.16047994       0.00000000  0  0 b5 f0 19 04 01 0019 01 01
   25 2016 321 18 32 59 002 0    1504.59913769       0.00000000  0  0 b5 f0 19 04 01 0019 01 01
   25 2016 321 18 33 00 002 0    1500.05173579       0.00000000  0  0 b5 f0 19 04 01 0019 01 01
   26 2016 321 18 33 01 002 0    1495.51812435       0.00000000  0  0 b5 f0 19 04 01 001a 01 01
   26 2016 321 18 33 02 002 0    1490.99860315       0.00000000  0  0 b5 f0 19 04 01 001a 01 01
   26 2016 321 18 33 03 002 0    1486.49302229       0.00000000  0  0 b5 f0 19 04 01 001a 01 01
   26 2016 321 18 33 04 002 0    1482.00183148       0.00000000  0  0 b5 f0 19 04 01 001a 01 01
   26 2016 321 18 33 05 002 0    1477.52503071       0.00000000  0  0 b5 f0 19 04 01 001a 01 01
   26 2016 321 18 33 06 002 0    1473.06261997       0.00000000  0  0 b5 f0 19 04 01 001a 01 01
   26 2016 321 18 33 07 002 0    1468.61474917       0.00000000  0  0 b5 f0 19 04 01 001a 01 01
   26 2016 321 18 33 08 002 0    1464.18186799       0.00000000  0  0 b5 f0 19 04 01 001a 01 01
   26 2016 321 18 33 09 002 0    1459.76397643       0.00000000  0  0 b5 f0 19 04 01 001a 01 01
   26 2016 321 18 33 10 002 0    1455.36092460       0.00000000  0  0 b5 f0 19 04 01 001a 01 01
   27 2016 321 18 33 11 002 0    1450.97316218       0.00000000  0  0 b5 f0 19 04 01 001b 01 01
   27 2016 321 18 33 12 002 0    1446.60083908       0.00000000  0  0 b5 f0 19 04 01 001b 01 01
   27 2016 321 18 33 13 002 0    1442.24380539       0.00000000  0  0 b5 f0 19 04 01 001b 01 01
   27 2016 321 18 33 14 002 0    1437.90251081       0.00000000  0  0 b5 f0 19 04 01 001b 01 01
   27 2016 321 18 33 15 002 0    1433.57710522       0.00000000  0  0 b5 f0 19 04 01 001b 01 01
   27 2016 321 18 33 16 002 0    1429.26743874       0.00000000  0  0 b5 f0 19 04 01 001b 01 01
   27 2016 321 18 33 17 002 0    1424.97396105       0.00000000  0  0 b5 f0 19 04 01 001b 01 01
   27 2016 321 18 33 18 002 0    1420.69682206       0.00000000  0  0 b5 f0 19 04 01 001b 01 01
   27 2016 321 18 33 19 002 0    1416.43587185       0.00000000  0  0 b5 f0 19 04 01 001b 01 01
   27 2016 321 18 33 20 002 0    1412.19156013       0.00000000  0  0 b5 f0 19 04 01 001b 01 01
   28 2016 321 18 33 21 002 0    1407.96373699       0.00000000  0  0 b5 f0 19 04 01 001c 01 01
   28 2016 321 18 33 22 002 0    1403.75285212       0.00000000  0  0 b5 f0 19 04 01 001c 01 01
   28 2016 321 18 33 23 002 0    1399.55905543       0.00000000  0  0 b5 f0 19 04 01 001c 01 01
   28 2016 321 18 33 24 002 0    1395.38234690       0.00000000  0  0 b5 f0 19 04 01 001c 01 01
   28 2016 321 18 33 25 002 0    1391.22287644       0.00000000  0  0 b5 f0 19 04 01 001c 01 01
   28 2016 321 18 33 26 002 0    1387.08109374       0.00000000  0  0 b5 f0 19 04 01 001c 01 01
   28 2016 321 18 33 27 002 0    1382.95669900       0.00000000  0  0 b5 f0 19 04 01 001c 01 01
   28 2016 321 18 33 28 002 0    1378.85014191       0.00000000  0  0 b5 f0 19 04 01 001c 01 01
   28 2016 321 18 33 29 002 0    1374.76157237       0.00000000  0  0 b5 f0 19 04 01 001c 01 01
   28 2016 321 18 33 30 002 0    1370.69099037       0.00000000  0  0 b5 f0 19 04 01 001c 01 01
   29 2016 321 18 33 31 002 0    1366.63884561       0.00000000  0  0 b5 f0 19 04 01 001d 01 01
   29 2016 321 18 33 32 002 0    1362.60513809       0.00000000  0  0 b5 f0 19 04 01 001d 01 01
   29 2016 321 18 33 33 002 0    1358.59016760       0.00000000  0  0 b5 f0 19 04 01 001d 01 01
   29 2016 321 18 33 34 002 0    1354.59378424       0.00000000  0  0 b5 f0 19 04 01 001d 01 01
   29 2016 321 18 33 35 002 0    1350.61628780       0.00000000  0  0 b5 f0 19 04 01 001d 01 01
   29 2016 321 18 33 36 002 0    1346.65812798       0.00000000  0  0 b5 f0 19 04 01 001d 01 01
   29 2016 321 18 33 37 002 0    1342.71930477       0.00000000  0  0 b5 f0 19 04 01 001d 01 01
   29 2016 321 18 33 38 002 0    1338.79981817       0.00000000  0  0 b5 f0 19 04 01 001d 01 01
   29 2016 321 18 33 39 002 0    1334.89996798       0.00000000  0  0 b5 f0 19 04 01 001d 01 01
   29 2016 321 18 33 40 002 0    1331.02005399       0.00000000  0  0 b5 f0 19 04 01 001d 01 01
   30 2016 321 18 33 41 002 0    1327.16007620       0.00000000  0  0 b5 f0 19 04 01 001e 01 01
   30 2016 321 18 33 42 002 0    1323.32033440       0.00000000  0  0 b5 f0 19 04 01 001e 01 01
   30 2016 321 18 33 43 002 0    1319.50097848       0.00000000  0  0 b5 f0 19 04 01 001e 01 01
   30 2016 321 18 33 44 002 0    1315.70200845       0.00000000  0  0 b5 f0 19 04 01 001e 01 01
   30 2016 321 18 33 45 002 0    1311.92387400       0.00000000  0  0 b5 f0 19 04 01 001e 01 01
   30 2016 321 18 33 46 002 0    1308.16657512       0.00000000  0  0 b5 f0 19 04 01 001e 01 01
   30 2016 321 18 33 47 002 0    1304.43041162       0.00000000  0  0 b5 f0 19 04 01 001e 01 01
   30 2016 321 18 33 48 002 0    1300.71553337       0.00000000  0  0 b5 f0 19 04 01 001e 01 01
   30 2016 321 18 33 49 002 0    1297.02209029       0.00000000  0  0 b5 f0 19 04 01 001e 01 01
   30 2016 321 18 33 50 002 0    1293.35038216       0.00000000  0  0 b5 f0 19 04 01 001e 01 01
   31 2016 321 18 33 51 002 0    1289.70040899       0.00000000  0  0 b5 f0 19 04 01 001f 01 01
   31 2016 321 18 33 52 002 0    1286.07262045       0.00000000  0  0 b5 f0 19 04 01 001f 01 01
   31 2016 321 18 33 53 002 0    1282.46686666       0.00000000  0  0 b5 f0 19 04 01 001f 01 01
   31 2016 321 18 33 54 002 0    1278.88359731       0.00000000  0  0 b5 f0 19 04 01 001f 01 01
   31 2016 321 18 33 55 002 0    1275.32296228       0.00000000  0  0 b5 f0 19 04 01 001f 01 01
   31 2016 321 18 33 56 002 0    1271.78511149       0.00000000  0  0 b5 f0 19 04 01 001f 01 01
   31 2016 321 18 33 57 002 0    1268.27019481       0.00000000  0  0 b5 f0 19 04 01 001f 01 01
   31 2016 321 18 33 58 002 0    1264.77851206       0.00000000  0  0 b5 f0 19 04 01 001f 01 01
   31 2016 321 18 33 59 002 0    1261.31021311       0.00000000  0  0 b5 f0 19 04 01 001f 01 01
   31 2016 321 18 34 00 002 0    1257.86544787       0.00000000  0  0 b5 f0 19 04 01 001f 01 01
   32 2016 321 18 34 01 002 0    1254.44436624       0.00000000  0  0 b5 f0 19 04 01 0020 01 01
   32 2016 321 18 34 02 002 0    1251.04741789       0.00000000  0  0 b5 f0 19 04 01 0020 01 01
   32 2016 321 18 34 03 002 0    1247.67445295       0.00000000  0  0 b5 f0 19 04 01 0020 01 01
   32 2016 321 18 34 04 002 0    1244.32592109       0.00000000  0  0 b5 f0 19 04 01 0020 01 01
   32 2016 321 18 34 05 002 0    1241.00197221       0.00000000  0  0 b5 f0 19 04 01 0020 01 01
   32 2016 321 18 34 06 002 0    1237.70275621       0.00000000  0  0 b5 f0 19 04 01 0020 01 01
   32 2016 321 18 34 07 002 0    1234.42857288       0.00000000  0  0 b5 f0 19 04 01 0020 01 01
   32 2016 321 18 34 08 002 0    1231.17957212       0.00000000  0  0 b5 f0 19 04 01 0020 01 01
   32 2016 321 18 34 09 002 0    1227.95575392       0.00000000  0  0 b5 f0 19 04 01 0020 01 01
   32 2016 321 18 34 10 002 0    1224.75771788       0.00000000  0  0 b5 f0 19 04 01 0020 01 01
   33 2016 321 18 34 11 002 0    1221.58546398       0.00000000  0  0 b5 f0 19 04 01 0021 01 01
   33 2016 321 18 34 12 002 0    1218.43914213       0.00000000  0  0 b5 f0 19 04 01 0021 01 01
   33 2016 321 18 34 13 002 0    1215.31890223       0.00000000  0  0 b5 f0 19 04 01 0021 01 01
   33 2016 321 18 34 14 002 0    1212.22519396       0.00000000  0  0 b5 f0 19 04 01 0021 01 01
   33 2016 321 18 34 15 002 0    1209.15816722       0.00000000  0  0 b5 f0 19 04 01 0021 01 01
   33 2016 321 18 34 16 002 0    1206.11797190       0.00000000  0  0 b5 f0 19 04 01 0021 01 01
   33 2016 321 18 34 17 002 0    1203.10460801       0.00000000  0  0 b5 f0 19 04 01 0021 01 01
   33 2016 321 18 34 18 002 0    1200.11852523       0.00000000  0  0 b5 f0 19 04 01 0021 01 01
   33 2016 321 18 34 19 002 0    1197.16002336       0.00000000  0  0 b5 f0 19 04 01 0021 01 01
   33 2016 321 18 34 20 002 0    1194.22895250       0.00000000  0  0 b5 f0 19 04 01 0021 01 01
   34 2016 321 18 34 21 002 0    1191.32576234       0.00000000  0  0 b5 f0 19 04 01 0022 01 01
   34 2016 321 18 34 22 002 0    1188.45075266       0.00000000  0  0 b5 f0 19 04 01 0022 01 01
   34 2016 321 18 34 23 002 0    1185.60392348       0.00000000  0  0 b5 f0 19 04 01 0022 01 01
   34 2016 321 18 34 24 002 0    1182.78557459       0.00000000  0  0 b5 f0 19 04 01 0022 01 01
   34 2016 321 18 34 25 002 0    1179.99585587       0.00000000  0  0 b5 f0 19 04 01 0022 01 01
   34 2016 321 18 34 26 002 0    1177.23491723       0.00000000  0  0 b5 f0 19 04 01 0022 01 01
   34 2016 321 18 34 27 002 0    1174.50305845       0.00000000  0  0 b5 f0 19 04 01 0022 01 01
   34 2016 321 18 34 28 002 0    1171.80057934       0.00000000  0  0 b5 f0 19 04 01 0022 01 01
   34 2016 321 18 34 29 002 0    1169.12747989       0.00000000  0  0 b5 f0 19 04 01 0022 01 01
   34 2016 321 18 34 30 002 0    1166.48405989       0.00000000  0  0 b5 f0 19 04 01 0022 01 01
   35 2016 321 18 34 31 002 0    1163.87061914       0.00000000  0  0 b5 f0 19 04 01 0023 01 01
   35 2016 321 18 34 32 002 0    1161.28715763       0.00000000  0  0 b5 f0 19 04 01 0023 01 01
   35 2016 321 18 34 33 002 0    1158.73397516       0.00000000  0  0 b5 f0 19 04 01 0023 01 01
   35 2016 321 18 34 34 002 0    1156.21167132       0.00000000  0  0 b5 f0 19 04 01 0023 01 01
   35 2016 321 18 34 35 002 0    1153.71994630       0.00000000  0  0 b5 f0 19 04 01 0023 01 01
   35 2016 321 18 34 36 002 0    1151.25924981       0.00000000  0  0 b5 f0 19 04 01 0023 01 01
   35 2016 321 18 34 37 002 0    1148.82943193       0.00000000  0  0 b5 f0 19 04 01 0023 01 01
   35 2016 321 18 34 38 002 0    1146.43094237       0.00000000  0  0 b5 f0 19 04 01 0023 01 01
   35 2016 321 18 34 39 002 0    1144.06393102       0.00000000  0  0 b5 f0 19 04 01 0023 01 01
   35 2016 321 18 34 40 002 0    1141.72884757       0.00000000  0  0 b5 f0 19 04 01 0023 01 01
   36 2016 321 18 34 41 002 0    1139.42539222       0.00000000  0  0 b5 f0 19 04 01 0024 01 01
   36 2016 321 18 34 42 002 0    1137.15401466       0.00000000  0  0 b5 f0 19 04 01 0024 01 01
   36 2016 321 18 34 43 002 0    1134.91516458       0.00000000  0  0 b5 f0 19 04 01 0024 01 01
   36 2016 321 18 34 44 002 0    1132.70854219       0.00000000  0  0 b5 f0 19 04 01 0024 01 01
   36 2016 321 18 34 45 002 0    1130.53474708       0.00000000  0  0 b5 f0 19 04 01 0024 01 01
   36 2016 321 18 34 46 002 0    1128.39362935       0.00000000  0  0 b5 f0 19 04 01 0024 01 01
   36 2016 321 18 34 47 002 0    1126.28578857       0.00000000  0  0 b5 f0 19 04 01 0024 01 01
   36 2016 321 18 34 48 002 0    1124.21107487       0.00000000  0  0 b5 f0 19 04 01 0024 01 01
   36 2016 321 18 34 49 002 0    1122.16978802       0.00000000  0  0 b5 f0 19 04 01 0024 01 01
   36 2016 321 18 34 50 002 0    1120.16222783       0.00000000  0  0 b5 f0 19 04 01 0024 01 01
   37 2016 321 18 34 51 002 0    1118.18854418       0.00000000  0  0 b5 f0 19 04 01 0025 01 01
   37 2016 321 18 34 52 002 0    1116.24888698       0.00000000  0  0 b5 f0 19 04 01 0025 01 01
   37 2016 321 18 34 53 002 0    1114.34385580       0.00000000  0  0 b5 f0 19 04 01 0025 01 01
   37 2016 321 18 34 54 002 0    1112.47285107       0.00000000  0  0 b5 f0 19 04 01 0025 01 01
   37 2016 321 18 34 55 002 0    1110.63632247       0.00000000  0  0 b5 f0 19 04 01 0025 01 01
   37 2016 321 18 34 56 002 0    1108.83456980       0.00000000  0  0 b5 f0 19 04 01 0025 01 01
   37 2016 321 18 34 57 002 0    1107.06744316       0.00000000  0  0 b5 f0 19 04 01 0025 01 01
   37 2016 321 18 34 58 002 0    1105.33539223       0.00000000  0  0 b5 f0 19 04 01 0025 01 01
   37 2016 321 18 34 59 002 0    1103.63856692       0.00000000  0  0 b5 f0 19 04 01 0025 01 01
   37 2016 321 18 35 00 002 0    1101.97711712       0.00000000  0  0 b5 f0 19 04 01 0025 01 01
   38 2016 321 18 35 01 002 0    1100.35104282       0.00000000  0  0 b5 f0 19 04 01 0026 01 01
   38 2016 321 18 35 02 002 0    1098.76064383       0.00000000  0  0 b5 f0 19 04 01 0026 01 01
   38 2016 321 18 35 03 002 0    1097.20592015       0.00000000  0  0 b5 f0 19 04 01 0026 01 01
   38 2016 321 18 35 04 002 0    1095.68732145       0.00000000  0  0 b5 f0 19 04 01 0026 01 01
   38 2016 321 18 35 05 002 0    1094.20469785       0.00000000  0  0 b5 f0 19 04 01 0026 01 01
   38 2016 321 18 35 06 002 0    1092.75834914       0.00000000  0  0 b5 f0 19 04 01 0026 01 01
   38 2016 321 18 35 07 002 0    1091.34872500       0.00000000  0  0 b5 f0 19 04 01 0026 01 01
   38 2016 321 18 35 08 002 0    1089.97552565       0.00000000  0  0 b5 f0 19 04 01 0026 01 01
   38 2016 321 18 35 09 002 0    1088.63920076       0.00000000  0  0 b5 f0 19 04 01 0026 01 01
   38 2016 321 18 35 10 002 0    1087.33975035       0.00000000  0  0 b5 f0 19 04 01 0026 01 01
   39 2016 321 18 35 11 002 0    1086.07762411       0.00000000  0  0 b5 f0 19 04 01 0027 01 01
   39 2016 321 18 35 12 002 0    1084.85252223       0.00000000  0  0 b5 f0 19 04 01 0027 01 01
   39 2016 321 18 35 13 002 0    1083.66444472       0.00000000  0  0 b5 f0 19 04 01 0027 01 01
   39 2016 321 18 35 14 002 0    1082.51369137       0.00000000  0  0 b5 f0 19 04 01 0027 01 01
   39 2016 321 18 35 15 002 0    1081.40041207       0.00000000  0  0 b5 f0 19 04 01 0027 01 01
   39 2016 321 18 35 16 002 0    1080.32475673       0.00000000  0  0 b5 f0 19 04 01 0027 01 01
   39 2016 321 18 35 17 002 0    1079.28672535       0.00000000  0  0 b5 f0 19 04 01 0027 01 01
   39 2016 321 18 35 18 002 0    1078.28661771       0.00000000  0  0 b5 f0 19 04 01 0027 01 01
   39 2016 321 18 35 19 002 0    1077.32428392       0.00000000  0  0 b5 f0 19 04 01 0027 01 01
   39 2016 321 18 35 20 002 0    1076.40017367       0.00000000  0  0 b5 f0 19 04 01 0027 01 01
   40 2016 321 18 35 21 002 0    1075.51398716       0.00000000  0  0 b5 f0 19 04 01 0028 01 01
   40 2016 321 18 35 22 002 0    1074.66617409       0.00000000  0  0 b5 f0 19 04 01 0028 01 01
   40 2016 321 18 35 23 002 0    1073.85658456       0.00000000  0  0 b5 f0 19 04 01 0028 01 01
   40 2016 321 18 35 24 002 0    1073.08536846       0.00000000  0  0 b5 f0 19 04 01 0028 01 01
   40 2016 321 18 35 25 002 0    1072.35282559       0.00000000  0  0 b5 f0 19 04 01 0028 01 01
   40 2016 321 18 35 26 002 0    1071.65880605       0.00000000  0  0 b5 f0 19 04 01 0028 01 01
   40 2016 321 18 35 27 002 0    1071.00360963       0.00000000  0  0 b5 f0 19 04 01 0028 01 01
   40 2016 321 18 35 28 002 0    1070.38708644       0.00000000  0  0 b5 f0 19 04 01 0028 01 01
   40 2016 321 18 35 29 002 0    1069.80923648       0.00000000  0  0 b5 f0 19 04 01 0028 01 01
   40 2016 321 18 35 30 002 0    1069.27005974       0.00000000  0  0 b5 f0 19 04 01 0028 01 01
   41 2016 321 18 35 31 002 0    1068.77000592       0.00000000  0  0 b5 f0 19 04 01 0029 01 01
   41 2016 321 18 35 32 002 0    1068.30877522       0.00000000  0  0 b5 f0 19 04 01 0029 01 01
   41 2016 321 18 35 33 002 0    1067.88681734       0.00000000  0  0 b5 f0 19 04 01 0029 01 01
   41 2016 321 18 35 34 002 0    1067.50368258       0.00000000  0  0 b5 f0 19 04 01 0029 01 01
   41 2016 321 18 35 35 002 0    1067.15997053       0.00000000  0  0 b5 f0 19 04 01 0029 01 01
   41 2016 321 18 35 36 002 0    1066.85523149       0.00000000  0  0 b5 f0 19 04 01 0029 01 01
   41 2016 321 18 35 37 002 0    1066.58961537       0.00000000  0  0 b5 f0 19 04 01 0029 01 01
   41 2016 321 18 35 38 002 0    1066.36342196       0.00000000  0  0 b5 f0 19 04 01 0029 01 01
   41 2016 321 18 35 39 002 0    1066.17680116       0.00000000  0  0 b5 f0 19 04 01 0029 01 01
   41 2016 321 18 35 40 002 0    1066.03095213       0.00000000  0  0 b5 f0 19 04 01 0029 01 01
   42 2016 321 18 35 41 002 0    1065.93621771       0.00000000  0  0 b5 f0 19 04 01 002a 01 01
   42 2016 321 18 35 42 002 0    1065.85617313       0.00000000  0  0 b5 f0 19 04 01 002a 01 01
   42 2016 321 18 35 43 002 0    1065.82034793       0.00000000  0  0 b5 f0 19 04 01 002a 01 01
   42 2016 321 18 35 44 002 0    1065.82784274       0.00000000  0  0 b5 f0 19 04 01 002a 01 01
   42 2016 321 18 35 45 002 0    1065.87715860       0.00000000  0  0 b5 f0 19 04 01 002a 01 01
   42 2016 321 18 35 46 002 0    1065.96589717       0.00000000  0  0 b5 f0 19 04 01 002a 01 01
   42 2016 321 18 35 47 002 0    1066.09390854       0.00000000  0  0 b5 f0 19 04 01 002a 01 01
   42 2016 321 18 35 48 002 0    1066.26104284       0.00000000  0  0 b5 f0 19 04 01 002a 01 01
   42 2016 321 18 35 49 002 0    1066.46685036       0.00000000  0  0 b5 f0 19 04 01 002a 01 01
   42 2016 321 18 35 50 002 0    1066.71163090       0.00000000  0  0 b5 f0 19 04 01 002a 01 01
   43 2016 321 18 35 51 002 0    1066.99493478       0.00000000  0  0 b5 f0 19 04 01 002b 01 01
   43 2016 321 18 35 52 002 0    1067.31781125       0.00000000  0  0 b5 f0 19 04 01 002b 01 01
   43 2016 321 18 35 53 002 0    1067.68056013       0.00000000  0  0 b5 f0 19 04 01 002b 01 01
   43 2016 321 18 35 54 002 0    1068.08288161       0.00000000  0  0 b5 f0 19 04 01 002b 01 01
   43 2016 321 18 35 55 002 0    1068.52297694       0.00000000  0  0 b5 f0 19 04 01 002b 01 01
   43 2016 321 18 35 56 002 0    1069.00204528       0.00000000  0  0 b5 f0 19 04 01 002b 01 01
   43 2016 321 18 35 57 002 0    1069.52113592       0.00000000  0  0 b5 f0 19 04 01 002b 01 01
   43 2016 321 18 35 58 002 0    1070.07830021       0.00000000  0  0 b5 f0 19 04 01 002b 01 01
   43 2016 321 18 35 59 002 0    1070.67428761       0.00000000  0  0 b5 f0 19 04 01 002b 01 01
   43 2016 321 18 36 00 002 0    1071.30954783       0.00000000  0  0 b5 f0 19 04 01 002b 01 01
   44 2016 321 18 36 01 002 0    1071.98303159       0.00000000  0  0 b5 f0 19 04 01 002c 01 01
   44 2016 321 18 36 02 002 0    1072.69548837       0.00000000  0  0 b5 f0 19 04 01 002c 01 01
   44 2016 321 18 36 03 002 0    1073.44661837       0.00000000  0  0 b5 f0 19 04 01 002c 01 01
   44 2016 321 18 36 04 002 0    1074.23597191       0.00000000  0  0 b5 f0 19 04 01 002c 01 01
   44 2016 321 18 36 05 002 0    1075.06354899       0.00000000  0  0 b5 f0 19 04 01 002c 01 01
   44 2016 321 18 36 06 002 0    1075.92964940       0.00000000  0  0 b5 f0 19 04 01 002c 01 01
   44 2016 321 18 36 07 002 0    1076.83397335       0.00000000  0  0 b5 f0 19 04 01 002c 01 01
   44 2016 321 18 36 08 002 0    1077.77652084       0.00000000  0  0 b5 f0 19 04 01 002c 01 01
   44 2016 321 18 36 09 002 0    1078.75684218       0.00000000  0  0 b5 f0 19 04 01 002c 01 01
   44 2016 321 18 36 10 002 0    1079.77508726       0.00000000  0  0 b5 f0 19 04 01 002c 01 01
   45 2016 321 18 36 11 002 0    1080.83125609       0.00000000  0  0 b5 f0 19 04 01 002d 01 01
   45 2016 321 18 36 12 002 0    1081.92474908       0.00000000  0  0 b5 f0 19 04 01 002d 01 01
   45 2016 321 18 36 13 002 0    1083.05601592       0.00000000  0  0 b5 f0 19 04 01 002d 01 01
   45 2016 321 18 36 14 002 0    1084.22460692       0.00000000  0  0 b5 f0 19 04 01 002d 01 01
   45 2016 321 18 36 15 002 0    1085.43037219       0.00000000  0  0 b5 f0 19 04 01 002d 01 01
   45 2016 321 18 36 16 002 0    1086.67331172       0.00000000  0  0 b5 f0 19 04 01 002d 01 01
   45 2016 321 18 36 17 002 0    1087.95342552       0.00000000  0  0 b5 f0 19 04 01 002d 01 01
   45 2016 321 18 36 18 002 0    1089.27041378       0.00000000  0  0 b5 f0 19 04 01 002d 01 01
   45 2016 321 18 36 19 002 0    1090.62412663       0.00000000  0  0 b5 f0 19 04 01 002d 01 01
   45 2016 321 18 36 20 002 0    1092.01426426       0.00000000  0  0 b5 f0 19 04 01 002d 01 01
   46 2016 321 18 36 21 002 0    1093.44112646       0.00000000  0  0 b5 f0 19 04 01 002e 01 01
   46 2016 321 18 36 22 002 0    1094.90441345       0.00000000  0  0 b5 f0 19 04 01 002e 01 01
   46 2016 321 18 36 23 002 0    1096.40367553       0.00000000  0  0 b5 f0 19 04 01 002e 01 01
   46 2016 321 18 36 24 002 0    1097.93906260       0.00000000  0  0 b5 f0 19 04 01 002e 01 01
   46 2016 321 18 36 25 002 0    1099.51042477       0.00000000  0  0 b5 f0 19 04 01 002e 01 01
   46 2016 321 18 36 26 002 0    1101.11761214       0.00000000  0  0 b5 f0 19 04 01 002e 01 01
   46 2016 321 18 36 27 002 0    1102.76032491       0.00000000  0  0 b5 f0 19 04 01 002e 01 01
   46 2016 321 18 36 28 002 0    1104.43841320       0.00000000  0  0 b5 f0 19 04 01 002e 01 01
   46 2016 321 18 36 29 002 0    1106.15172709       0.00000000  0  0 b5 f0 19 04 01 002e 01 01
   46 2016 321 18 36 30 002 0    1107.90011671       0.00000000  0  0 b5 f0 19 04 01 002e 01 01
   47 2016 321 18 36 31 002 0    1109.68373194       0.00000000  0  0 b5 f0 19 04 01 002f 01 01
   47 2016 321 18 36 32 002 0    1111.50197320       0.00000000  0  0 b5 f0 19 04 01 002f 01 01
   47 2016 321 18 36 33 002 0    1113.35484048       0.00000000  0  0 b5 f0 19 04 01 002f 01 01
   47 2016 321 18 36 34 002 0    1115.24203401       0.00000000  0  0 b5 f0 19 04 01 002f 01 01
   47 2016 321 18 36 35 002 0    1117.16340387       0.00000000  0  0 b5 f0 19 04 01 002f 01 01
   47 2016 321 18 36 36 002 0    1119.11909997       0.00000000  0  0 b5 f0 19 04 01 002f 01 01
   47 2016 321 18 36 37 002 0    1121.10837282       0.00000000  0  0 b5 f0 19 04 01 002f 01 01
   47 2016 321 18 36 38 002 0    1123.13137233       0.00000000  0  0 b5 f0 19 04 01 002f 01 01
   47 2016 321 18 36 39 002 0    1125.18824838       0.00000000  0  0 b5 f0 19 04 01 002f 01 01
   47 2016 321 18 36 40 002 0    1127.27810161       0.00000000  0  0 b5 f0 19 04 01 002f 01 01
   48 2016 321 18 36 41 002 0    1129.40138169       0.00000000  0  0 b5 f0 19 04 01 0030 01 01
   48 2016 321 18 36 42 002 0    1131.55763895       0.00000000  0  0 b5 f0 19 04 01 0030 01 01
   48 2016 321 18 36 43 002 0    1133.74642368       0.00000000  0  0 b5 f0 19 04 01 0030 01 01
   48 2016 321 18 36 44 002 0    1135.96803569       0.00000000  0  0 b5 f0 19 04 01 0030 01 01
   48 2016 321 18 36 45 002 0    1138.22202529       0.00000000  0  0 b5 f0 19 04 01 0030 01 01
   48 2016 321 18 36 46 002 0    1140.50824257       0.00000000  0  0 b5 f0 19 04 01 0030 01 01
   48 2016 321 18 36 47 002 0    1142.82638775       0.00000000  0  0 b5 f0 19 04 01 0030 01 01
   48 2016 321 18 36 48 002 0    1145.17616104       0.00000000  0  0 b5 f0 19 04 01 0030 01 01
   48 2016 321 18 36 49 002 0    1147.55771233       0.00000000  0  0 b5 f0 19 04 01 0030 01 01
   48 2016 321 18 36 50 002 0    1149.97059193       0.00000000  0  0 b5 f0 19 04 01 0030 01 01
   49 2016 321 18 36 51 002 0    1152.41479984       0.00000000  0  0 b5 f0 19 04 01 0031 01 01
   49 2016 321 18 36 52 002 0    1154.88988637       0.00000000  0  0 b5 f0 19 04 01 0031 01 01
   49 2016 321 18 36 53 002 0    1157.39570163       0.00000000  0  0 b5 f0 19 04 01 0031 01 01
   49 2016 321 18 36 54 002 0    1159.93239551       0.00000000  0  0 b5 f0 19 04 01 0031 01 01
   49 2016 321 18 36 55 002 0    1162.49921854       0.00000000  0  0 b5 f0 19 04 01 0031 01 01
   49 2016 321 18 36 56 002 0    1165.09662039       0.00000000  0  0 b5 f0 19 04 01 0031 01 01
   49 2016 321 18 36 57 002 0    1167.72355181       0.00000000  0  0 b5 f0 19 04 01 0031 01 01
   49 2016 321 18 36 58 002 0    1170.38046247       0.00000000  0  0 b5 f0 19 04 01 0031 01 01
   49 2016 321 18 36 59 002 0    1173.06690268       0.00000000  0  0 b5 f0 19 04 01 0031 01 01
   49 2016 321 18 37 00 002 0    1175.78272256       0.00000000  0  0 b5 f0 19 04 01 0031 01 01
   50 2016 321 18 37 01 002 0    1178.52762230       0.00000000  0  0 b5 f0 19 04 01 0032 01 01
   50 2016 321 18 37 02 002 0    1181.30145202       0.00000000  0  0 b5 f0 19 04 01 0032 01 01
   50 2016 321 18 37 03 002 0    1184.10421171       0.00000000  0  0 b5 f0 19 04 01 0032 01 01
   50 2016 321 18 37 04 002 0    1186.93545169       0.00000000  0  0 b5 f0 19 04 01 0032 01 01
   50 2016 321 18 37 05 002 0    1189.79517194       0.00000000  0  0 b5 f0 19 04 01 0032 01 01
   50 2016 321 18 37 06 002 0    1192.68292279       0.00000000  0  0 b5 f0 19 04 01 0032 01 01
   50 2016 321 18 37 07 002 0    1195.59870424       0.00000000  0  0 b5 f0 19 04 01 0032 01 01
   50 2016 321 18 37 08 002 0    1198.54206659       0.00000000  0  0 b5 f0 19 04 01 0032 01 01
   50 2016 321 18 37 09 002 0    1201.51300985       0.00000000  0  0 b5 f0 19 04 01 0032 01 01
   50 2016 321 18 37 10 002 0    1204.51123422       0.00000000  0  0 b5 f0 19 04 01 0032 01 01
   51 2016 321 18 37 11 002 0    1207.53673971       0.00000000  0  0 b5 f0 19 04 01 0033 01 01
   51 2016 321 18 37 12 002 0    1210.58892673       0.00000000  0  0 b5 f0 19 04 01 0033 01 01
   51 2016 321 18 37 13 002 0    1213.66794517       0.00000000  0  0 b5 f0 19 04 01 0033 01 01
   51 2016 321 18 37 14 002 0    1216.77349524       0.00000000  0  0 b5 f0 19 04 01 0033 01 01
   51 2016 321 18 37 15 002 0    1219.90512725       0.00000000  0  0 b5 f0 19 04 01 0033 01 01
   51 2016 321 18 37 16 002 0    1223.06299111       0.00000000  0  0 b5 f0 19 04 01 0033 01 01
   51 2016 321 18 37 17 002 0    1226.24663712       0.00000000  0  0 b5 f0 19 04 01 0033 01 01
   51 2016 321 18 37 18 002 0    1229.45606528       0.00000000  0  0 b5 f0 19 04 01 0033 01 01
   51 2016 321 18 37 19 002 0    1232.69097580       0.00000000  0  0 b5 f0 19 04 01 0033 01 01
   51 2016 321 18 37 20 002 0    1235.95091898       0.00000000  0  0 b5 f0 19 04 01 0033 01 01
   52 2016 321 18 37 21 002 0    1239.23604474       0.00000000  0  0 b5 f0 19 04 01 0034 01 01
   52 2016 321 18 37 22 002 0    1242.54605327       0.00000000  0  0 b5 f0 19 04 01 0034 01 01
   52 2016 321 18 37 23 002 0    1245.88064478       0.00000000  0  0 b5 f0 19 04 01 0034 01 01
   52 2016 321 18 37 24 002 0    1249.23981927       0.00000000  0  0 b5 f0 19 04 01 0034 01 01
   52 2016 321 18 37 25 002 0    1252.62312705       0.00000000  0  0 b5 f0 19 04 01 0034 01 01
   52 2016 321 18 37 26 002 0    1256.03041824       0.00000000  0  0 b5 f0 19 04 01 0034 01 01
   52 2016 321 18 37 27 002 0    1259.46154292       0.00000000  0  0 b5 f0 19 04 01 0034 01 01
   52 2016 321 18 37 28 002 0    1262.91650110       0.00000000  0  0 b5 f0 19 04 01 0034 01 01
   52 2016 321 18 37 29 002 0    1266.39499299       0.00000000  0  0 b5 f0 19 04 01 0034 01 01
   52 2016 321 18 37 30 002 0    1269.89671880       0.00000000  0  0 b5 f0 19 04 01 0034 01 01
   53 2016 321 18 37 31 002 0    1273.42137872       0.00000000  0  0 b5 f0 19 04 01 0035 01 01
   53 2016 321 18 37 32 002 0    1276.96897278       0.00000000  0  0 b5 f0 19 04 01 0035 01 01
   53 2016 321 18 37 33 002 0    1280.53920116       0.00000000  0  0 b5 f0 19 04 01 0035 01 01
   53 2016 321 18 37 34 002 0    1284.13206387       0.00000000  0  0 b5 f0 19 04 01 0035 01 01
   53 2016 321 18 37 35 002 0    1287.74726112       0.00000000  0  0 b5 f0 19 04 01 0035 01 01
   53 2016 321 18 37 36 002 0    1291.38449312       0.00000000  0  0 b5 f0 19 04 01 0035 01 01
   53 2016 321 18 37 37 002 0    1295.04360996       0.00000000  0  0 b5 f0 19 04 01 0035 01 01
   53 2016 321 18 37 38 002 0    1298.72446176       0.00000000  0  0 b5 f0 19 04 01 0035 01 01
   53 2016 321 18 37 39 002 0    1302.42674872       0.00000000  0  0 b5 f0 19 04 01 0035 01 01
   53 2016 321 18 37 40 002 0    1306.15062074       0.00000000  0  0 b5 f0 19 04 01 0035 01 01
   54 2016 321 18 37 41 002 0    1309.89547823       0.00000000  0  0 b5 f0 19 04 01 0036 01 01
   54 2016 321 18 37 42 002 0    1313.66132119       0.00000000  0  0 b5 f0 19 04 01 0036 01 01
   54 2016 321 18 37 43 002 0    1317.44814962       0.00000000  0  0 b5 f0 19 04 01 0036 01 01
   54 2016 321 18 37 44 002 0    1321.25536394       0.00000000  0  0 b5 f0 19 04 01 0036 01 01
   54 2016 321 18 37 45 002 0    1325.08311405       0.00000000  0  0 b5 f0 19 04 01 0036 01 01
   54 2016 321 18 37 46 002 0    1328.93095025       0.00000000  0  0 b5 f0 19 04 01 0036 01 01
   54 2016 321 18 37 47 002 0    1332.79902244       0.00000000  0  0 b5 f0 19 04 01 0036 01 01
   54 2016 321 18 37 48 002 0    1336.68703082       0.00000000  0  0 b5 f0 19 04 01 0036 01 01
   54 2016 321 18 37 49 002 0    1340.59467562       0.00000000  0  0 b5 f0 19 04 01 0036 01 01
   54 2016 321 18 37 50 002 0    1344.52180692       0.00000000  0  0 b5 f0 19 04 01 0036 01 01
   55 2016 321 18 37 51 002 0    1348.46857463       0.00000000  0  0 b5 f0 19 04 01 0037 01 01
   55 2016 321 18 37 52 002 0    1352.43452906       0.00000000  0  0 b5 f0 19 04 01 0037 01 01
   55 2016 321 18 37 53 002 0    1356.41937041       0.00000000  0  0 b5 f0 19 04 01 0037 01 01
   55 2016 321 18 37 54 002 0    1360.42309869       0.00000000  0  0 b5 f0 19 04 01 0037 01 01
   55 2016 321 18 37 55 002 0    1364.44556399       0.00000000  0  0 b5 f0 19 04 01 0037 01 01
   55 2016 321 18 37 56 002 0    1368.48646653       0.00000000  0  0 b5 f0 19 04 01 0037 01 01
   55 2016 321 18 37 57 002 0    1372.54595621       0.00000000  0  0 b5 f0 19 04 01 0037 01 01
   55 2016 321 18 37 58 002 0    1376.62358332       0.00000000  0  0 b5 f0 19 04 01 0037 01 01
   55 2016 321 18 37 59 002 0    1380.71904809       0.00000000  0  0 b5 f0 19 04 01 0037 01 01
   55 2016 321 18 38 00 002 0    1384.83220062       0.00000000  0  0 b5 f0 19 04 01 0037 01 01
   56 2016 321 18 38 01 002 0    1388.96319079       0.00000000  0  0 b5 f0 19 04 01 0038 01 01
   56 2016 321 18 38 02 002 0    1393.11186872       0.00000000  0  0 b5 f0 19 04 01 0038 01 01
   56 2016 321 18 38 03 002 0    1397.27793461       0.00000000  0  0 b5 f0 19 04 01 0038 01 01
   56 2016 321 18 38 04 002 0    1401.46108868       0.00000000  0  0 b5 f0 19 04 01 0038 01 01
   56 2016 321 18 38 05 002 0    1405.66133091       0.00000000  0  0 b5 f0 19 04 01 0038 01 01
   56 2016 321 18 38 06 002 0    1409.87851142       0.00000000  0  0 b5 f0 19 04 01 0038 01 01
   56 2016 321 18 38 07 002 0    1414.11233040       0.00000000  0  0 b5 f0 19 04 01 0038 01 01
   56 2016 321 18 38 08 002 0    1418.36278787       0.00000000  0  0 b5 f0 19 04 01 0038 01 01
   56 2016 321 18 38 09 002 0    1422.62973393       0.00000000  0  0 b5 f0 19 04 01 0038 01 01
   56 2016 321 18 38 10 002 0    1426.91301867       0.00000000  0  0 b5 f0 19 04 01 0038 01 01
   57 2016 321 18 38 11 002 0    1431.21234231       0.00000000  0  0 b5 f0 19 04 01 0039 01 01
   57 2016 321 18 38 12 002 0    1435.52770485       0.00000000  0  0 b5 f0 19 04 01 0039 01 01
   57 2016 321 18 38 13 002 0    1439.85880649       0.00000000  0  0 b5 f0 19 04 01 0039 01 01
   57 2016 321 18 38 14 002 0    1444.20579713       0.00000000  0  0 b5 f0 19 04 01 0039 01 01
   57 2016 321 18 38 15 002 0    1448.56837698       0.00000000  0  0 b5 f0 19 04 01 0039 01 01
   57 2016 321 18 38 16 002 0    1452.94624624       0.00000000  0  0 b5 f0 19 04 01 0039 01 01
   57 2016 321 18 38 17 002 0    1457.33925503       0.00000000  0  0 b5 f0 19 04 01 0039 01 01
   57 2016 321 18 38 18 002 0    1461.74740333       0.00000000  0  0 b5 f0 19 04 01 0039 01 01
   57 2016 321 18 38 19 002 0    1466.17084105       0.00000000  0  0 b5 f0 19 04 01 0039 01 01
   57 2016 321 18 38 20 002 0    1470.60896860       0.00000000  0  0 b5 f0 19 04 01 0039 01 01
   58 2016 321 18 38 21 002 0    1475.06178597       0.00000000  0  0 b5 f0 19 04 01 003a 01 01
   58 2016 321 18 38 22 002 0    1479.52914329       0.00000000  0  0 b5 f0 19 04 01 003a 01 01
   58 2016 321 18 38 23 002 0    1484.01074074       0.00000000  0  0 b5 f0 19 04 01 003a 01 01
   58 2016 321 18 38 24 002 0    1488.50687813       0.00000000  0  0 b5 f0 19 04 01 003a 01 01
   58 2016 321 18 38 25 002 0    1493.01710577       0.00000000  0  0 b5 f0 19 04 01 003a 01 01
   58 2016 321 18 38 26 002 0    1497.54127375       0.00000000  0  0 b5 f0 19 04 01 003a 01 01
   58 2016 321 18 38 27 002 0    1502.07938208       0.00000000  0  0 b5 f0 19 04 01 003a 01 01
   58 2016 321 18 38 28 002 0    1506.63128087       0.00000000  0  0 b5 f0 19 04 01 003a 01 01
   58 2016 321 18 38 29 002 0    1511.19682021       0.00000000  0  0 b5 f0 19 04 01 003a 01 01
   58 2016 321 18 38 30 002 0    1515.77585021       0.00000000  0  0 b5 f0 19 04 01 003a 01 01
   59 2016 321 18 38 31 002 0    1520.36822098       0.00000000  0  0 b5 f0 19 04 01 003b 01 01
   59 2016 321 18 38 32 002 0    1524.97393251       0.00000000  0  0 b5 f0 19 04 01 003b 01 01
   59 2016 321 18 38 33 002 0    1529.59283492       0.00000000  0  0 b5 f0 19 04 01 003b 01 01
   59 2016 321 18 38 34 002 0    1534.22477829       0.00000000  0  0 b5 f0 19 04 01 003b 01 01
   59 2016 321 18 38 35 002 0    1538.86946284       0.00000000  0  0 b5 f0 19 04 01 003b 01 01
   59 2016 321 18 38 36 002 0    1543.52688857       0.00000000  0  0 b5 f0 19 04 01 003b 01 01
   59 2016 321 18 38 37 002 0    1548.19690558       0.00000000  0  0 b5 f0 19 04 01 003b 01 01
   59 2016 321 18 38 38 002 0    1552.87966378       0.00000000  0  0 b5 f0 19 04 01 003b 01 01
   59 2016 321 18 38 39 002 0    1557.57486336       0.00000000  0  0 b5 f0 19 04 01 003b 01 01
   59 2016 321 18 38 40 002 0    1562.28235443       0.00000000  0  0 b5 f0 19 04 01 003b 01 01
   60 2016 321 18 38 41 002 0    1567.00183720       0.00000000  0  0 b5 f0 19 04 01 003c 01 01
   60 2016 321 18 38 42 002 0    1571.73346157       0.00000000  0  0 b5 f0 19 04 01 003c 01 01
   60 2016 321 18 38 43 002 0    1576.47707763       0.00000000  0  0 b5 f0 19 04 01 003c 01 01
   60 2016 321 18 38 44 002 0    1581.23253549       0.00000000  0  0 b5 f0 19 04 01 003c 01 01
   60 2016 321 18 38 45 002 0    1585.99968527       0.00000000  0  0 b5 f0 19 04 01 003c 01 01
   60 2016 321 18 38 46 002 0    1590.77852694       0.00000000  0  0 b5 f0 19 04 01 003c 01 01
   60 2016 321 18 38 47 002 0    1595.56891063       0.00000000  0  0 b5 f0 19 04 01 003c 01 01
   60 2016 321 18 38 48 002 0    1600.37068643       0.00000000  0  0 b5 f0 19 04 01 003c 01 01
   60 2016 321 18 38 49 002 0    1605.18370444       0.00000000  0  0 b5 f0 19 04 01 003c 01 01
   60 2016 321 18 38 50 002 0    1610.00781478       0.00000000  0  0 b5 f0 19 04 01 003c 01 01
   61 2016 321 18 38 51 002 0    1614.84316734       0.00000000  0  0 b5 f0 19 04 01 003d 01 01
   61 2016 321 18 38 52 002 0    1619.68961221       0.00000000  0  0 b5 f0 19 04 01 003d 01 01
   61 2016 321 18 38 53 002 0    1624.54654983       0.00000000  0  0 b5 f0 19 04 01 003d 01 01
   61 2016 321 18 38 54 002 0    1629.41457976       0.00000000  0  0 b5 f0 19 04 01 003d 01 01
   61 2016 321 18 38 55 002 0    1634.29325232       0.00000000  0  0 b5 f0 19 04 01 003d 01 01
   61 2016 321 18 38 56 002 0    1639.18256752       0.00000000  0  0 b5 f0 19 04 01 003d 01 01
   61 2016 321 18 38 57 002 0    1644.08237546       0.00000000  0  0 b5 f0 19 04 01 003d 01 01
   61 2016 321 18 38 58 002 0    1648.99267612       0.00000000  0  0 b5 f0 19 04 01 003d 01 01
   61 2016 321 18 38 59 002 0    1653.91316974       0.00000000  0  0 b5 f0 19 04 01 003d 01 01
   61 2016 321 18 39 00 002 0    1658.84370640       0.00000000  0  0 b5 f0 19 04 01 003d 01 01
   62 2016 321 18 39 01 002 0    1663.78443600       0.00000000  0  0 b5 f0 19 04 01 003e 01 01
   62 2016 321 18 39 02 002 0    1668.73520865       0.00000000  0  0 b5 f0 19 04 01 003e 01 01
   62 2016 321 18 39 03 002 0    1673.69587446       0.00000000  0  0 b5 f0 19 04 01 003e 01 01
   62 2016 321 18 39 04 002 0    1678.66628351       0.00000000  0  0 b5 f0 19 04 01 003e 01 01
   62 2016 321 18 39 05 002 0    1683.64658572       0.00000000  0  0 b5 f0 19 04 01 003e 01 01
   62 2016 321 18 39 06 002 0    1688.63633139       0.00000000  0  0 b5 f0 19 04 01 003e 01 01
   62 2016 321 18 39 07 002 0    1693.63567042       0.00000000  0  0 b5 f0 19 04 01 003e 01 01
   62 2016 321 18 39 08 002 0    1698.64445292       0.00000000  0  0 b5 f0 19 04 01 003e 01 01
   62 2016 321 18 39 09 002 0    1703.66267887       0.00000000  0  0 b5 f0 19 04 01 003e 01 01
   62 2016 321 18 39 10 002 0    1708.69004849       0.00000000  0  0 b5 f0 19 04 01 003e 01 01
   63 2016 321 18 39 11 002 0    1713.72671168       0.00000000  0  0 b5 f0 19 04 01 003f 01 01
   63 2016 321 18 39 12 002 0    1718.77251855       0.00000000  0  0 b5 f0 19 04 01 003f 01 01
   63 2016 321 18 39 13 002 0    1723.82731918       0.00000000  0  0 b5 f0 19 04 01 003f 01 01
   63 2016 321 18 39 14 002 0    1728.89111359       0.00000000  0  0 b5 f0 19 04 01 003f 01 01
   63 2016 321 18 39 15 002 0    1733.96375187       0.00000000  0  0 b5 f0 19 04 01 003f 01 01
   63 2016 321 18 39 16 002 0    1739.04508414       0.00000000  0  0 b5 f0 19 04 01 003f 01 01
   63 2016 321 18 39 17 002 0    1744.13511039       0.00000000  0  0 b5 f0 19 04 01 003f 01 01
   63 2016 321 18 39 18 002 0    1749.23398051       0.00000000  0  0 b5 f0 19 04 01 003f 01 01
   63 2016 321 18 39 19 002 0    1754.34109493       0.00000000  0  0 b5 f0 19 04 01 003f 01 01
   63 2016 321 18 39 20 002 0    1759.45675344       0.00000000  0  0 b5 f0 19 04 01 003f 01 01
   64 2016 321 18 39 21 002 0    1764.58080613       0.00000000  0  0 b5 f0 19 04 01 0040 01 01
   64 2016 321 18 39 22 002 0    1769.71310311       0.00000000  0  0 b5 f0 19 04 01 0040 01 01
   64 2016 321 18 39 23 002 0    1774.85364439       0.00000000  0  0 b5 f0 19 04 01 0040 01 01
   64 2016 321 18 39 24 002 0    1780.00228006       0.00000000  0  0 b5 f0 19 04 01 0040 01 01
   64 2016 321 18 39 25 002 0    1785.15916003       0.00000000  0  0 b5 f0 19 04 01 0040 01 01
   64 2016 321 18 39 26 002 0    1790.32383460       0.00000000  0  0 b5 f0 19 04 01 0040 01 01
   64 2016 321 18 39 27 002 0    1795.49660357       0.00000000  0  0 b5 f0 19 04 01 0040 01 01
   64 2016 321 18 39 28 002 0    1800.67701724       0.00000000  0  0 b5 f0 19 04 01 0040 01 01
   64 2016 321 18 39 29 002 0    1805.86537542       0.00000000  0  0 b5 f0 19 04 01 0040 01 01
   64 2016 321 18 39 30 002 0    1811.06137830       0.00000000  0  0 b5 f0 19 04 01 0040 01 01
   65 2016 321 18 39 31 002 0    1816.26502589       0.00000000  0  0 b5 f0 19 04 01 0041 01 01
   65 2016 321 18 39 32 002 0    1821.47631818       0.00000000  0  0 b5 f0 19 04 01 0041 01 01
   65 2016 321 18 39 33 002 0    1826.69495540       0.00000000  0  0 b5 f0 19 04 01 0041 01 01
   65 2016 321 18 39 34 002 0    1831.92093752       0.00000000  0  0 b5 f0 19 04 01 0041 01 01
   65 2016 321 18 39 35 002 0    1837.15441446       0.00000000  0  0 b5 f0 19 04 01 0041 01 01
   65 2016 321 18 39 36 002 0    1842.39523632       0.00000000  0  0 b5 f0 19 04 01 0041 01 01
   65 2016 321 18 39 37 002 0    1847.64325319       0.00000000  0  0 b5 f0 19 04 01 0041 01 01
   65 2016 321 18 39 38 002 0    1852.89831519       0.00000000  0  0 b5 f0 19 04 01 0041 01 01
   65 2016 321 18 39 39 002 0    1858.16072210       0.00000000  0  0 b5 f0 19 04 01 0041 01 01
   65 2016 321 18 39 40 002 0    1863.42987434       0.00000000  0  0 b5 f0 19 04 01 0041 01 01
   66 2016 321 18 39 41 002 0    1868.70622160       0.00000000  0  0 b5 f0 19 04 01 0042 01 01
   66 2016 321 18 39 42 002 0    1873.98931419       0.00000000  0  0 b5 f0 19 04 01 0042 01 01
   66 2016 321 18 39 43 002 0    1879.27945191       0.00000000  0  0 b5 f0 19 04 01 0042 01 01
   66 2016 321 18 39 44 002 0    1884.57618506       0.00000000  0  0 b5 f0 19 04 01 0042 01 01
   66 2016 321 18 39 45 002 0    1889.87966353       0.00000000  0  0 b5 f0 19 04 01 0042 01 01
   66 2016 321 18 39 46 002 0    1895.18973745       0.00000000  0  0 b5 f0 19 04 01 0042 01 01
   66 2016 321 18 39 47 002 0    1900.50655669       0.00000000  0  0 b5 f0 19 04 01 0042 01 01
   66 2016 321 18 39 48 002 0    1905.82982147       0.00000000  0  0 b5 f0 19 04 01 0042 01 01
   66 2016 321 18 39 49 002 0    1911.15953179       0.00000000  0  0 b5 f0 19 04 01 0042 01 01
   66 2016 321 18 39 50 002 0    1916.49568764       0.00000000  0  0 b5 f0 19 04 01 0042 01 01
   67 2016 321 18 39 51 002 0    1921.83828904       0.00000000  0  0 b5 f0 19 04 01 0043 01 01
   67 2016 321 18 39 52 002 0    1927.18703618       0.00000000  0  0 b5 f0 19 04 01 0043 01 01
   67 2016 321 18 39 53 002 0    1932.54207896       0.00000000  0  0 b5 f0 19 04 01 0043 01 01
   67 2016 321 18 39 54 002 0    1937.90311759       0.00000000  0  0 b5 f0 19 04 01 0043 01 01
   67 2016 321 18 39 55 002 0    1943.27060176       0.00000000  0  0 b5 f0 19 04 01 0043 01 01
   67 2016 321 18 39 56 002 0    1948.64408177       0.00000000  0  0 b5 f0 19 04 01 0043 01 01
   67 2016 321 18 39 57 002 0    1954.02355764       0.00000000  0  0 b5 f0 19 04 01 0043 01 01
   67 2016 321 18 39 58 002 0    1959.40887946       0.00000000  0  0 b5 f0 19 04 01 0043 01 01
   67 2016 321 18 39 59 002 0    1964.80019713       0.00000000  0  0 b5 f0 19 04 01 0043 01 01
   67 2016 321 18 40 00 002 0    1970.19721085       0.00000000  0  0 b5 f0 19 04 01 0043 01 01
   68 2016 321 18 40 01 002 0    1975.60022043       0.00000000  0  0 b5 f0 19 04 01 0044 01 01
   68 2016 321 18 40 02 002 0    1981.00907595       0.00000000  0  0 b5 f0 19 04 01 0044 01 01
   68 2016 321 18 40 03 002 0    1986.42347764       0.00000000  0  0 b5 f0 19 04 01 0044 01 01
   68 2016 321 18 40 04 002 0    1991.84342549       0.00000000  0  0 b5 f0 19 04 01 0044 01 01
   68 2016 321 18 40 05 002 0    1997.26891950       0.00000000  0  0 b5 f0 19 04 01 0044 01 01
   68 2016 321 18 40 06 002 0    2002.70010956       0.00000000  0  0 b5 f0 19 04 01 0044 01 01
   68 2016 321 18 40 07 002 0    2008.13684579       0.00000000  0  0 b5 f0 19 04 01 0044 01 01
   68 2016 321 18 40 08 002 0    2013.57897828       0.00000000  0  0 b5 f0 19 04 01 0044 01 01
   68 2016 321 18 40 09 002 0    2019.02650703       0.00000000  0  0 b5 f0 19 04 01 0044 01 01
   68 2016 321 18 40 10 002 0    2024.47943205       0.00000000  0  0 b5 f0 19 04 01 0044 01 01
   69 2016 321 18 40 11 002 0    2029.93760344       0.00000000  0  0 b5 f0 19 04 01 0045 01 01
   69 2016 321 18 40 12 002 0    2035.40102119       0.00000000  0  0 b5 f0 19 04 01 0045 01 01
   69 2016 321 18 40 13 002 0    2040.86968532       0.00000000  0  0 b5 f0 19 04 01 0045 01 01
   69 2016 321 18 40 14 002 0    2046.34359581       0.00000000  0  0 b5 f0 19 04 01 0045 01 01
   69 2016 321 18 40 15 002 0    2051.82245287       0.00000000  0  0 b5 f0 19 04 01 0045 01 01
   69 2016 321 18 40 16 002 0    2057.30625652       0.00000000  0  0 b5 f0 19 04 01 0045 01 01
   69 2016 321 18 40 17 002 0    2062.79530652       0.00000000  0  0 b5 f0 19 04 01 0045 01 01
   69 2016 321 18 40 18 002 0    2068.28930311       0.00000000  0  0 b5 f0 19 04 01 0045 01 01
   69 2016 321 18 40 19 002 0    2073.78809637       0.00000000  0  0 b5 f0 19 04 01 0045 01 01
   69 2016 321 18 40 20 002 0    2079.29198611       0.00000000  0  0 b5 f0 19 04 01 0045 01 01
   70 2016 321 18 40 21 002 0    2084.80052263       0.00000000  0  0 b5 f0 19 04 01 0046 01 01
   70 2016 321 18 40 22 002 0    2090.31385583       0.00000000  0  0 b5 f0 19 04 01 0046 01 01
   70 2016 321 18 40 23 002 0    2095.83213560       0.00000000  0  0 b5 f0 19 04 01 0046 01 01
   70 2016 321 18 40 24 002 0    2101.35506216       0.00000000  0  0 b5 f0 19 04 01 0046 01 01
   70 2016 321 18 40 25 002 0    2106.88263550       0.00000000  0  0 b5 f0 19 04 01 0046 01 01
   70 2016 321 18 40 26 002 0    2112.41470573       0.00000000  0  0 b5 f0 19 04 01 0046 01 01
   70 2016 321 18 40 27 002 0    2117.95142274       0.00000000  0  0 b5 f0 19 04 01 0046 01 01
   70 2016 321 18 40 28 002 0    2123.49263664       0.00000000  0  0 b5 f0 19 04 01 0046 01 01
   70 2016 321 18 40 29 002 0    2129.03849732       0.00000000  0  0 b5 f0 19 04 01 0046 01 01
   70 2016 321 18 40 30 002 0    2134.58870499       0.00000000  0  0 b5 f0 19 04 01 0046 01 01
   71 2016 321 18 40 31 002 0    2140.14340955       0.00000000  0  0 b5 f0 19 04 01 0047 01 01
   71 2016 321 18 40 32 002 0    2145.70246110       0.00000000  0  0 b5 f0 19 04 01 0047 01 01
   71 2016 321 18 40 33 002 0    2151.26585964       0.00000000  0  0 b5 f0 19 04 01 0047 01 01
   71 2016 321 18 40 34 002 0    2156.83360517       0.00000000  0  0 b5 f0 19 04 01 0047 01 01
   71 2016 321 18 40 35 002 0    2162.40569769       0.00000000  0  0 b5 f0 19 04 01 0047 01 01
   71 2016 321 18 40 36 002 0    2167.98198730       0.00000000  0  0 b5 f0 19 04 01 0047 01 01
   71 2016 321 18 40 37 002 0    2173.56247401       0.00000000  0  0 b5 f0 19 04 01 0047 01 01
   71 2016 321 18 40 38 002 0    2179.14715781       0.00000000  0  0 b5 f0 19 04 01 0047 01 01
   71 2016 321 18 40 39 002 0    2184.73588882       0.00000000  0  0 b5 f0 19 04 01 0047 01 01
   71 2016 321 18 40 40 002 0    2190.32866702       0.00000000  0  0 b5 f0 19 04 01 0047 01 01
   72 2016 321 18 40 41 002 0    2195.92549242       0.00000000  0  0 b5 f0 19 04 01 0048 01 01
   72 2016 321 18 40 42 002 0    2201.52636501       0.00000000  0  0 b5 f0 19 04 01 0048 01 01
   72 2016 321 18 40 43 002 0    2207.13128481       0.00000000  0  0 b5 f0 19 04 01 0048 01 01
   72 2016 321 18 40 44 002 0    2212.74010190       0.00000000  0  0 b5 f0 19 04 01 0048 01 01
   72 2016 321 18 40 45 002 0    2218.35281630       0.00000000  0  0 b5 f0 19 04 01 0048 01 01
   72 2016 321 18 40 46 002 0    2223.96927811       0.00000000  0  0 b5 f0 19 04 01 0048 01 01
   72 2016 321 18 40 47 002 0    2229.58963721       0.00000000  0  0 b5 f0 19 04 01 0048 01 01
   72 2016 321 18 40 48 002 0    2235.21389362       0.00000000  0  0 b5 f0 19 04 01 0048 01 01
   72 2016 321 18 40 49 002 0    2240.84204733       0.00000000  0  0 b5 f0 19 04 01 0048 01 01
   72 2016 321 18 40 50 002 0    2246.47364865       0.00000000  0  0 b5 f0 19 04 01 0048 01 01
   73 2016 321 18 40 51 002 0    2252.10914728       0.00000000  0  0 b5 f0 19 04 01 0049 01 01
   73 2016 321 18 40 52 002 0    2257.74824342       0.00000000  0  0 b5 f0 19 04 01 0049 01 01
   73 2016 321 18 40 53 002 0    2263.39108696       0.00000000  0  0 b5 f0 19 04 01 0049 01 01
   73 2016 321 18 40 54 002 0    2269.03737811       0.00000000  0  0 b5 f0 19 04 01 0049 01 01
   73 2016 321 18 40 55 002 0    2274.68711688       0.00000000  0  0 b5 f0 19 04 01 0049 01 01
   73 2016 321 18 40 56 002 0    2280.34060305       0.00000000  0  0 b5 f0 19 04 01 0049 01 01
   73 2016 321 18 40 57 002 0    2285.99753684       0.00000000  0  0 b5 f0 19 04 01 0049 01 01
   73 2016 321 18 40 58 002 0    2291.65806813       0.00000000  0  0 b5 f0 19 04 01 0049 01 01
   73 2016 321 18 40 59 002 0    2297.32189714       0.00000000  0  0 b5 f0 19 04 01 0049 01 01
   73 2016 321 18 41 00 002 0    2302.98902387       0.00000000  0  0 b5 f0 19 04 01 0049 01 01
   74 2016 321 18 41 01 002 0    2308.65974811       0.00000000  0  0 b5 f0 19 04 01 004a 01 01
   74 2016 321 18 41 02 002 0    2314.33391997       0.00000000  0  0 b5 f0 19 04 01 004a 01 01
   74 2016 321 18 41 03 002 0    2320.01123964       0.00000000  0  0 b5 f0 19 04 01 004a 01 01
   74 2016 321 18 41 04 002 0    2325.69185703       0.00000000  0  0 b5 f0 19 04 01 004a 01 01
   74 2016 321 18 41 05 002 0    2331.37577214       0.00000000  0  0 b5 f0 19 04 01 004a 01 01
   74 2016 321 18 41 06 002 0    2337.06283507       0.00000000  0  0 b5 f0 19 04 01 004a 01 01
   74 2016 321 18 41 07 002 0    2342.75319571       0.00000000  0  0 b5 f0 19 04 01 004a 01 01
   74 2016 321 18 41 08 002 0    2348.44685407       0.00000000  0  0 b5 f0 19 04 01 004a 01 01
   74 2016 321 18 41 09 002 0    2354.14366026       0.00000000  0  0 b5 f0 19 04 01 004a 01 01
   74 2016 321 18 41 10 002 0    2359.84346436       0.00000000  0  0 b5 f0 19 04 01 004a 01 01
   75 2016 321 18 41 11 002 0    2365.54626640       0.00000000  0  0 b5 f0 19 04 01 004b 01 01
   75 2016 321 18 41 12 002 0    2371.25236615       0.00000000  0  0 b5 f0 19 04 01 004b 01 01
   75 2016 321 18 41 13 002 0    2376.96146382       0.00000000  0  0 b5 f0 19 04 01 004b 01 01
   75 2016 321 18 41 14 002 0    2382.67355942       0.00000000  0  0 b5 f0 19 04 01 004b 01 01
   75 2016 321 18 41 15 002 0    2388.38865294       0.00000000  0  0 b5 f0 19 04 01 004b 01 01
   75 2016 321 18 41 16 002 0    2394.10674439       0.00000000  0  0 b5 f0 19 04 01 004b 01 01
   75 2016 321 18 41 17 002 0    2399.82768387       0.00000000  0  0 b5 f0 19 04 01 004b 01 01
   75 2016 321 18 41 18 002 0    2405.55162127       0.00000000  0  0 b5 f0 19 04 01 004b 01 01
   75 2016 321 18 41 19 002 0    2411.27840669       0.00000000  0  0 b5 f0 19 04 01 004b 01 01
   75 2016 321 18 41 20 002 0    2417.00789026       0.00000000  0  0 b5 f0 19 04 01 004b 01 01
   76 2016 321 18 41 21 002 0    2422.74037174       0.00000000  0  0 b5 f0 19 04 01 004c 01 01
   76 2016 321 18 41 22 002 0    2428.47570126       0.00000000  0  0 b5 f0 19 04 01 004c 01 01
   76 2016 321 18 41 23 002 0    2434.21372890       0.00000000  0  0 b5 f0 19 04 01 004c 01 01
   76 2016 321 18 41 24 002 0    2439.95445468       0.00000000  0  0 b5 f0 19 04 01 004c 01 01
   76 2016 321 18 41 25 002 0    2445.69802849       0.00000000  0  0 b5 f0 19 04 01 004c 01 01
   76 2016 321 18 41 26 002 0    2451.44415053       0.00000000  0  0 b5 f0 19 04 01 004c 01 01
   76 2016 321 18 41 27 002 0    2457.19312060       0.00000000  0  0 b5 f0 19 04 01 004c 01 01
   76 2016 321 18 41 28 002 0    2462.94463891       0.00000000  0  0 b5 f0 19 04 01 004c 01 01
   76 2016 321 18 41 29 002 0    2468.69900524       0.00000000  0  0 b5 f0 19 04 01 004c 01 01
   76 2016 321 18 41 30 002 0    2474.45576992       0.00000000  0  0 b5 f0 19 04 01 004c 01 01
   77 2016 321 18 41 31 002 0    2480.21523272       0.00000000  0  0 b5 f0 19 04 01 004d 01 01
   77 2016 321 18 41 32 002 0    2485.97724377       0.00000000  0  0 b5 f0 19 04 01 004d 01 01
   77 2016 321 18 41 33 002 0    2491.74180304       0.00000000  0  0 b5 f0 19 04 01 004d 01 01
   77 2016 321 18 41 34 002 0    2497.50876066       0.00000000  0  0 b5 f0 19 04 01 004d 01 01
   77 2016 321 18 41 35 002 0    2503.27841641       0.00000000  0  0 b5 f0 19 04 01 004d 01 01
   77 2016 321 18 41 36 002 0    2509.05047050       0.00000000  0  0 b5 f0 19 04 01 004d 01 01
   77 2016 321 18 41 37 002 0    2514.82477304       0.00000000  0  0 b5 f0 19 04 01 004d 01 01
   77 2016 321 18 41 38 002 0    2520.60177370       0.00000000  0  0 b5 f0 19 04 01 004d 01 01
   77 2016 321 18 41 39 002 0    2526.38117271       0.00000000  0  0 b5 f0 19 04 01 004d 01 01
   77 2016 321 18 41 40 002 0    2532.16282016       0.00000000  0  0 b5 f0 19 04 01 004d 01 01
   78 2016 321 18 41 41 002 0    2537.94686595       0.00000000  0  0 b5 f0 19 04 01 004e 01 01
   78 2016 321 18 41 42 002 0    2543.73331007       0.00000000  0  0 b5 f0 19 04 01 004e 01 01
   78 2016 321 18 41 43 002 0    2549.52215254       0.00000000  0  0 b5 f0 19 04 01 004e 01 01
   78 2016 321 18 41 44 002 0    2555.31309356       0.00000000  0  0 b5 f0 19 04 01 004e 01 01
   78 2016 321 18 41 45 002 0    2561.10643291       0.00000000  0  0 b5 f0 19 04 01 004e 01 01
   78 2016 321 18 41 46 002 0    2566.90187081       0.00000000  0  0 b5 f0 19 04 01 004e 01 01
   78 2016 321 18 41 47 002 0    2572.69970705       0.00000000  0  0 b5 f0 19 04 01 004e 01 01
   78 2016 321 18 41 48 002 0    2578.49979174       0.00000000  0  0 b5 f0 19 04 01 004e 01 01
   78 2016 321 18 41 49 002 0    2584.30212487       0.00000000  0  0 b5 f0 19 04 01 004e 01 01
   78 2016 321 18 41 50 002 0    2590.10640665       0.00000000  0  0 b5 f0 19 04 01 004e 01 01
   79 2016 321 18 41 51 002 0    2595.91293687       0.00000000  0  0 b5 f0 19 04 01 004f 01 01
   79 2016 321 18 41 52 002 0    2601.72186543       0.00000000  0  0 b5 f0 19 04 01 004f 01 01
   79 2016 321 18 41 53 002 0    2607.53274265       0.00000000  0  0 b5 f0 19 04 01 004f 01 01
   79 2016 321 18 41 54 002 0    2613.34571841       0.00000000  0  0 b5 f0 19 04 01 004f 01 01
   79 2016 321 18 41 55 002 0    2619.16064282       0.00000000  0  0 b5 f0 19 04 01 004f 01 01
   79 2016 321 18 41 56 002 0    2624.97781567       0.00000000  0  0 b5 f0 19 04 01 004f 01 01
   79 2016 321 18 41 57 002 0    2630.79693718       0.00000000  0  0 b5 f0 19 04 01 004f 01 01
   79 2016 321 18 41 58 002 0    2636.61800734       0.00000000  0  0 b5 f0 19 04 01 004f 01 01
   79 2016 321 18 41 59 002 0    2642.44117604       0.00000000  0  0 b5 f0 19 04 01 004f 01 01
   79 2016 321 18 42 00 002 0    2648.26629339       0.00000000  0  0 b5 f0 19 04 01 004f 01 01
   80 2016 321 18 42 01 002 0    2654.09335940       0.00000000  0  0 b5 f0 19 04 01 0050 01 01
   80 2016 321 18 42 02 002 0    2659.92252395       0.00000000  0  0 b5 f0 19 04 01 0050 01 01
   80 2016 321 18 42 03 002 0    2665.75333737       0.00000000  0  0 b5 f0 19 04 01 0050 01 01
   80 2016 321 18 42 04 002 0    2671.58624933       0.00000000  0  0 b5 f0 19 04 01 0050 01 01
   80 2016 321 18 42 05 002 0    2677.42096004       0.00000000  0  0 b5 f0 19 04 01 0050 01 01
   80 2016 321 18 42 06 002 0    2683.25761940       0.00000000  0  0 b5 f0 19 04 01 0050 01 01
   80 2016 321 18 42 07 002 0    2689.09637732       0.00000000  0  0 b5 f0 19 04 01 0050 01 01
   80 2016 321 18 42 08 002 0    2694.93678409       0.00000000  0  0 b5 f0 19 04 01 0050 01 01
   80 2016 321 18 42 09 002 0    2700.77898961       0.00000000  0  0 b5 f0 19 04 01 0050 01 01
   80 2016 321 18 42 10 002 0    2706.62299389       0.00000000  0  0 b5 f0 19 04 01 0050 01 01
   81 2016 321 18 42 11 002 0    2712.46894682       0.00000000  0  0 b5 f0 19 04 01 0051 01 01
   81 2016 321 18 42 12 002 0    2718.31669851       0.00000000  0  0 b5 f0 19 04 01 0051 01 01
   81 2016 321 18 42 13 002 0    2724.16594916       0.00000000  0  0 b5 f0 19 04 01 0051 01 01
   81 2016 321 18 42 14 002 0    2730.01714846       0.00000000  0  0 b5 f0 19 04 01 0051 01 01
   81 2016 321 18 42 15 002 0    2735.86999661       0.00000000  0  0 b5 f0 19 04 01 0051 01 01
   81 2016 321 18 42 16 002 0    2741.72434373       0.00000000  0  0 b5 f0 19 04 01 0051 01 01
   81 2016 321 18 42 17 002 0    2747.58063950       0.00000000  0  0 b5 f0 19 04 01 0051 01 01
   81 2016 321 18 42 18 002 0    2753.43858413       0.00000000  0  0 b5 f0 19 04 01 0051 01 01
   81 2016 321 18 42 19 002 0    2759.29817762       0.00000000  0  0 b5 f0 19 04 01 0051 01 01
   81 2016 321 18 42 20 002 0    2765.15927007       0.00000000  0  0 b5 f0 19 04 01 0051 01 01
   82 2016 321 18 42 21 002 0    2771.02216128       0.00000000  0  0 b5 f0 19 04 01 0052 01 01
   82 2016 321 18 42 22 002 0    2776.88640155       0.00000000  0  0 b5 f0 19 04 01 0052 01 01
   82 2016 321 18 42 23 002 0    2782.75244057       0.00000000  0  0 b5 f0 19 04 01 0052 01 01
   82 2016 321 18 42 24 002 0    2788.62012846       0.00000000  0  0 b5 f0 19 04 01 0052 01 01
   82 2016 321 18 42 25 002 0    2794.48916541       0.00000000  0  0 b5 f0 19 04 01 0052 01 01
   82 2016 321 18 42 26 002 0    2800.36000111       0.00000000  0  0 b5 f0 19 04 01 0052 01 01
   82 2016 321 18 42 27 002 0    2806.23218588       0.00000000  0  0 b5 f0 19 04 01 0052 01 01
   82 2016 321 18 42 28 002 0    2812.10601951       0.00000000  0  0 b5 f0 19 04 01 0052 01 01
   82 2016 321 18 42 29 002 0    2817.98135210       0.00000000  0  0 b5 f0 19 04 01 0052 01 01
   82 2016 321 18 42 30 002 0    2823.85818366       0.00000000  0  0 b5 f0 19 04 01 0052 01 01
   83 2016 321 18 42 31 002 0    2829.73666407       0.00000000  0  0 b5 f0 19 04 01 0053 01 01
   83 2016 321 18 42 32 002 0    2835.61649355       0.00000000  0  0 b5 f0 19 04 01 0053 01 01
   83 2016 321 18 42 33 002 0    2841.49767209       0.00000000  0  0 b5 f0 19 04 01 0053 01 01
   83 2016 321 18 42 34 002 0    2847.38034960       0.00000000  0  0 b5 f0 19 04 01 0053 01 01
   83 2016 321 18 42 35 002 0    2853.26437618       0.00000000  0  0 b5 f0 19 04 01 0053 01 01
   83 2016 321 18 42 36 002 0    2859.14990171       0.00000000  0  0 b5 f0 19 04 01 0053 01 01
   83 2016 321 18 42 37 002 0    2865.03677631       0.00000000  0  0 b5 f0 19 04 01 0053 01 01
   83 2016 321 18 42 38 002 0    2870.92485008       0.00000000  0  0 b5 f0 19 04 01 0053 01 01
   83 2016 321 18 42 39 002 0    2876.81442282       0.00000000  0  0 b5 f0 19 04 01 0053 01 01
   83 2016 321 18 42 40 002 0    2882.70549451       0.00000000  0  0 b5 f0 19 04 01 0053 01 01
   84 2016 321 18 42 41 002 0    2888.59776538       0.00000000  0  0 b5 f0 19 04 01 0054 01 01
   84 2016 321 18 42 42 002 0    2894.49138531       0.00000000  0  0 b5 f0 19 04 01 0054 01 01
   84 2016 321 18 42 43 002 0    2900.38635431       0.00000000  0  0 b5 f0 19 04 01 0054 01 01
   84 2016 321 18 42 44 002 0    2906.28267237       0.00000000  0  0 b5 f0 19 04 01 0054 01 01
   84 2016 321 18 42 45 002 0    2912.18003971       0.00000000  0  0 b5 f0 19 04 01 0054 01 01
   84 2016 321 18 42 46 002 0    2918.07875611       0.00000000  0  0 b5 f0 19 04 01 0054 01 01
   84 2016 321 18 42 47 002 0    2923.97882158       0.00000000  0  0 b5 f0 19 04 01 0054 01 01
   84 2016 321 18 42 48 002 0    2929.88023612       0.00000000  0  0 b5 f0 19 04 01 0054 01 01
   84 2016 321 18 42 49 002 0    2935.78284982       0.00000000  0  0 b5 f0 19 04 01 0054 01 01
   84 2016 321 18 42 50 002 0    2941.68666270       0.00000000  0  0 b5 f0 19 04 01 0054 01 01
   85 2016 321 18 42 51 002 0    2947.59167475       0.00000000  0  0 b5 f0 19 04 01 0055 01 01
   85 2016 321 18 42 52 002 0    2953.49788596       0.00000000  0  0 b5 f0 19 04 01 0055 01 01
   85 2016 321 18 42 53 002 0    2959.40529635       0.00000000  0  0 b5 f0 19 04 01 0055 01 01
   85 2016 321 18 42 54 002 0    2965.31375600       0.00000000  0  0 b5 f0 19 04 01 0055 01 01
   85 2016 321 18 42 55 002 0    2971.22356473       0.00000000  0  0 b5 f0 19 04 01 0055 01 01
   85 2016 321 18 42 56 002 0    2977.13457262       0.00000000  0  0 b5 f0 19 04 01 0055 01 01
   85 2016 321 18 42 57 002 0  249827.04823340       0.00000000  0  6 b5 f0 19 04 01 0055 01 01
   85 2016 321 18 42 58 002 0  249827.04823340       0.00000000  0  6 b5 f0 19 04 01 0055 01 01
   85 2016 321 18 42 59 002 0  249827.04823340       0.00000000  0  6 b5 f0 19 04 01 0055 01 01
   85 2016 321 18 43 00 002 0  249827.04823340       0.00000000  0  6 b5 f0 19 04 01 0055 01 01
   86 2016 321 18 43 13 001 0    3077.77595005       0.00000000  0  0 b5 f0 19 04 01 0056 01 01
   86 2016 321 18 43 14 001 0    3083.70539518       0.00000000  0  0 b5 f0 19 04 01 0056 01 01
   86 2016 321 18 43 15 001 0    3089.63573969       0.00000000  0  0 b5 f0 19 04 01 0056 01 01
   86 2016 321 18 43 16 001 0    3095.56698357       0.00000000  0  0 b5 f0 19 04 01 0056 01 01
   86 2016 321 18 43 17 001 0    3101.49927673       0.00000000  0  0 b5 f0 19 04 01 0056 01 01
   86 2016 321 18 43 18 001 0    3107.43261916       0.00000000  0  0 b5 f0 19 04 01 0056 01 01
   86 2016 321 18 43 19 001 0    3113.36686097       0.00000000  0  0 b5 f0 19 04 01 0056 01 01
   86 2016 321 18 43 20 001 0    3119.30185226       0.00000000  0  0 b5 f0 19 04 01 0056 01 01
   86 2016 321 18 43 21 001 0    3125.23759304       0.00000000  0  0 b5 f0 19 04 01 0056 01 01
   86 2016 321 18 43 22 001 0    3131.17423318       0.00000000  0  0 b5 f0 19 04 01 0056 01 01
