 BkNo Year Day hh mm ss mss ns RangeRate(km/s)                  Tv DvTSnRSnDTpSTpSId BkCtSRtInTim
    1 2016 240 17 04 50 800 0      -2.71531208       0.00000000  0  0 f8 f0 08 04 03 0001 01 01
    2 2016 240 17 04 53 100 0      -2.71543593       0.00000000  0  0 f8 f0 08 04 03 0002 01 01
    2 2016 240 17 04 54 100 0      -2.71575497       0.00000000  0  0 f8 f0 08 04 03 0002 01 01
    2 2016 240 17 04 55 100 0      -2.71558063       0.00000000  0  0 f8 f0 08 04 03 0002 01 01
    2 2016 240 17 04 56 100 0      -2.71586116       0.00000000  0  0 f8 f0 08 04 03 0002 01 01
    2 2016 240 17 04 57 100 0      -2.71569615       0.00000000  0  0 f8 f0 08 04 03 0002 01 01
    2 2016 240 17 04 58 100 0      -2.71574897       0.00000000  0  0 f8 f0 08 04 03 0002 01 01
    2 2016 240 17 04 59 100 0      -2.71573465       0.00000000  0  0 f8 f0 08 04 03 0002 01 01
    2 2016 240 17 05 00 100 0      -2.71596056       0.00000000  0  0 f8 f0 08 04 03 0002 01 01
    2 2016 240 17 05 01 100 0      -2.71527924       0.00000000  0  0 f8 f0 08 04 03 0002 01 01
    2 2016 240 17 05 02 100 0      -2.71556630       0.00000000  0  0 f8 f0 08 04 03 0002 01 01
    3 2016 240 17 05 03 100 0      -2.71597228       0.00000000  0  0 f8 f0 08 04 03 0003 01 01
    3 2016 240 17 05 04 100 0      -2.71538750       0.00000000  0  0 f8 f0 08 04 03 0003 01 01
    3 2016 240 17 05 05 100 0      -2.71578855       0.00000000  0  0 f8 f0 08 04 03 0003 01 01
    3 2016 240 17 05 06 100 0      -2.71576849       0.00000000  0  0 f8 f0 08 04 03 0003 01 01
    3 2016 240 17 05 07 100 0      -2.71584864       0.00000000  0  0 f8 f0 08 04 03 0003 01 01
    3 2016 240 17 05 08 100 0      -2.71581666       0.00000000  0  0 f8 f0 08 04 03 0003 01 01
    3 2016 240 17 05 09 100 0      -2.71565531       0.00000000  0  0 f8 f0 08 04 03 0003 01 01
    3 2016 240 17 05 10 100 0      -2.71562146       0.00000000  0  0 f8 f0 08 04 03 0003 01 01
    3 2016 240 17 05 11 100 0      -2.71552860       0.00000000  0  0 f8 f0 08 04 03 0003 01 01
    3 2016 240 17 05 12 100 0      -2.71563605       0.00000000  0  0 f8 f0 08 04 03 0003 01 01
    4 2016 240 17 05 13 100 0      -2.71600086       0.00000000  0  0 f8 f0 08 04 03 0004 01 01
    4 2016 240 17 05 14 100 0      -2.71580414       0.00000000  0  0 f8 f0 08 04 03 0004 01 01
    5 2016 240 17 05 18 300 0      -2.71581952       0.00000000  0  0 f8 f0 08 04 03 0005 01 01
    5 2016 240 17 05 19 300 0      -2.71596262       0.00000000  0  0 f8 f0 08 04 03 0005 01 01
    5 2016 240 17 05 20 300 0      -2.71613697       0.00000000  0  0 f8 f0 08 04 03 0005 01 01
    5 2016 240 17 05 21 300 0      -2.71569515       0.00000000  0  0 f8 f0 08 04 03 0005 01 01
    5 2016 240 17 05 22 300 0      -2.71599700       0.00000000  0  0 f8 f0 08 04 03 0005 01 01
    5 2016 240 17 05 23 300 0      -2.71587002       0.00000000  0  0 f8 f0 08 04 03 0005 01 01
    5 2016 240 17 05 24 300 0      -2.71601832       0.00000000  0  0 f8 f0 08 04 03 0005 01 01
    5 2016 240 17 05 25 300 0      -2.71582625       0.00000000  0  0 f8 f0 08 04 03 0005 01 01
    5 2016 240 17 05 26 300 0      -2.71586269       0.00000000  0  0 f8 f0 08 04 03 0005 01 01
    5 2016 240 17 05 27 300 0      -2.71568862       0.00000000  0  0 f8 f0 08 04 03 0005 01 01
    6 2016 240 17 05 28 300 0      -2.71527538       0.00000000  0  0 f8 f0 08 04 03 0006 01 01
    6 2016 240 17 05 29 300 0      -2.71606881       0.00000000  0  0 f8 f0 08 04 03 0006 01 01
    6 2016 240 17 05 30 300 0      -2.71571440       0.00000000  0  0 f8 f0 08 04 03 0006 01 01
    6 2016 240 17 05 31 300 0      -2.71535732       0.00000000  0  0 f8 f0 08 04 03 0006 01 01
    6 2016 240 17 05 32 300 0      -2.71507032       0.00000000  0  0 f8 f0 08 04 03 0006 01 01
    6 2016 240 17 05 33 300 0      -2.71566363       0.00000000  0  0 f8 f0 08 04 03 0006 01 01
    6 2016 240 17 05 34 300 0      -2.71567716       0.00000000  0  0 f8 f0 08 04 03 0006 01 01
    6 2016 240 17 05 35 300 0      -2.71563605       0.00000000  0  0 f8 f0 08 04 03 0006 01 01
    6 2016 240 17 05 36 300 0      -2.71603810       0.00000000  0  0 f8 f0 08 04 03 0006 01 01
    6 2016 240 17 05 37 300 0      -2.71551168       0.00000000  0  0 f8 f0 08 04 03 0006 01 01
    7 2016 240 17 05 38 300 0      -2.71609666       0.00000000  0  0 f8 f0 08 04 03 0007 01 01
    7 2016 240 17 05 39 300 0      -2.71586376       0.00000000  0  0 f8 f0 08 04 03 0007 01 01
    7 2016 240 17 05 40 300 0      -2.71596209       0.00000000  0  0 f8 f0 08 04 03 0007 01 01
    7 2016 240 17 05 41 300 0      -2.71577915       0.00000000  0  0 f8 f0 08 04 03 0007 01 01
    7 2016 240 17 05 42 300 0      -2.71567716       0.00000000  0  0 f8 f0 08 04 03 0007 01 01
    7 2016 240 17 05 43 300 0      -2.71594364       0.00000000  0  0 f8 f0 08 04 03 0007 01 01
    7 2016 240 17 05 44 300 0      -2.71566936       0.00000000  0  0 f8 f0 08 04 03 0007 01 01
    7 2016 240 17 05 45 300 0      -2.71565191       0.00000000  0  0 f8 f0 08 04 03 0007 01 01
    7 2016 240 17 05 46 300 0      -2.71552573       0.00000000  0  0 f8 f0 08 04 03 0007 01 01
    7 2016 240 17 05 47 300 0      -2.71561887       0.00000000  0  0 f8 f0 08 04 03 0007 01 01
    8 2016 240 17 05 48 300 0      -2.71586036       0.00000000  0  0 f8 f0 08 04 03 0008 01 01
    8 2016 240 17 05 49 300 0      -2.71551661       0.00000000  0  0 f8 f0 08 04 03 0008 01 01
    8 2016 240 17 05 50 300 0      -2.71594470       0.00000000  0  0 f8 f0 08 04 03 0008 01 01
    8 2016 240 17 05 51 300 0      -2.71536205       0.00000000  0  0 f8 f0 08 04 03 0008 01 01
    8 2016 240 17 05 52 300 0      -2.71529303       0.00000000  0  0 f8 f0 08 04 03 0008 01 01
    8 2016 240 17 05 53 300 0      -2.71564491       0.00000000  0  0 f8 f0 08 04 03 0008 01 01
    8 2016 240 17 05 54 300 0      -2.71578775       0.00000000  0  0 f8 f0 08 04 03 0008 01 01
    8 2016 240 17 05 55 300 0      -2.71603057       0.00000000  0  0 f8 f0 08 04 03 0008 01 01
    8 2016 240 17 05 56 300 0      -2.71563446       0.00000000  0  0 f8 f0 08 04 03 0008 01 01
    8 2016 240 17 05 57 300 0      -2.71624342       0.00000000  0  0 f8 f0 08 04 03 0008 01 01
    9 2016 240 17 05 58 300 0      -2.71577476       0.00000000  0  0 f8 f0 08 04 03 0009 01 01
    9 2016 240 17 05 59 300 0      -2.71586376       0.00000000  0  0 f8 f0 08 04 03 0009 01 01
    9 2016 240 17 06 00 300 0      -2.71564358       0.00000000  0  0 f8 f0 08 04 03 0009 01 01
    9 2016 240 17 06 01 300 0      -2.71534353       0.00000000  0  0 f8 f0 08 04 03 0009 01 01
    9 2016 240 17 06 02 300 0      -2.71571020       0.00000000  0  0 f8 f0 08 04 03 0009 01 01
    9 2016 240 17 06 03 300 0      -2.71584790       0.00000000  0  0 f8 f0 08 04 03 0009 01 01
    9 2016 240 17 06 04 300 0      -2.71591785       0.00000000  0  0 f8 f0 08 04 03 0009 01 01
    9 2016 240 17 06 05 300 0      -2.71549396       0.00000000  0  0 f8 f0 08 04 03 0009 01 01
    9 2016 240 17 06 06 300 0      -2.71564905       0.00000000  0  0 f8 f0 08 04 03 0009 01 01
    9 2016 240 17 06 07 300 0      -2.71562020       0.00000000  0  0 f8 f0 08 04 03 0009 01 01
   10 2016 240 17 06 08 300 0      -2.71563139       0.00000000  0  0 f8 f0 08 04 03 000a 01 01
   10 2016 240 17 06 09 300 0      -2.71531495       0.00000000  0  0 f8 f0 08 04 03 000a 01 01
   10 2016 240 17 06 10 300 0      -2.71535186       0.00000000  0  0 f8 f0 08 04 03 000a 01 01
   10 2016 240 17 06 11 300 0      -2.71519337       0.00000000  0  0 f8 f0 08 04 03 000a 01 01
   10 2016 240 17 06 12 300 0      -2.71608207       0.00000000  0  0 f8 f0 08 04 03 000a 01 01
   10 2016 240 17 06 13 300 0      -2.71578748       0.00000000  0  0 f8 f0 08 04 03 000a 01 01
   10 2016 240 17 06 14 300 0      -2.71542760       0.00000000  0  0 f8 f0 08 04 03 000a 01 01
   10 2016 240 17 06 15 300 0      -2.71530476       0.00000000  0  0 f8 f0 08 04 03 000a 01 01
   10 2016 240 17 06 16 300 0      -2.71565164       0.00000000  0  0 f8 f0 08 04 03 000a 01 01
   10 2016 240 17 06 17 300 0      -2.71569515       0.00000000  0  0 f8 f0 08 04 03 000a 01 01
   11 2016 240 17 06 18 300 0      -2.71516812       0.00000000  0  0 f8 f0 08 04 03 000b 01 01
   11 2016 240 17 06 19 300 0      -2.71519650       0.00000000  0  0 f8 f0 08 04 03 000b 01 01
   11 2016 240 17 06 20 300 0      -2.71510103       0.00000000  0  0 f8 f0 08 04 03 000b 01 01
   11 2016 240 17 06 21 300 0      -2.71530089       0.00000000  0  0 f8 f0 08 04 03 000b 01 01
   11 2016 240 17 06 22 300 0      -2.71538730       0.00000000  0  0 f8 f0 08 04 03 000b 01 01
   11 2016 240 17 06 23 300 0      -2.71562666       0.00000000  0  0 f8 f0 08 04 03 000b 01 01
   11 2016 240 17 06 24 300 0      -2.71555771       0.00000000  0  0 f8 f0 08 04 03 000b 01 01
   11 2016 240 17 06 25 300 0      -2.71525166       0.00000000  0  0 f8 f0 08 04 03 000b 01 01
   11 2016 240 17 06 26 300 0      -2.71516999       0.00000000  0  0 f8 f0 08 04 03 000b 01 01
   11 2016 240 17 06 27 300 0      -2.71528737       0.00000000  0  0 f8 f0 08 04 03 000b 01 01
   12 2016 240 17 06 28 300 0      -2.71544919       0.00000000  0  0 f8 f0 08 04 03 000c 01 01
   12 2016 240 17 06 29 300 0      -2.71543460       0.00000000  0  0 f8 f0 08 04 03 000c 01 01
   12 2016 240 17 06 30 300 0      -2.71557177       0.00000000  0  0 f8 f0 08 04 03 000c 01 01
   12 2016 240 17 06 31 300 0      -2.71556111       0.00000000  0  0 f8 f0 08 04 03 000c 01 01
   12 2016 240 17 06 32 300 0      -2.71570008       0.00000000  0  0 f8 f0 08 04 03 000c 01 01
   12 2016 240 17 06 33 300 0      -2.71514081       0.00000000  0  0 f8 f0 08 04 03 000c 01 01
   12 2016 240 17 06 34 300 0      -2.71501983       0.00000000  0  0 f8 f0 08 04 03 000c 01 01
   12 2016 240 17 06 35 300 0      -2.71524573       0.00000000  0  0 f8 f0 08 04 03 000c 01 01
   13 2016 240 17 07 04 200 0      -3.68087402       0.00000000  0  0 f8 f0 08 04 03 000d 01 01
   13 2016 240 17 07 05 200 0      -3.68057710       0.00000000  0  0 f8 f0 08 04 03 000d 01 01
   13 2016 240 17 07 06 200 0      -3.68029477       0.00000000  0  0 f8 f0 08 04 03 000d 01 01
   13 2016 240 17 07 07 200 0      -3.67999079       0.00000000  0  0 f8 f0 08 04 03 000d 01 01
   13 2016 240 17 07 08 200 0      -3.67972019       0.00000000  0  0 f8 f0 08 04 03 000d 01 01
   13 2016 240 17 07 09 200 0      -3.67942766       0.00000000  0  0 f8 f0 08 04 03 000d 01 01
   13 2016 240 17 07 10 200 0      -3.67911335       0.00000000  0  0 f8 f0 08 04 03 000d 01 01
   13 2016 240 17 07 11 200 0      -3.67879425       0.00000000  0  0 f8 f0 08 04 03 000d 01 01
   13 2016 240 17 07 12 200 0      -3.67847734       0.00000000  0  0 f8 f0 08 04 03 000d 01 01
   13 2016 240 17 07 13 200 0      -3.67814891       0.00000000  0  0 f8 f0 08 04 03 000d 01 01
   14 2016 240 17 07 14 200 0      -3.67783114       0.00000000  0  0 f8 f0 08 04 03 000e 01 01
   14 2016 240 17 07 15 200 0      -3.67748352       0.00000000  0  0 f8 f0 08 04 03 000e 01 01
   14 2016 240 17 07 16 200 0      -3.67713637       0.00000000  0  0 f8 f0 08 04 03 000e 01 01
   14 2016 240 17 07 17 200 0      -3.67680221       0.00000000  0  0 f8 f0 08 04 03 000e 01 01
   14 2016 240 17 07 18 200 0      -3.67646312       0.00000000  0  0 f8 f0 08 04 03 000e 01 01
   14 2016 240 17 07 19 200 0      -3.67609931       0.00000000  0  0 f8 f0 08 04 03 000e 01 01
   14 2016 240 17 07 20 200 0      -3.67572225       0.00000000  0  0 f8 f0 08 04 03 000e 01 01
   14 2016 240 17 07 21 200 0      -3.67534599       0.00000000  0  0 f8 f0 08 04 03 000e 01 01
   14 2016 240 17 07 22 200 0      -3.52436634       0.00000000  0  0 f8 f0 08 04 03 000e 01 01
   14 2016 240 17 07 23 200 0      -3.54529489       0.00000000  0  0 f8 f0 08 04 03 000e 01 01
   15 2016 240 17 07 30 700 0      -6.61826686       0.00000000  0  0 f8 f0 08 04 03 000f 01 01
   15 2016 240 17 07 31 700 0      -6.61738891       0.00000000  0  0 f8 f0 08 04 03 000f 01 01
   15 2016 240 17 07 32 700 0      -6.61647911       0.00000000  0  0 f8 f0 08 04 03 000f 01 01
   15 2016 240 17 07 33 700 0      -6.61558810       0.00000000  0  0 f8 f0 08 04 03 000f 01 01
   15 2016 240 17 07 34 700 0      -6.61466278       0.00000000  0  0 f8 f0 08 04 03 000f 01 01
   15 2016 240 17 07 35 700 0      -6.61373067       0.00000000  0  0 f8 f0 08 04 03 000f 01 01
   15 2016 240 17 07 36 700 0      -6.61278083       0.00000000  0  0 f8 f0 08 04 03 000f 01 01
   15 2016 240 17 07 37 700 0      -6.61181901       0.00000000  0  0 f8 f0 08 04 03 000f 01 01
   15 2016 240 17 07 38 700 0      -6.61084472       0.00000000  0  0 f8 f0 08 04 03 000f 01 01
   15 2016 240 17 07 39 700 0      -6.60985798       0.00000000  0  0 f8 f0 08 04 03 000f 01 01
   16 2016 240 17 07 40 700 0      -6.60881762       0.00000000  0  0 f8 f0 08 04 03 0010 01 01
   16 2016 240 17 07 41 700 0      -6.60782355       0.00000000  0  0 f8 f0 08 04 03 0010 01 01
   16 2016 240 17 07 42 700 0      -6.60677432       0.00000000  0  0 f8 f0 08 04 03 0010 01 01
   16 2016 240 17 07 43 700 0      -6.60573442       0.00000000  0  0 f8 f0 08 04 03 0010 01 01
   16 2016 240 17 07 44 700 0      -6.60466388       0.00000000  0  0 f8 f0 08 04 03 0010 01 01
   16 2016 240 17 07 45 700 0      -6.60357928       0.00000000  0  0 f8 f0 08 04 03 0010 01 01
   16 2016 240 17 07 46 700 0      -6.60247849       0.00000000  0  0 f8 f0 08 04 03 0010 01 01
   16 2016 240 17 07 47 700 0      -6.60138816       0.00000000  0  0 f8 f0 08 04 03 0010 01 01
   16 2016 240 17 07 48 700 0      -6.60025932       0.00000000  0  0 f8 f0 08 04 03 0010 01 01
   16 2016 240 17 07 49 700 0      -6.59910910       0.00000000  0  0 f8 f0 08 04 03 0010 01 01
   17 2016 240 17 07 50 700 0      -6.59794016       0.00000000  0  0 f8 f0 08 04 03 0011 01 01
   17 2016 240 17 07 51 700 0      -6.59676656       0.00000000  0  0 f8 f0 08 04 03 0011 01 01
   17 2016 240 17 07 52 700 0      -6.59559349       0.00000000  0  0 f8 f0 08 04 03 0011 01 01
   17 2016 240 17 07 53 700 0      -6.59437565       0.00000000  0  0 f8 f0 08 04 03 0011 01 01
   17 2016 240 17 07 54 700 0      -6.59312964       0.00000000  0  0 f8 f0 08 04 03 0011 01 01
   17 2016 240 17 07 55 700 0      -6.59190454       0.00000000  0  0 f8 f0 08 04 03 0011 01 01
   17 2016 240 17 07 56 700 0      -6.59064660       0.00000000  0  0 f8 f0 08 04 03 0011 01 01
   17 2016 240 17 07 57 700 0      -6.58937513       0.00000000  0  0 f8 f0 08 04 03 0011 01 01
   17 2016 240 17 07 58 700 0      -6.58807609       0.00000000  0  0 f8 f0 08 04 03 0011 01 01
   17 2016 240 17 07 59 700 0      -6.58675366       0.00000000  0  0 f8 f0 08 04 03 0011 01 01
   18 2016 240 17 08 00 700 0      -6.58544103       0.00000000  0  0 f8 f0 08 04 03 0012 01 01
   18 2016 240 17 08 01 700 0      -6.58411701       0.00000000  0  0 f8 f0 08 04 03 0012 01 01
   18 2016 240 17 08 02 700 0      -6.58273835       0.00000000  0  0 f8 f0 08 04 03 0012 01 01
   18 2016 240 17 08 03 700 0      -6.58135551       0.00000000  0  0 f8 f0 08 04 03 0012 01 01
   18 2016 240 17 08 04 700 0      -6.57995760       0.00000000  0  0 f8 f0 08 04 03 0012 01 01
   18 2016 240 17 08 05 700 0      -6.57854251       0.00000000  0  0 f8 f0 08 04 03 0012 01 01
   18 2016 240 17 08 06 700 0      -6.57709198       0.00000000  0  0 f8 f0 08 04 03 0012 01 01
   18 2016 240 17 08 07 700 0      -6.57564724       0.00000000  0  0 f8 f0 08 04 03 0012 01 01
   18 2016 240 17 08 08 700 0      -6.57420557       0.00000000  0  0 f8 f0 08 04 03 0012 01 01
   18 2016 240 17 08 09 700 0      -6.57268742       0.00000000  0  0 f8 f0 08 04 03 0012 01 01
   19 2016 240 17 08 10 700 0      -6.57118539       0.00000000  0  0 f8 f0 08 04 03 0013 01 01
   19 2016 240 17 08 11 700 0      -6.56965632       0.00000000  0  0 f8 f0 08 04 03 0013 01 01
   19 2016 240 17 08 12 700 0      -6.56810906       0.00000000  0  0 f8 f0 08 04 03 0013 01 01
   19 2016 240 17 08 13 700 0      -6.56655707       0.00000000  0  0 f8 f0 08 04 03 0013 01 01
   19 2016 240 17 08 14 700 0      -6.56497849       0.00000000  0  0 f8 f0 08 04 03 0013 01 01
   19 2016 240 17 08 15 700 0      -6.56336775       0.00000000  0  0 f8 f0 08 04 03 0013 01 01
   19 2016 240 17 08 16 700 0      -6.56175747       0.00000000  0  0 f8 f0 08 04 03 0013 01 01
   19 2016 240 17 08 17 700 0      -6.56007897       0.00000000  0  0 f8 f0 08 04 03 0013 01 01
   19 2016 240 17 08 18 700 0      -6.55842552       0.00000000  0  0 f8 f0 08 04 03 0013 01 01
   19 2016 240 17 08 19 700 0      -6.55675382       0.00000000  0  0 f8 f0 08 04 03 0013 01 01
   20 2016 240 17 08 20 700 0      -6.55502908       0.00000000  0  0 f8 f0 08 04 03 0014 01 01
   20 2016 240 17 08 21 700 0      -6.55330635       0.00000000  0  0 f8 f0 08 04 03 0014 01 01
   20 2016 240 17 08 22 700 0      -6.55154831       0.00000000  0  0 f8 f0 08 04 03 0014 01 01
   20 2016 240 17 08 23 700 0      -6.54978348       0.00000000  0  0 f8 f0 08 04 03 0014 01 01
   20 2016 240 17 08 24 700 0      -6.54797748       0.00000000  0  0 f8 f0 08 04 03 0014 01 01
   20 2016 240 17 08 25 700 0      -6.54617827       0.00000000  0  0 f8 f0 08 04 03 0014 01 01
   20 2016 240 17 08 26 700 0      -6.54434994       0.00000000  0  0 f8 f0 08 04 03 0014 01 01
   20 2016 240 17 08 27 700 0      -6.54248205       0.00000000  0  0 f8 f0 08 04 03 0014 01 01
   20 2016 240 17 08 28 700 0      -6.54058765       0.00000000  0  0 f8 f0 08 04 03 0014 01 01
   20 2016 240 17 08 29 700 0      -6.53867805       0.00000000  0  0 f8 f0 08 04 03 0014 01 01
   21 2016 240 17 08 30 700 0      -6.53677166       0.00000000  0  0 f8 f0 08 04 03 0015 01 01
   21 2016 240 17 08 31 700 0      -6.53482469       0.00000000  0  0 f8 f0 08 04 03 0015 01 01
   21 2016 240 17 08 32 700 0      -6.53284594       0.00000000  0  0 f8 f0 08 04 03 0015 01 01
   21 2016 240 17 08 33 700 0      -6.53083802       0.00000000  0  0 f8 f0 08 04 03 0015 01 01
   21 2016 240 17 08 34 700 0      -6.52882437       0.00000000  0  0 f8 f0 08 04 03 0015 01 01
   21 2016 240 17 08 35 700 0      -6.52677694       0.00000000  0  0 f8 f0 08 04 03 0015 01 01
   21 2016 240 17 08 36 700 0      -6.52470194       0.00000000  0  0 f8 f0 08 04 03 0015 01 01
   21 2016 240 17 08 37 700 0      -6.52261021       0.00000000  0  0 f8 f0 08 04 03 0015 01 01
   21 2016 240 17 08 38 700 0      -6.52049976       0.00000000  0  0 f8 f0 08 04 03 0015 01 01
   21 2016 240 17 08 39 700 0      -6.51834095       0.00000000  0  0 f8 f0 08 04 03 0015 01 01
   22 2016 240 17 08 40 700 0      -6.51618474       0.00000000  0  0 f8 f0 08 04 03 0016 01 01
   22 2016 240 17 08 41 700 0      -6.51398742       0.00000000  0  0 f8 f0 08 04 03 0016 01 01
   22 2016 240 17 08 42 700 0      -6.51176039       0.00000000  0  0 f8 f0 08 04 03 0016 01 01
   22 2016 240 17 08 43 700 0      -6.50951411       0.00000000  0  0 f8 f0 08 04 03 0016 01 01
   22 2016 240 17 08 44 700 0      -6.50725118       0.00000000  0  0 f8 f0 08 04 03 0016 01 01
   22 2016 240 17 08 45 700 0      -6.50494767       0.00000000  0  0 f8 f0 08 04 03 0016 01 01
   22 2016 240 17 08 46 700 0      -6.50262392       0.00000000  0  0 f8 f0 08 04 03 0016 01 01
   22 2016 240 17 08 47 700 0      -6.50025846       0.00000000  0  0 f8 f0 08 04 03 0016 01 01
   22 2016 240 17 08 48 700 0      -6.49788780       0.00000000  0  0 f8 f0 08 04 03 0016 01 01
   22 2016 240 17 08 49 700 0      -6.49548277       0.00000000  0  0 f8 f0 08 04 03 0016 01 01
   23 2016 240 17 08 50 700 0      -6.49303617       0.00000000  0  0 f8 f0 08 04 03 0017 01 01
   23 2016 240 17 08 51 700 0      -6.49058690       0.00000000  0  0 f8 f0 08 04 03 0017 01 01
   23 2016 240 17 08 52 700 0      -6.48808561       0.00000000  0  0 f8 f0 08 04 03 0017 01 01
   23 2016 240 17 08 53 700 0      -6.48554528       0.00000000  0  0 f8 f0 08 04 03 0017 01 01
   23 2016 240 17 08 54 700 0      -6.48301854       0.00000000  0  0 f8 f0 08 04 03 0017 01 01
   23 2016 240 17 08 55 700 0      -6.48042358       0.00000000  0  0 f8 f0 08 04 03 0017 01 01
   23 2016 240 17 08 56 700 0      -6.47782389       0.00000000  0  0 f8 f0 08 04 03 0017 01 01
   23 2016 240 17 08 57 700 0      -6.47518363       0.00000000  0  0 f8 f0 08 04 03 0017 01 01
   23 2016 240 17 08 58 700 0      -6.47250700       0.00000000  0  0 f8 f0 08 04 03 0017 01 01
   23 2016 240 17 08 59 700 0      -6.46979280       0.00000000  0  0 f8 f0 08 04 03 0017 01 01
   24 2016 240 17 09 00 700 0      -6.46708699       0.00000000  0  0 f8 f0 08 04 03 0018 01 01
   24 2016 240 17 09 01 700 0      -6.46431043       0.00000000  0  0 f8 f0 08 04 03 0018 01 01
   24 2016 240 17 09 02 700 0      -6.46151815       0.00000000  0  0 f8 f0 08 04 03 0018 01 01
   24 2016 240 17 09 03 700 0      -6.45868330       0.00000000  0  0 f8 f0 08 04 03 0018 01 01
   24 2016 240 17 09 04 700 0      -6.45583280       0.00000000  0  0 f8 f0 08 04 03 0018 01 01
   24 2016 240 17 09 05 700 0      -6.45295571       0.00000000  0  0 f8 f0 08 04 03 0018 01 01
   24 2016 240 17 09 06 700 0      -6.45002094       0.00000000  0  0 f8 f0 08 04 03 0018 01 01
   24 2016 240 17 09 07 700 0      -6.44706005       0.00000000  0  0 f8 f0 08 04 03 0018 01 01
   24 2016 240 17 09 08 700 0      -6.44408670       0.00000000  0  0 f8 f0 08 04 03 0018 01 01
   24 2016 240 17 09 09 700 0      -6.44104680       0.00000000  0  0 f8 f0 08 04 03 0018 01 01
   25 2016 240 17 09 10 700 0      -6.43798239       0.00000000  0  0 f8 f0 08 04 03 0019 01 01
   25 2016 240 17 09 11 700 0      -6.43489972       0.00000000  0  0 f8 f0 08 04 03 0019 01 01
   25 2016 240 17 09 12 700 0      -6.43175364       0.00000000  0  0 f8 f0 08 04 03 0019 01 01
   25 2016 240 17 09 13 700 0      -6.42859289       0.00000000  0  0 f8 f0 08 04 03 0019 01 01
   25 2016 240 17 09 14 700 0      -6.42538379       0.00000000  0  0 f8 f0 08 04 03 0019 01 01
   25 2016 240 17 09 15 700 0      -6.42216169       0.00000000  0  0 f8 f0 08 04 03 0019 01 01
   25 2016 240 17 09 16 700 0      -6.41888130       0.00000000  0  0 f8 f0 08 04 03 0019 01 01
   25 2016 240 17 09 17 700 0      -6.41555768       0.00000000  0  0 f8 f0 08 04 03 0019 01 01
   25 2016 240 17 09 18 700 0      -6.41222473       0.00000000  0  0 f8 f0 08 04 03 0019 01 01
   25 2016 240 17 09 19 700 0      -6.40882623       0.00000000  0  0 f8 f0 08 04 03 0019 01 01
   26 2016 240 17 09 20 700 0      -6.40539954       0.00000000  0  0 f8 f0 08 04 03 001a 01 01
   26 2016 240 17 09 21 700 0      -6.40192397       0.00000000  0  0 f8 f0 08 04 03 001a 01 01
   26 2016 240 17 09 22 700 0      -6.39844785       0.00000000  0  0 f8 f0 08 04 03 001a 01 01
   26 2016 240 17 09 23 700 0      -6.39487448       0.00000000  0  0 f8 f0 08 04 03 001a 01 01
   26 2016 240 17 09 24 700 0      -6.39130577       0.00000000  0  0 f8 f0 08 04 03 001a 01 01
   26 2016 240 17 09 25 700 0      -6.38768237       0.00000000  0  0 f8 f0 08 04 03 001a 01 01
   26 2016 240 17 09 26 700 0      -6.38402672       0.00000000  0  0 f8 f0 08 04 03 001a 01 01
   26 2016 240 17 09 27 700 0      -6.38031072       0.00000000  0  0 f8 f0 08 04 03 001a 01 01
   26 2016 240 17 09 28 700 0      -6.37656241       0.00000000  0  0 f8 f0 08 04 03 001a 01 01
   26 2016 240 17 09 29 700 0      -6.37274907       0.00000000  0  0 f8 f0 08 04 03 001a 01 01
   27 2016 240 17 09 30 700 0      -6.36893834       0.00000000  0  0 f8 f0 08 04 03 001b 01 01
   27 2016 240 17 09 31 700 0      -6.36505313       0.00000000  0  0 f8 f0 08 04 03 001b 01 01
   27 2016 240 17 09 32 700 0      -6.36112635       0.00000000  0  0 f8 f0 08 04 03 001b 01 01
   27 2016 240 17 09 33 700 0      -6.35714441       0.00000000  0  0 f8 f0 08 04 03 001b 01 01
   27 2016 240 17 09 34 700 0      -6.35315460       0.00000000  0  0 f8 f0 08 04 03 001b 01 01
   27 2016 240 17 09 35 700 0      -6.34909719       0.00000000  0  0 f8 f0 08 04 03 001b 01 01
   27 2016 240 17 09 36 700 0      -6.34498667       0.00000000  0  0 f8 f0 08 04 03 001b 01 01
   27 2016 240 17 09 37 700 0      -6.34081993       0.00000000  0  0 f8 f0 08 04 03 001b 01 01
   27 2016 240 17 09 38 700 0      -6.33663234       0.00000000  0  0 f8 f0 08 04 03 001b 01 01
   27 2016 240 17 09 39 700 0      -6.33238393       0.00000000  0  0 f8 f0 08 04 03 001b 01 01
   28 2016 240 17 09 40 700 0      -6.32809954       0.00000000  0  0 f8 f0 08 04 03 001c 01 01
   28 2016 240 17 09 41 700 0      -6.32376006       0.00000000  0  0 f8 f0 08 04 03 001c 01 01
   28 2016 240 17 09 42 700 0      -6.31935550       0.00000000  0  0 f8 f0 08 04 03 001c 01 01
   28 2016 240 17 09 43 700 0      -6.31490977       0.00000000  0  0 f8 f0 08 04 03 001c 01 01
   28 2016 240 17 09 44 700 0      -6.31043545       0.00000000  0  0 f8 f0 08 04 03 001c 01 01
   28 2016 240 17 09 45 700 0      -6.30586228       0.00000000  0  0 f8 f0 08 04 03 001c 01 01
   28 2016 240 17 09 46 700 0      -6.30128177       0.00000000  0  0 f8 f0 08 04 03 001c 01 01
   28 2016 240 17 09 47 700 0      -6.29663625       0.00000000  0  0 f8 f0 08 04 03 001c 01 01
   28 2016 240 17 09 48 700 0      -6.29192977       0.00000000  0  0 f8 f0 08 04 03 001c 01 01
   28 2016 240 17 09 49 700 0      -6.28718433       0.00000000  0  0 f8 f0 08 04 03 001c 01 01
   29 2016 240 17 09 50 700 0      -6.28237066       0.00000000  0  0 f8 f0 08 04 03 001d 01 01
   29 2016 240 17 09 51 700 0      -6.27749977       0.00000000  0  0 f8 f0 08 04 03 001d 01 01
   29 2016 240 17 09 52 700 0      -6.27258151       0.00000000  0  0 f8 f0 08 04 03 001d 01 01
   29 2016 240 17 09 53 700 0      -6.26760337       0.00000000  0  0 f8 f0 08 04 03 001d 01 01
   29 2016 240 17 09 54 700 0      -6.26258725       0.00000000  0  0 f8 f0 08 04 03 001d 01 01
   29 2016 240 17 09 55 700 0      -6.25748426       0.00000000  0  0 f8 f0 08 04 03 001d 01 01
   29 2016 240 17 09 56 700 0      -6.25233751       0.00000000  0  0 f8 f0 08 04 03 001d 01 01
   29 2016 240 17 09 57 700 0      -6.24710748       0.00000000  0  0 f8 f0 08 04 03 001d 01 01
   29 2016 240 17 09 58 700 0      -6.24186393       0.00000000  0  0 f8 f0 08 04 03 001d 01 01
   29 2016 240 17 09 59 700 0      -6.23654077       0.00000000  0  0 f8 f0 08 04 03 001d 01 01
   30 2016 240 17 10 00 700 0      -6.23114007       0.00000000  0  0 f8 f0 08 04 03 001e 01 01
   30 2016 240 17 10 01 700 0      -6.22567528       0.00000000  0  0 f8 f0 08 04 03 001e 01 01
   30 2016 240 17 10 02 700 0      -6.22016212       0.00000000  0  0 f8 f0 08 04 03 001e 01 01
   30 2016 240 17 10 03 700 0      -6.21459907       0.00000000  0  0 f8 f0 08 04 03 001e 01 01
   30 2016 240 17 10 04 700 0      -6.20893496       0.00000000  0  0 f8 f0 08 04 03 001e 01 01
   30 2016 240 17 10 05 700 0      -6.20323135       0.00000000  0  0 f8 f0 08 04 03 001e 01 01
   30 2016 240 17 10 06 700 0      -6.19746478       0.00000000  0  0 f8 f0 08 04 03 001e 01 01
   30 2016 240 17 10 07 700 0      -6.19162839       0.00000000  0  0 f8 f0 08 04 03 001e 01 01
   30 2016 240 17 10 08 700 0      -6.18570933       0.00000000  0  0 f8 f0 08 04 03 001e 01 01
   30 2016 240 17 10 09 700 0      -6.17973192       0.00000000  0  0 f8 f0 08 04 03 001e 01 01
   31 2016 240 17 10 10 700 0      -6.17368375       0.00000000  0  0 f8 f0 08 04 03 001f 01 01
   31 2016 240 17 10 11 700 0      -6.16754399       0.00000000  0  0 f8 f0 08 04 03 001f 01 01
   31 2016 240 17 10 12 700 0      -6.16137092       0.00000000  0  0 f8 f0 08 04 03 001f 01 01
   31 2016 240 17 10 13 700 0      -6.15512184       0.00000000  0  0 f8 f0 08 04 03 001f 01 01
   31 2016 240 17 10 14 700 0      -6.14877336       0.00000000  0  0 f8 f0 08 04 03 001f 01 01
   31 2016 240 17 10 15 700 0      -6.14237652       0.00000000  0  0 f8 f0 08 04 03 001f 01 01
   31 2016 240 17 10 16 700 0      -6.13589587       0.00000000  0  0 f8 f0 08 04 03 001f 01 01
   31 2016 240 17 10 17 700 0      -6.12932568       0.00000000  0  0 f8 f0 08 04 03 001f 01 01
   31 2016 240 17 10 18 700 0      -6.12269248       0.00000000  0  0 f8 f0 08 04 03 001f 01 01
   31 2016 240 17 10 19 700 0      -6.11597088       0.00000000  0  0 f8 f0 08 04 03 001f 01 01
   32 2016 240 17 10 20 700 0      -6.10918678       0.00000000  0  0 f8 f0 08 04 03 0020 01 01
   32 2016 240 17 10 21 700 0      -6.10233141       0.00000000  0  0 f8 f0 08 04 03 0020 01 01
   32 2016 240 17 10 22 700 0      -6.09537397       0.00000000  0  0 f8 f0 08 04 03 0020 01 01
   32 2016 240 17 10 23 700 0      -6.08832394       0.00000000  0  0 f8 f0 08 04 03 0020 01 01
   32 2016 240 17 10 24 700 0      -6.08120782       0.00000000  0  0 f8 f0 08 04 03 0020 01 01
   32 2016 240 17 10 25 700 0      -6.07399225       0.00000000  0  0 f8 f0 08 04 03 0020 01 01
   32 2016 240 17 10 26 700 0      -6.06672257       0.00000000  0  0 f8 f0 08 04 03 0020 01 01
   32 2016 240 17 10 27 700 0      -6.05935977       0.00000000  0  0 f8 f0 08 04 03 0020 01 01
   32 2016 240 17 10 28 700 0      -6.05188398       0.00000000  0  0 f8 f0 08 04 03 0020 01 01
   32 2016 240 17 10 29 700 0      -6.04432598       0.00000000  0  0 f8 f0 08 04 03 0020 01 01
   33 2016 240 17 10 30 700 0      -6.03669977       0.00000000  0  0 f8 f0 08 04 03 0021 01 01
   33 2016 240 17 10 31 700 0      -6.02898149       0.00000000  0  0 f8 f0 08 04 03 0021 01 01
   33 2016 240 17 10 32 700 0      -6.02115389       0.00000000  0  0 f8 f0 08 04 03 0021 01 01
   33 2016 240 17 10 33 700 0      -6.01321650       0.00000000  0  0 f8 f0 08 04 03 0021 01 01
   33 2016 240 17 10 34 700 0      -6.00521663       0.00000000  0  0 f8 f0 08 04 03 0021 01 01
   33 2016 240 17 10 35 700 0      -5.99712302       0.00000000  0  0 f8 f0 08 04 03 0021 01 01
   33 2016 240 17 10 36 700 0      -5.98891810       0.00000000  0  0 f8 f0 08 04 03 0021 01 01
   33 2016 240 17 10 37 700 0      -5.98061118       0.00000000  0  0 f8 f0 08 04 03 0021 01 01
   33 2016 240 17 10 38 700 0      -5.97222719       0.00000000  0  0 f8 f0 08 04 03 0021 01 01
   33 2016 240 17 10 39 700 0      -5.96373294       0.00000000  0  0 f8 f0 08 04 03 0021 01 01
   34 2016 240 17 10 40 700 0      -5.95511738       0.00000000  0  0 f8 f0 08 04 03 0022 01 01
   34 2016 240 17 10 41 700 0      -5.94642421       0.00000000  0  0 f8 f0 08 04 03 0022 01 01
   34 2016 240 17 10 42 700 0      -5.93760520       0.00000000  0  0 f8 f0 08 04 03 0022 01 01
   34 2016 240 17 10 43 700 0      -5.92868459       0.00000000  0  0 f8 f0 08 04 03 0022 01 01
   34 2016 240 17 10 44 700 0      -5.91966413       0.00000000  0  0 f8 f0 08 04 03 0022 01 01
   34 2016 240 17 10 45 700 0      -5.91052235       0.00000000  0  0 f8 f0 08 04 03 0022 01 01
   34 2016 240 17 10 46 700 0      -5.90128225       0.00000000  0  0 f8 f0 08 04 03 0022 01 01
   34 2016 240 17 10 47 700 0      -5.89193755       0.00000000  0  0 f8 f0 08 04 03 0022 01 01
   34 2016 240 17 10 48 700 0      -5.88245023       0.00000000  0  0 f8 f0 08 04 03 0022 01 01
   34 2016 240 17 10 49 700 0      -5.87287283       0.00000000  0  0 f8 f0 08 04 03 0022 01 01
   35 2016 240 17 10 50 700 0      -5.86316533       0.00000000  0  0 f8 f0 08 04 03 0023 01 01
   35 2016 240 17 10 51 700 0      -5.85334751       0.00000000  0  0 f8 f0 08 04 03 0023 01 01
   35 2016 240 17 10 52 700 0      -5.84341624       0.00000000  0  0 f8 f0 08 04 03 0023 01 01
   35 2016 240 17 10 53 700 0      -5.83334081       0.00000000  0  0 f8 f0 08 04 03 0023 01 01
   35 2016 240 17 10 54 700 0      -5.82317531       0.00000000  0  0 f8 f0 08 04 03 0023 01 01
   35 2016 240 17 10 55 700 0      -5.81286831       0.00000000  0  0 f8 f0 08 04 03 0023 01 01
   35 2016 240 17 10 56 700 0      -5.80243474       0.00000000  0  0 f8 f0 08 04 03 0023 01 01
   35 2016 240 17 10 57 700 0      -5.79185814       0.00000000  0  0 f8 f0 08 04 03 0023 01 01
   35 2016 240 17 10 58 700 0      -5.78116962       0.00000000  0  0 f8 f0 08 04 03 0023 01 01
   35 2016 240 17 10 59 700 0      -5.77034833       0.00000000  0  0 f8 f0 08 04 03 0023 01 01
   36 2016 240 17 11 00 700 0      -5.75940685       0.00000000  0  0 f8 f0 08 04 03 0024 01 01
   36 2016 240 17 11 01 700 0      -5.74828685       0.00000000  0  0 f8 f0 08 04 03 0024 01 01
   36 2016 240 17 11 02 700 0      -5.73706118       0.00000000  0  0 f8 f0 08 04 03 0024 01 01
   36 2016 240 17 11 03 700 0      -5.72568822       0.00000000  0  0 f8 f0 08 04 03 0024 01 01
   36 2016 240 17 11 04 700 0      -5.71418256       0.00000000  0  0 f8 f0 08 04 03 0024 01 01
   36 2016 240 17 11 05 700 0      -5.70253014       0.00000000  0  0 f8 f0 08 04 03 0024 01 01
   36 2016 240 17 11 06 700 0      -5.69071743       0.00000000  0  0 f8 f0 08 04 03 0024 01 01
   36 2016 240 17 11 07 700 0      -5.67878555       0.00000000  0  0 f8 f0 08 04 03 0024 01 01
   36 2016 240 17 11 08 700 0      -5.66671156       0.00000000  0  0 f8 f0 08 04 03 0024 01 01
   36 2016 240 17 11 09 700 0      -5.65445851       0.00000000  0  0 f8 f0 08 04 03 0024 01 01
   37 2016 240 17 11 10 700 0      -5.64207168       0.00000000  0  0 f8 f0 08 04 03 0025 01 01
   37 2016 240 17 11 11 700 0      -5.62950432       0.00000000  0  0 f8 f0 08 04 03 0025 01 01
   37 2016 240 17 11 12 700 0      -5.61680159       0.00000000  0  0 f8 f0 08 04 03 0025 01 01
   37 2016 240 17 11 13 700 0      -5.60394591       0.00000000  0  0 f8 f0 08 04 03 0025 01 01
   37 2016 240 17 11 14 700 0      -5.59091582       0.00000000  0  0 f8 f0 08 04 03 0025 01 01
   37 2016 240 17 11 15 700 0      -5.57771764       0.00000000  0  0 f8 f0 08 04 03 0025 01 01
   37 2016 240 17 11 16 700 0      -5.56436745       0.00000000  0  0 f8 f0 08 04 03 0025 01 01
   37 2016 240 17 11 17 700 0      -5.55084818       0.00000000  0  0 f8 f0 08 04 03 0025 01 01
   37 2016 240 17 11 18 700 0      -5.53716129       0.00000000  0  0 f8 f0 08 04 03 0025 01 01
   37 2016 240 17 11 19 700 0      -5.52328235       0.00000000  0  0 f8 f0 08 04 03 0025 01 01
   38 2016 240 17 11 20 700 0      -5.50925557       0.00000000  0  0 f8 f0 08 04 03 0026 01 01
   38 2016 240 17 11 21 700 0      -5.49504353       0.00000000  0  0 f8 f0 08 04 03 0026 01 01
   38 2016 240 17 11 22 700 0      -5.48063370       0.00000000  0  0 f8 f0 08 04 03 0026 01 01
   38 2016 240 17 11 23 700 0      -5.46605580       0.00000000  0  0 f8 f0 08 04 03 0026 01 01
   38 2016 240 17 11 24 700 0      -5.45131707       0.00000000  0  0 f8 f0 08 04 03 0026 01 01
   38 2016 240 17 11 25 700 0      -5.43637069       0.00000000  0  0 f8 f0 08 04 03 0026 01 01
   38 2016 240 17 11 26 700 0      -5.42122026       0.00000000  0  0 f8 f0 08 04 03 0026 01 01
   38 2016 240 17 11 27 700 0      -5.40590589       0.00000000  0  0 f8 f0 08 04 03 0026 01 01
   38 2016 240 17 11 28 700 0      -5.39037973       0.00000000  0  0 f8 f0 08 04 03 0026 01 01
   38 2016 240 17 11 29 700 0      -5.37466924       0.00000000  0  0 f8 f0 08 04 03 0026 01 01
   39 2016 240 17 11 30 700 0      -5.35874023       0.00000000  0  0 f8 f0 08 04 03 0027 01 01
   39 2016 240 17 11 31 700 0      -5.34262230       0.00000000  0  0 f8 f0 08 04 03 0027 01 01
   39 2016 240 17 11 32 700 0      -5.32630445       0.00000000  0  0 f8 f0 08 04 03 0027 01 01
   39 2016 240 17 11 33 700 0      -5.30975556       0.00000000  0  0 f8 f0 08 04 03 0027 01 01
   39 2016 240 17 11 34 700 0      -5.29301254       0.00000000  0  0 f8 f0 08 04 03 0027 01 01
   39 2016 240 17 11 35 700 0      -5.27605927       0.00000000  0  0 f8 f0 08 04 03 0027 01 01
   39 2016 240 17 11 36 700 0      -5.25889309       0.00000000  0  0 f8 f0 08 04 03 0027 01 01
   39 2016 240 17 11 37 700 0      -5.24150161       0.00000000  0  0 f8 f0 08 04 03 0027 01 01
   39 2016 240 17 11 38 700 0      -5.22389095       0.00000000  0  0 f8 f0 08 04 03 0027 01 01
   39 2016 240 17 11 39 700 0      -5.20605758       0.00000000  0  0 f8 f0 08 04 03 0027 01 01
   40 2016 240 17 11 40 700 0      -5.18798319       0.00000000  0  0 f8 f0 08 04 03 0028 01 01
   40 2016 240 17 11 41 700 0      -5.16970381       0.00000000  0  0 f8 f0 08 04 03 0028 01 01
   40 2016 240 17 11 42 700 0      -5.15116568       0.00000000  0  0 f8 f0 08 04 03 0028 01 01
   40 2016 240 17 11 43 700 0      -5.13241211       0.00000000  0  0 f8 f0 08 04 03 0028 01 01
   40 2016 240 17 11 44 700 0      -5.11341758       0.00000000  0  0 f8 f0 08 04 03 0028 01 01
   40 2016 240 17 11 45 700 0      -5.09415763       0.00000000  0  0 f8 f0 08 04 03 0028 01 01
   40 2016 240 17 11 46 700 0      -5.07467698       0.00000000  0  0 f8 f0 08 04 03 0028 01 01
   40 2016 240 17 11 47 700 0      -5.05492985       0.00000000  0  0 f8 f0 08 04 03 0028 01 01
   40 2016 240 17 11 48 700 0      -5.03494543       0.00000000  0  0 f8 f0 08 04 03 0028 01 01
   40 2016 240 17 11 49 700 0      -5.01470545       0.00000000  0  0 f8 f0 08 04 03 0028 01 01
   41 2016 240 17 11 50 700 0      -4.99421092       0.00000000  0  0 f8 f0 08 04 03 0029 01 01
   41 2016 240 17 11 51 700 0      -4.97345465       0.00000000  0  0 f8 f0 08 04 03 0029 01 01
   41 2016 240 17 11 52 700 0      -4.95242144       0.00000000  0  0 f8 f0 08 04 03 0029 01 01
   41 2016 240 17 11 53 700 0      -4.93112855       0.00000000  0  0 f8 f0 08 04 03 0029 01 01
   41 2016 240 17 11 54 700 0      -4.90956086       0.00000000  0  0 f8 f0 08 04 03 0029 01 01
   41 2016 240 17 11 55 700 0      -4.88772615       0.00000000  0  0 f8 f0 08 04 03 0029 01 01
   41 2016 240 17 11 56 700 0      -4.86562084       0.00000000  0  0 f8 f0 08 04 03 0029 01 01
   41 2016 240 17 11 57 700 0      -4.84321361       0.00000000  0  0 f8 f0 08 04 03 0029 01 01
   41 2016 240 17 11 58 700 0      -4.82053371       0.00000000  0  0 f8 f0 08 04 03 0029 01 01
   41 2016 240 17 11 59 700 0      -4.79757694       0.00000000  0  0 f8 f0 08 04 03 0029 01 01
   42 2016 240 17 12 00 700 0      -4.77432712       0.00000000  0  0 f8 f0 08 04 03 002a 01 01
   42 2016 240 17 12 01 700 0      -4.75075925       0.00000000  0  0 f8 f0 08 04 03 002a 01 01
   42 2016 240 17 12 02 700 0      -4.72691298       0.00000000  0  0 f8 f0 08 04 03 002a 01 01
   42 2016 240 17 12 03 700 0      -4.70276325       0.00000000  0  0 f8 f0 08 04 03 002a 01 01
   42 2016 240 17 12 04 700 0      -4.67830389       0.00000000  0  0 f8 f0 08 04 03 002a 01 01
   42 2016 240 17 12 05 700 0      -4.65356345       0.00000000  0  0 f8 f0 08 04 03 002a 01 01
   42 2016 240 17 12 06 700 0      -4.62847953       0.00000000  0  0 f8 f0 08 04 03 002a 01 01
   42 2016 240 17 12 07 700 0      -4.60310148       0.00000000  0  0 f8 f0 08 04 03 002a 01 01
   42 2016 240 17 12 08 700 0      -4.57738260       0.00000000  0  0 f8 f0 08 04 03 002a 01 01
   42 2016 240 17 12 09 700 0      -4.55137740       0.00000000  0  0 f8 f0 08 04 03 002a 01 01
   43 2016 240 17 12 10 700 0      -4.52502045       0.00000000  0  0 f8 f0 08 04 03 002b 01 01
   43 2016 240 17 12 11 700 0      -4.49835171       0.00000000  0  0 f8 f0 08 04 03 002b 01 01
   43 2016 240 17 12 12 700 0      -4.47134308       0.00000000  0  0 f8 f0 08 04 03 002b 01 01
   43 2016 240 17 12 13 700 0      -4.44399403       0.00000000  0  0 f8 f0 08 04 03 002b 01 01
   43 2016 240 17 12 14 700 0      -4.41632547       0.00000000  0  0 f8 f0 08 04 03 002b 01 01
   43 2016 240 17 12 15 700 0      -4.38829570       0.00000000  0  0 f8 f0 08 04 03 002b 01 01
   43 2016 240 17 12 16 700 0      -4.35993310       0.00000000  0  0 f8 f0 08 04 03 002b 01 01
   43 2016 240 17 12 17 700 0      -4.33121215       0.00000000  0  0 f8 f0 08 04 03 002b 01 01
   43 2016 240 17 12 18 700 0      -4.30216876       0.00000000  0  0 f8 f0 08 04 03 002b 01 01
   43 2016 240 17 12 19 700 0      -4.27271632       0.00000000  0  0 f8 f0 08 04 03 002b 01 01
   44 2016 240 17 12 20 700 0      -4.24296170       0.00000000  0  0 f8 f0 08 04 03 002c 01 01
   44 2016 240 17 12 21 700 0      -4.21283421       0.00000000  0  0 f8 f0 08 04 03 002c 01 01
   44 2016 240 17 12 22 700 0      -4.18232025       0.00000000  0  0 f8 f0 08 04 03 002c 01 01
   44 2016 240 17 12 23 700 0      -4.15146121       0.00000000  0  0 f8 f0 08 04 03 002c 01 01
   44 2016 240 17 12 24 700 0      -4.12022096       0.00000000  0  0 f8 f0 08 04 03 002c 01 01
   44 2016 240 17 12 25 700 0      -4.08861584       0.00000000  0  0 f8 f0 08 04 03 002c 01 01
   44 2016 240 17 12 26 700 0      -4.05661880       0.00000000  0  0 f8 f0 08 04 03 002c 01 01
   44 2016 240 17 12 27 700 0      -4.02425954       0.00000000  0  0 f8 f0 08 04 03 002c 01 01
   44 2016 240 17 12 28 700 0      -3.99151042       0.00000000  0  0 f8 f0 08 04 03 002c 01 01
   44 2016 240 17 12 29 700 0      -3.95838476       0.00000000  0  0 f8 f0 08 04 03 002c 01 01
   45 2016 240 17 12 30 700 0      -3.92486745       0.00000000  0  0 f8 f0 08 04 03 002d 01 01
   45 2016 240 17 12 31 700 0      -3.89097800       0.00000000  0  0 f8 f0 08 04 03 002d 01 01
   45 2016 240 17 12 32 700 0      -3.85666644       0.00000000  0  0 f8 f0 08 04 03 002d 01 01
   45 2016 240 17 12 33 700 0      -3.82196761       0.00000000  0  0 f8 f0 08 04 03 002d 01 01
   45 2016 240 17 12 34 700 0      -3.78689359       0.00000000  0  0 f8 f0 08 04 03 002d 01 01
   45 2016 240 17 12 35 700 0      -3.75140212       0.00000000  0  0 f8 f0 08 04 03 002d 01 01
   45 2016 240 17 12 36 700 0      -3.71551585       0.00000000  0  0 f8 f0 08 04 03 002d 01 01
   45 2016 240 17 12 37 700 0      -3.67922161       0.00000000  0  0 f8 f0 08 04 03 002d 01 01
   45 2016 240 17 12 38 700 0      -3.64252105       0.00000000  0  0 f8 f0 08 04 03 002d 01 01
   45 2016 240 17 12 39 700 0      -3.60541170       0.00000000  0  0 f8 f0 08 04 03 002d 01 01
   46 2016 240 17 12 40 700 0      -3.56789171       0.00000000  0  0 f8 f0 08 04 03 002e 01 01
   46 2016 240 17 12 41 700 0      -3.52996186       0.00000000  0  0 f8 f0 08 04 03 002e 01 01
   46 2016 240 17 12 42 700 0      -3.49164189       0.00000000  0  0 f8 f0 08 04 03 002e 01 01
   46 2016 240 17 12 43 700 0      -3.45289928       0.00000000  0  0 f8 f0 08 04 03 002e 01 01
   46 2016 240 17 12 44 700 0      -3.41373196       0.00000000  0  0 f8 f0 08 04 03 002e 01 01
   46 2016 240 17 12 45 700 0      -3.37415139       0.00000000  0  0 f8 f0 08 04 03 002e 01 01
   46 2016 240 17 12 46 700 0      -3.33414691       0.00000000  0  0 f8 f0 08 04 03 002e 01 01
   46 2016 240 17 12 47 700 0      -3.29373985       0.00000000  0  0 f8 f0 08 04 03 002e 01 01
   46 2016 240 17 12 48 700 0      -3.25292086       0.00000000  0  0 f8 f0 08 04 03 002e 01 01
   46 2016 240 17 12 49 700 0      -3.21165938       0.00000000  0  0 f8 f0 08 04 03 002e 01 01
   47 2016 240 17 12 50 700 0      -3.16998366       0.00000000  0  0 f8 f0 08 04 03 002f 01 01
   47 2016 240 17 12 51 700 0      -3.12789388       0.00000000  0  0 f8 f0 08 04 03 002f 01 01
   47 2016 240 17 12 52 700 0      -3.08539345       0.00000000  0  0 f8 f0 08 04 03 002f 01 01
   47 2016 240 17 12 53 700 0      -3.04246784       0.00000000  0  0 f8 f0 08 04 03 002f 01 01
   47 2016 240 17 12 54 700 0      -2.99912033       0.00000000  0  0 f8 f0 08 04 03 002f 01 01
   47 2016 240 17 12 55 700 0      -2.95537308       0.00000000  0  0 f8 f0 08 04 03 002f 01 01
   47 2016 240 17 12 56 700 0      -2.91119333       0.00000000  0  0 f8 f0 08 04 03 002f 01 01
   47 2016 240 17 12 57 700 0      -2.86661592       0.00000000  0  0 f8 f0 08 04 03 002f 01 01
   47 2016 240 17 12 58 700 0      -2.82159328       0.00000000  0  0 f8 f0 08 04 03 002f 01 01
   47 2016 240 17 12 59 700 0      -2.77618676       0.00000000  0  0 f8 f0 08 04 03 002f 01 01
   48 2016 240 17 13 00 700 0      -2.73036519       0.00000000  0  0 f8 f0 08 04 03 0030 01 01
   48 2016 240 17 13 01 700 0      -2.68412091       0.00000000  0  0 f8 f0 08 04 03 0030 01 01
   48 2016 240 17 13 02 700 0      -2.63749441       0.00000000  0  0 f8 f0 08 04 03 0030 01 01
   48 2016 240 17 13 03 700 0      -2.59044814       0.00000000  0  0 f8 f0 08 04 03 0030 01 01
   48 2016 240 17 13 04 700 0      -2.54299793       0.00000000  0  0 f8 f0 08 04 03 0030 01 01
   48 2016 240 17 13 05 700 0      -2.49515266       0.00000000  0  0 f8 f0 08 04 03 0030 01 01
   48 2016 240 17 13 06 700 0      -2.44694490       0.00000000  0  0 f8 f0 08 04 03 0030 01 01
   48 2016 240 17 13 07 700 0      -2.39828457       0.00000000  0  0 f8 f0 08 04 03 0030 01 01
   48 2016 240 17 13 08 700 0      -2.34928260       0.00000000  0  0 f8 f0 08 04 03 0030 01 01
   48 2016 240 17 13 09 700 0      -2.29987977       0.00000000  0  0 f8 f0 08 04 03 0030 01 01
   49 2016 240 17 13 10 700 0      -2.25008453       0.00000000  0  0 f8 f0 08 04 03 0031 01 01
   49 2016 240 17 13 11 700 0      -2.19993226       0.00000000  0  0 f8 f0 08 04 03 0031 01 01
   49 2016 240 17 13 12 700 0      -2.14940311       0.00000000  0  0 f8 f0 08 04 03 0031 01 01
   49 2016 240 17 13 13 700 0      -2.09851566       0.00000000  0  0 f8 f0 08 04 03 0031 01 01
   49 2016 240 17 13 14 700 0      -2.04727538       0.00000000  0  0 f8 f0 08 04 03 0031 01 01
   49 2016 240 17 13 15 700 0      -1.99565987       0.00000000  0  0 f8 f0 08 04 03 0031 01 01
   49 2016 240 17 13 16 700 0      -1.94370146       0.00000000  0  0 f8 f0 08 04 03 0031 01 01
   49 2016 240 17 13 17 700 0      -1.89140706       0.00000000  0  0 f8 f0 08 04 03 0031 01 01
   49 2016 240 17 13 18 700 0      -1.83876023       0.00000000  0  0 f8 f0 08 04 03 0031 01 01
   49 2016 240 17 13 19 700 0      -1.78579960       0.00000000  0  0 f8 f0 08 04 03 0031 01 01
   50 2016 240 17 13 20 700 0      -1.73252211       0.00000000  0  0 f8 f0 08 04 03 0032 01 01
   50 2016 240 17 13 21 700 0      -1.67890944       0.00000000  0  0 f8 f0 08 04 03 0032 01 01
   50 2016 240 17 13 22 700 0      -1.62499962       0.00000000  0  0 f8 f0 08 04 03 0032 01 01
   50 2016 240 17 13 23 700 0      -1.57078520       0.00000000  0  0 f8 f0 08 04 03 0032 01 01
   50 2016 240 17 13 24 700 0      -1.51628716       0.00000000  0  0 f8 f0 08 04 03 0032 01 01
   50 2016 240 17 13 25 700 0      -1.46149756       0.00000000  0  0 f8 f0 08 04 03 0032 01 01
   50 2016 240 17 13 26 700 0      -1.40642262       0.00000000  0  0 f8 f0 08 04 03 0032 01 01
   50 2016 240 17 13 27 700 0      -1.35107344       0.00000000  0  0 f8 f0 08 04 03 0032 01 01
   50 2016 240 17 13 28 700 0      -1.29549175       0.00000000  0  0 f8 f0 08 04 03 0032 01 01
   50 2016 240 17 13 29 700 0      -1.23965154       0.00000000  0  0 f8 f0 08 04 03 0032 01 01
   51 2016 240 17 13 30 700 0      -1.18357195       0.00000000  0  0 f8 f0 08 04 03 0033 01 01
   51 2016 240 17 13 31 700 0      -1.12724405       0.00000000  0  0 f8 f0 08 04 03 0033 01 01
   51 2016 240 17 13 32 700 0      -1.07072179       0.00000000  0  0 f8 f0 08 04 03 0033 01 01
   51 2016 240 17 13 33 700 0      -1.01397534       0.00000000  0  0 f8 f0 08 04 03 0033 01 01
   51 2016 240 17 13 34 700 0      -0.95702048       0.00000000  0  0 f8 f0 08 04 03 0033 01 01
   51 2016 240 17 13 35 700 0      -0.89989918       0.00000000  0  0 f8 f0 08 04 03 0033 01 01
   51 2016 240 17 13 36 700 0      -0.84259418       0.00000000  0  0 f8 f0 08 04 03 0033 01 01
   51 2016 240 17 13 37 700 0      -0.78509310       0.00000000  0  0 f8 f0 08 04 03 0033 01 01
   51 2016 240 17 13 38 700 0      -0.72745882       0.00000000  0  0 f8 f0 08 04 03 0033 01 01
   51 2016 240 17 13 39 700 0      -0.66966224       0.00000000  0  0 f8 f0 08 04 03 0033 01 01
   52 2016 240 17 13 40 700 0      -0.61176150       0.00000000  0  0 f8 f0 08 04 03 0034 01 01
   52 2016 240 17 13 41 700 0      -0.55368567       0.00000000  0  0 f8 f0 08 04 03 0034 01 01
   52 2016 240 17 13 42 700 0      -0.49551827       0.00000000  0  0 f8 f0 08 04 03 0034 01 01
   52 2016 240 17 13 43 700 0      -0.43725479       0.00000000  0  0 f8 f0 08 04 03 0034 01 01
   52 2016 240 17 13 44 700 0      -0.37890481       0.00000000  0  0 f8 f0 08 04 03 0034 01 01
   52 2016 240 17 13 45 700 0      -0.32047426       0.00000000  0  0 f8 f0 08 04 03 0034 01 01
   52 2016 240 17 13 46 700 0      -0.26196735       0.00000000  0  0 f8 f0 08 04 03 0034 01 01
   52 2016 240 17 13 47 700 0      -0.20342450       0.00000000  0  0 f8 f0 08 04 03 0034 01 01
   52 2016 240 17 13 48 700 0      -0.14482354       0.00000000  0  0 f8 f0 08 04 03 0034 01 01
   52 2016 240 17 13 49 700 0      -0.08621396       0.00000000  0  0 f8 f0 08 04 03 0034 01 01
   53 2016 240 17 13 50 700 0      -0.02756225       0.00000000  0  0 f8 f0 08 04 03 0035 01 01
   53 2016 240 17 13 51 700 0       0.03108788       0.00000000  0  0 f8 f0 08 04 03 0035 01 01
   53 2016 240 17 13 52 700 0       0.08973404       0.00000000  0  0 f8 f0 08 04 03 0035 01 01
   53 2016 240 17 13 53 700 0       0.14833771       0.00000000  0  0 f8 f0 08 04 03 0035 01 01
   53 2016 240 17 13 54 700 0       0.20694248       0.00000000  0  0 f8 f0 08 04 03 0035 01 01
   53 2016 240 17 13 55 700 0       0.26550217       0.00000000  0  0 f8 f0 08 04 03 0035 01 01
   53 2016 240 17 13 56 700 0       0.32399758       0.00000000  0  0 f8 f0 08 04 03 0035 01 01
   53 2016 240 17 13 57 700 0       0.38241781       0.00000000  0  0 f8 f0 08 04 03 0035 01 01
   53 2016 240 17 13 58 700 0       0.44077884       0.00000000  0  0 f8 f0 08 04 03 0035 01 01
   53 2016 240 17 13 59 700 0       0.49904275       0.00000000  0  0 f8 f0 08 04 03 0035 01 01
   54 2016 240 17 14 00 700 0       0.55720456       0.00000000  0  0 f8 f0 08 04 03 0036 01 01
   54 2016 240 17 14 01 700 0       0.61525613       0.00000000  0  0 f8 f0 08 04 03 0036 01 01
   54 2016 240 17 14 02 700 0       0.67317675       0.00000000  0  0 f8 f0 08 04 03 0036 01 01
   54 2016 240 17 14 03 700 0       0.73096102       0.00000000  0  0 f8 f0 08 04 03 0036 01 01
   54 2016 240 17 14 04 700 0       0.78859721       0.00000000  0  0 f8 f0 08 04 03 0036 01 01
   54 2016 240 17 14 05 700 0       0.84608752       0.00000000  0  0 f8 f0 08 04 03 0036 01 01
   54 2016 240 17 14 06 700 0       0.90339045       0.00000000  0  0 f8 f0 08 04 03 0036 01 01
   54 2016 240 17 14 07 700 0       0.96053805       0.00000000  0  0 f8 f0 08 04 03 0036 01 01
   54 2016 240 17 14 08 700 0       1.01749193       0.00000000  0  0 f8 f0 08 04 03 0036 01 01
   54 2016 240 17 14 09 700 0       1.07421659       0.00000000  0  0 f8 f0 08 04 03 0036 01 01
   55 2016 240 17 14 10 700 0       1.13075386       0.00000000  0  0 f8 f0 08 04 03 0037 01 01
   55 2016 240 17 14 11 700 0       1.18706138       0.00000000  0  0 f8 f0 08 04 03 0037 01 01
   55 2016 240 17 14 12 700 0       1.24313995       0.00000000  0  0 f8 f0 08 04 03 0037 01 01
   55 2016 240 17 14 13 700 0       1.29897537       0.00000000  0  0 f8 f0 08 04 03 0037 01 01
   55 2016 240 17 14 14 700 0       1.35458190       0.00000000  0  0 f8 f0 08 04 03 0037 01 01
   55 2016 240 17 14 15 700 0       1.40992210       0.00000000  0  0 f8 f0 08 04 03 0037 01 01
   55 2016 240 17 14 16 700 0       1.46498125       0.00000000  0  0 f8 f0 08 04 03 0037 01 01
   55 2016 240 17 14 17 700 0       1.51977486       0.00000000  0  0 f8 f0 08 04 03 0037 01 01
   55 2016 240 17 14 18 700 0       1.57425577       0.00000000  0  0 f8 f0 08 04 03 0037 01 01
   55 2016 240 17 14 19 700 0       1.62847222       0.00000000  0  0 f8 f0 08 04 03 0037 01 01
   56 2016 240 17 14 20 700 0       1.68238276       0.00000000  0  0 f8 f0 08 04 03 0038 01 01
   56 2016 240 17 14 21 700 0       1.73596581       0.00000000  0  0 f8 f0 08 04 03 0038 01 01
   56 2016 240 17 14 22 700 0       1.78927366       0.00000000  0  0 f8 f0 08 04 03 0038 01 01
   56 2016 240 17 14 23 700 0       1.84222072       0.00000000  0  0 f8 f0 08 04 03 0038 01 01
   56 2016 240 17 14 24 700 0       1.89485827       0.00000000  0  0 f8 f0 08 04 03 0038 01 01
   56 2016 240 17 14 25 700 0       1.94716320       0.00000000  0  0 f8 f0 08 04 03 0038 01 01
   56 2016 240 17 14 26 700 0       1.99910605       0.00000000  0  0 f8 f0 08 04 03 0038 01 01
   56 2016 240 17 14 27 700 0       2.05069670       0.00000000  0  0 f8 f0 08 04 03 0038 01 01
   56 2016 240 17 14 28 700 0       2.10196785       0.00000000  0  0 f8 f0 08 04 03 0038 01 01
   56 2016 240 17 14 29 700 0       2.15285162       0.00000000  0  0 f8 f0 08 04 03 0038 01 01
   57 2016 240 17 14 30 700 0       2.20336558       0.00000000  0  0 f8 f0 08 04 03 0039 01 01
   57 2016 240 17 14 31 700 0       2.25352900       0.00000000  0  0 f8 f0 08 04 03 0039 01 01
   57 2016 240 17 14 32 700 0       2.30332415       0.00000000  0  0 f8 f0 08 04 03 0039 01 01
   57 2016 240 17 14 33 700 0       2.35271186       0.00000000  0  0 f8 f0 08 04 03 0039 01 01
   57 2016 240 17 14 34 700 0       2.40171905       0.00000000  0  0 f8 f0 08 04 03 0039 01 01
   57 2016 240 17 14 35 700 0       2.45034031       0.00000000  0  0 f8 f0 08 04 03 0039 01 01
   57 2016 240 17 14 36 700 0       2.49857258       0.00000000  0  0 f8 f0 08 04 03 0039 01 01
   57 2016 240 17 14 37 700 0       2.54641473       0.00000000  0  0 f8 f0 08 04 03 0039 01 01
   57 2016 240 17 14 38 700 0       2.59387749       0.00000000  0  0 f8 f0 08 04 03 0039 01 01
   57 2016 240 17 14 39 700 0       2.64091448       0.00000000  0  0 f8 f0 08 04 03 0039 01 01
   58 2016 240 17 14 40 700 0       2.68755156       0.00000000  0  0 f8 f0 08 04 03 003a 01 01
   58 2016 240 17 14 41 700 0       2.73378832       0.00000000  0  0 f8 f0 08 04 03 003a 01 01
   58 2016 240 17 14 42 700 0       2.77961810       0.00000000  0  0 f8 f0 08 04 03 003a 01 01
   58 2016 240 17 14 43 700 0       2.82502038       0.00000000  0  0 f8 f0 08 04 03 003a 01 01
   58 2016 240 17 14 44 700 0       2.87000989       0.00000000  0  0 f8 f0 08 04 03 003a 01 01
   58 2016 240 17 14 45 700 0       2.91461761       0.00000000  0  0 f8 f0 08 04 03 003a 01 01
   58 2016 240 17 14 46 700 0       2.95880195       0.00000000  0  0 f8 f0 08 04 03 003a 01 01
   58 2016 240 17 14 47 700 0       3.00254860       0.00000000  0  0 f8 f0 08 04 03 003a 01 01
   58 2016 240 17 14 48 700 0       3.04586842       0.00000000  0  0 f8 f0 08 04 03 003a 01 01
   58 2016 240 17 14 49 700 0       3.08880338       0.00000000  0  0 f8 f0 08 04 03 003a 01 01
   59 2016 240 17 14 50 700 0       3.13130610       0.00000000  0  0 f8 f0 08 04 03 003b 01 01
   59 2016 240 17 14 51 700 0       3.17340671       0.00000000  0  0 f8 f0 08 04 03 003b 01 01
   59 2016 240 17 14 52 700 0       3.21506836       0.00000000  0  0 f8 f0 08 04 03 003b 01 01
   59 2016 240 17 14 53 700 0       3.25632662       0.00000000  0  0 f8 f0 08 04 03 003b 01 01
   59 2016 240 17 14 54 700 0       3.29714299       0.00000000  0  0 f8 f0 08 04 03 003b 01 01
   59 2016 240 17 14 55 700 0       3.33756277       0.00000000  0  0 f8 f0 08 04 03 003b 01 01
   59 2016 240 17 14 56 700 0       3.37755398       0.00000000  0  0 f8 f0 08 04 03 003b 01 01
   59 2016 240 17 14 57 700 0       3.41712488       0.00000000  0  0 f8 f0 08 04 03 003b 01 01
   59 2016 240 17 14 58 700 0       3.45630619       0.00000000  0  0 f8 f0 08 04 03 003b 01 01
   59 2016 240 17 14 59 700 0       3.49505426       0.00000000  0  0 f8 f0 08 04 03 003b 01 01
   60 2016 240 17 15 00 700 0       3.53339342       0.00000000  0  0 f8 f0 08 04 03 003c 01 01
   60 2016 240 17 15 01 700 0       3.57131394       0.00000000  0  0 f8 f0 08 04 03 003c 01 01
   60 2016 240 17 15 02 700 0       3.60882633       0.00000000  0  0 f8 f0 08 04 03 003c 01 01
   60 2016 240 17 15 03 700 0       3.64592841       0.00000000  0  0 f8 f0 08 04 03 003c 01 01
   60 2016 240 17 15 04 700 0       3.68263277       0.00000000  0  0 f8 f0 08 04 03 003c 01 01
   60 2016 240 17 15 05 700 0       3.71893040       0.00000000  0  0 f8 f0 08 04 03 003c 01 01
   60 2016 240 17 15 06 700 0       3.75481712       0.00000000  0  0 f8 f0 08 04 03 003c 01 01
   60 2016 240 17 15 07 700 0       3.79029685       0.00000000  0  0 f8 f0 08 04 03 003c 01 01
   60 2016 240 17 15 08 700 0       3.82540837       0.00000000  0  0 f8 f0 08 04 03 003c 01 01
   60 2016 240 17 15 09 700 0       3.86010371       0.00000000  0  0 f8 f0 08 04 03 003c 01 01
   61 2016 240 17 15 10 700 0       3.89441185       0.00000000  0  0 f8 f0 08 04 03 003d 01 01
   61 2016 240 17 15 11 700 0       3.92831739       0.00000000  0  0 f8 f0 08 04 03 003d 01 01
   61 2016 240 17 15 12 700 0       3.96181875       0.00000000  0  0 f8 f0 08 04 03 003d 01 01
   61 2016 240 17 15 13 700 0       3.99497821       0.00000000  0  0 f8 f0 08 04 03 003d 01 01
   61 2016 240 17 15 14 700 0       4.02772361       0.00000000  0  0 f8 f0 08 04 03 003d 01 01
   61 2016 240 17 15 15 700 0       4.06008748       0.00000000  0  0 f8 f0 08 04 03 003d 01 01
   61 2016 240 17 15 16 700 0       4.09208207       0.00000000  0  0 f8 f0 08 04 03 003d 01 01
   61 2016 240 17 15 17 700 0       4.12368266       0.00000000  0  0 f8 f0 08 04 03 003d 01 01
   61 2016 240 17 15 18 700 0       4.15493382       0.00000000  0  0 f8 f0 08 04 03 003d 01 01
   61 2016 240 17 15 19 700 0       4.18581224       0.00000000  0  0 f8 f0 08 04 03 003d 01 01
   62 2016 240 17 15 20 700 0       4.21631564       0.00000000  0  0 f8 f0 08 04 03 003e 01 01
   62 2016 240 17 15 21 700 0       4.24646103       0.00000000  0  0 f8 f0 08 04 03 003e 01 01
   62 2016 240 17 15 22 700 0       4.27624252       0.00000000  0  0 f8 f0 08 04 03 003e 01 01
   62 2016 240 17 15 23 700 0       4.30565427       0.00000000  0  0 f8 f0 08 04 03 003e 01 01
   62 2016 240 17 15 24 700 0       4.33474304       0.00000000  0  0 f8 f0 08 04 03 003e 01 01
   62 2016 240 17 15 25 700 0       4.36344667       0.00000000  0  0 f8 f0 08 04 03 003e 01 01
   62 2016 240 17 15 26 700 0       4.39183178       0.00000000  0  0 f8 f0 08 04 03 003e 01 01
   62 2016 240 17 15 27 700 0       4.41984548       0.00000000  0  0 f8 f0 08 04 03 003e 01 01
   62 2016 240 17 15 28 700 0       4.44753439       0.00000000  0  0 f8 f0 08 04 03 003e 01 01
   62 2016 240 17 15 29 700 0       4.47488554       0.00000000  0  0 f8 f0 08 04 03 003e 01 01
   63 2016 240 17 15 30 700 0       4.50190258       0.00000000  0  0 f8 f0 08 04 03 003f 01 01
   63 2016 240 17 15 31 700 0       4.52859897       0.00000000  0  0 f8 f0 08 04 03 003f 01 01
   63 2016 240 17 15 32 700 0       4.55494400       0.00000000  0  0 f8 f0 08 04 03 003f 01 01
   63 2016 240 17 15 33 700 0       4.58098250       0.00000000  0  0 f8 f0 08 04 03 003f 01 01
   63 2016 240 17 15 34 700 0       4.60669209       0.00000000  0  0 f8 f0 08 04 03 003f 01 01
   63 2016 240 17 15 35 700 0       4.63208463       0.00000000  0  0 f8 f0 08 04 03 003f 01 01
   63 2016 240 17 15 36 700 0       4.65716024       0.00000000  0  0 f8 f0 08 04 03 003f 01 01
   63 2016 240 17 15 37 700 0       4.68193140       0.00000000  0  0 f8 f0 08 04 03 003f 01 01
   63 2016 240 17 15 38 700 0       4.70639383       0.00000000  0  0 f8 f0 08 04 03 003f 01 01
   63 2016 240 17 15 39 700 0       4.73054454       0.00000000  0  0 f8 f0 08 04 03 003f 01 01
   64 2016 240 17 15 40 700 0       4.75442516       0.00000000  0  0 f8 f0 08 04 03 0040 01 01
   64 2016 240 17 15 41 700 0       4.77796948       0.00000000  0  0 f8 f0 08 04 03 0040 01 01
   64 2016 240 17 15 42 700 0       4.80122859       0.00000000  0  0 f8 f0 08 04 03 0040 01 01
   64 2016 240 17 15 43 700 0       4.82421708       0.00000000  0  0 f8 f0 08 04 03 0040 01 01
   64 2016 240 17 15 44 700 0       4.84691823       0.00000000  0  0 f8 f0 08 04 03 0040 01 01
   64 2016 240 17 15 45 700 0       4.86932691       0.00000000  0  0 f8 f0 08 04 03 0040 01 01
   64 2016 240 17 15 46 700 0       4.89143259       0.00000000  0  0 f8 f0 08 04 03 0040 01 01
   64 2016 240 17 15 47 700 0       4.91330104       0.00000000  0  0 f8 f0 08 04 03 0040 01 01
   64 2016 240 17 15 48 700 0       4.93487588       0.00000000  0  0 f8 f0 08 04 03 0040 01 01
   64 2016 240 17 15 49 700 0       4.95616078       0.00000000  0  0 f8 f0 08 04 03 0040 01 01
   65 2016 240 17 15 50 700 0       4.97719691       0.00000000  0  0 f8 f0 08 04 03 0041 01 01
   65 2016 240 17 15 51 700 0       4.99798841       0.00000000  0  0 f8 f0 08 04 03 0041 01 01
   65 2016 240 17 15 52 700 0       5.01849310       0.00000000  0  0 f8 f0 08 04 03 0041 01 01
   65 2016 240 17 15 53 700 0       5.03874076       0.00000000  0  0 f8 f0 08 04 03 0041 01 01
   65 2016 240 17 15 54 700 0       5.05875931       0.00000000  0  0 f8 f0 08 04 03 0041 01 01
   65 2016 240 17 15 55 700 0       5.07850671       0.00000000  0  0 f8 f0 08 04 03 0041 01 01
   65 2016 240 17 15 56 700 0       5.09799128       0.00000000  0  0 f8 f0 08 04 03 0041 01 01
   65 2016 240 17 15 57 700 0       5.11725101       0.00000000  0  0 f8 f0 08 04 03 0041 01 01
   65 2016 240 17 15 58 700 0       5.13628641       0.00000000  0  0 f8 f0 08 04 03 0041 01 01
   65 2016 240 17 15 59 700 0       5.15504700       0.00000000  0  0 f8 f0 08 04 03 0041 01 01
   66 2016 240 17 16 00 700 0       5.17357388       0.00000000  0  0 f8 f0 08 04 03 0042 01 01
   66 2016 240 17 16 01 700 0       5.19188997       0.00000000  0  0 f8 f0 08 04 03 0042 01 01
   66 2016 240 17 16 02 700 0       5.20995409       0.00000000  0  0 f8 f0 08 04 03 0042 01 01
   66 2016 240 17 16 03 700 0       5.22782674       0.00000000  0  0 f8 f0 08 04 03 0042 01 01
   66 2016 240 17 16 04 700 0       5.24543703       0.00000000  0  0 f8 f0 08 04 03 0042 01 01
   66 2016 240 17 16 05 700 0       5.26284120       0.00000000  0  0 f8 f0 08 04 03 0042 01 01
   66 2016 240 17 16 06 700 0       5.28003250       0.00000000  0  0 f8 f0 08 04 03 0042 01 01
   66 2016 240 17 16 07 700 0       5.29700055       0.00000000  0  0 f8 f0 08 04 03 0042 01 01
   66 2016 240 17 16 08 700 0       5.31375721       0.00000000  0  0 f8 f0 08 04 03 0042 01 01
   66 2016 240 17 16 09 700 0       5.33031201       0.00000000  0  0 f8 f0 08 04 03 0042 01 01
   67 2016 240 17 16 10 700 0       5.34664761       0.00000000  0  0 f8 f0 08 04 03 0043 01 01
   67 2016 240 17 16 11 700 0       5.36277143       0.00000000  0  0 f8 f0 08 04 03 0043 01 01
   67 2016 240 17 16 12 700 0       5.37872502       0.00000000  0  0 f8 f0 08 04 03 0043 01 01
   67 2016 240 17 16 13 700 0       5.39443917       0.00000000  0  0 f8 f0 08 04 03 0043 01 01
   67 2016 240 17 16 14 700 0       5.40999770       0.00000000  0  0 f8 f0 08 04 03 0043 01 01
   67 2016 240 17 16 15 700 0       5.42532098       0.00000000  0  0 f8 f0 08 04 03 0043 01 01
   67 2016 240 17 16 16 700 0       5.44048809       0.00000000  0  0 f8 f0 08 04 03 0043 01 01
   67 2016 240 17 16 17 700 0       5.45544602       0.00000000  0  0 f8 f0 08 04 03 0043 01 01
   67 2016 240 17 16 18 700 0       5.47020820       0.00000000  0  0 f8 f0 08 04 03 0043 01 01
   67 2016 240 17 16 19 700 0       5.48483041       0.00000000  0  0 f8 f0 08 04 03 0043 01 01
   68 2016 240 17 16 20 700 0       5.49924123       0.00000000  0  0 f8 f0 08 04 03 0044 01 01
   68 2016 240 17 16 21 700 0       5.51345538       0.00000000  0  0 f8 f0 08 04 03 0044 01 01
   68 2016 240 17 16 22 700 0       5.52750084       0.00000000  0  0 f8 f0 08 04 03 0044 01 01
   68 2016 240 17 16 23 700 0       5.54138967       0.00000000  0  0 f8 f0 08 04 03 0044 01 01
   68 2016 240 17 16 24 700 0       5.55510568       0.00000000  0  0 f8 f0 08 04 03 0044 01 01
   68 2016 240 17 16 25 700 0       5.56862863       0.00000000  0  0 f8 f0 08 04 03 0044 01 01
   68 2016 240 17 16 26 700 0       5.58200993       0.00000000  0  0 f8 f0 08 04 03 0044 01 01
   68 2016 240 17 16 27 700 0       5.59520702       0.00000000  0  0 f8 f0 08 04 03 0044 01 01
   68 2016 240 17 16 28 700 0       5.60825787       0.00000000  0  0 f8 f0 08 04 03 0044 01 01
   68 2016 240 17 16 29 700 0       5.62113950       0.00000000  0  0 f8 f0 08 04 03 0044 01 01
   69 2016 240 17 16 30 700 0       5.63385518       0.00000000  0  0 f8 f0 08 04 03 0045 01 01
   69 2016 240 17 16 31 700 0       5.64642195       0.00000000  0  0 f8 f0 08 04 03 0045 01 01
   69 2016 240 17 16 32 700 0       5.65885388       0.00000000  0  0 f8 f0 08 04 03 0045 01 01
   69 2016 240 17 16 33 700 0       5.67110992       0.00000000  0  0 f8 f0 08 04 03 0045 01 01
   69 2016 240 17 16 34 700 0       5.68322027       0.00000000  0  0 f8 f0 08 04 03 0045 01 01
   69 2016 240 17 16 35 700 0       5.69517178       0.00000000  0  0 f8 f0 08 04 03 0045 01 01
   69 2016 240 17 16 36 700 0       5.70697239       0.00000000  0  0 f8 f0 08 04 03 0045 01 01
   69 2016 240 17 16 37 700 0       5.71865588       0.00000000  0  0 f8 f0 08 04 03 0045 01 01
   69 2016 240 17 16 38 700 0       5.73018274       0.00000000  0  0 f8 f0 08 04 03 0045 01 01
   69 2016 240 17 16 39 700 0       5.74157529       0.00000000  0  0 f8 f0 08 04 03 0045 01 01
   70 2016 240 17 16 40 700 0       5.75284346       0.00000000  0  0 f8 f0 08 04 03 0046 01 01
   70 2016 240 17 16 41 700 0       5.76394087       0.00000000  0  0 f8 f0 08 04 03 0046 01 01
   70 2016 240 17 16 42 700 0       5.77489724       0.00000000  0  0 f8 f0 08 04 03 0046 01 01
   70 2016 240 17 16 43 700 0       5.78575161       0.00000000  0  0 f8 f0 08 04 03 0046 01 01
   70 2016 240 17 16 44 700 0       5.79647693       0.00000000  0  0 f8 f0 08 04 03 0046 01 01
   70 2016 240 17 16 45 700 0       5.80705748       0.00000000  0  0 f8 f0 08 04 03 0046 01 01
   70 2016 240 17 16 46 700 0       5.81749913       0.00000000  0  0 f8 f0 08 04 03 0046 01 01
   70 2016 240 17 16 47 700 0       5.82783817       0.00000000  0  0 f8 f0 08 04 03 0046 01 01
   70 2016 240 17 16 48 700 0       5.83803358       0.00000000  0  0 f8 f0 08 04 03 0046 01 01
   70 2016 240 17 16 49 700 0       5.84809993       0.00000000  0  0 f8 f0 08 04 03 0046 01 01
   71 2016 240 17 16 50 700 0       5.85807362       0.00000000  0  0 f8 f0 08 04 03 0047 01 01
   71 2016 240 17 16 51 700 0       5.86791093       0.00000000  0  0 f8 f0 08 04 03 0047 01 01
   71 2016 240 17 16 52 700 0       5.87761712       0.00000000  0  0 f8 f0 08 04 03 0047 01 01
   71 2016 240 17 16 53 700 0       5.88722858       0.00000000  0  0 f8 f0 08 04 03 0047 01 01
   71 2016 240 17 16 54 700 0       5.89672498       0.00000000  0  0 f8 f0 08 04 03 0047 01 01
   71 2016 240 17 16 55 700 0       5.90608080       0.00000000  0  0 f8 f0 08 04 03 0047 01 01
   71 2016 240 17 16 56 700 0       5.91535861       0.00000000  0  0 f8 f0 08 04 03 0047 01 01
   71 2016 240 17 16 57 700 0       5.92450784       0.00000000  0  0 f8 f0 08 04 03 0047 01 01
   71 2016 240 17 16 58 700 0       5.93353528       0.00000000  0  0 f8 f0 08 04 03 0047 01 01
   71 2016 240 17 16 59 700 0       5.94249404       0.00000000  0  0 f8 f0 08 04 03 0047 01 01
   72 2016 240 17 17 00 700 0       5.95133413       0.00000000  0  0 f8 f0 08 04 03 0048 01 01
   72 2016 240 17 17 01 700 0       5.96004718       0.00000000  0  0 f8 f0 08 04 03 0048 01 01
   72 2016 240 17 17 02 700 0       5.96867488       0.00000000  0  0 f8 f0 08 04 03 0048 01 01
   72 2016 240 17 17 03 700 0       5.97718700       0.00000000  0  0 f8 f0 08 04 03 0048 01 01
   72 2016 240 17 17 04 700 0       5.98561017       0.00000000  0  0 f8 f0 08 04 03 0048 01 01
   72 2016 240 17 17 05 700 0       5.99391622       0.00000000  0  0 f8 f0 08 04 03 0048 01 01
   72 2016 240 17 17 06 700 0       6.00213999       0.00000000  0  0 f8 f0 08 04 03 0048 01 01
   72 2016 240 17 17 07 700 0       6.01026702       0.00000000  0  0 f8 f0 08 04 03 0048 01 01
   72 2016 240 17 17 08 700 0       6.01828259       0.00000000  0  0 f8 f0 08 04 03 0048 01 01
   72 2016 240 17 17 09 700 0       6.02622428       0.00000000  0  0 f8 f0 08 04 03 0048 01 01
   73 2016 240 17 17 10 700 0       6.03407443       0.00000000  0  0 f8 f0 08 04 03 0049 01 01
   73 2016 240 17 17 11 700 0       6.04181518       0.00000000  0  0 f8 f0 08 04 03 0049 01 01
   73 2016 240 17 17 12 700 0       6.04949511       0.00000000  0  0 f8 f0 08 04 03 0049 01 01
   73 2016 240 17 17 13 700 0       6.05706151       0.00000000  0  0 f8 f0 08 04 03 0049 01 01
   73 2016 240 17 17 14 700 0       6.06454930       0.00000000  0  0 f8 f0 08 04 03 0049 01 01
   73 2016 240 17 17 15 700 0       6.07193308       0.00000000  0  0 f8 f0 08 04 03 0049 01 01
   73 2016 240 17 17 16 700 0       6.07922833       0.00000000  0  0 f8 f0 08 04 03 0049 01 01
   73 2016 240 17 17 17 700 0       6.08646681       0.00000000  0  0 f8 f0 08 04 03 0049 01 01
   73 2016 240 17 17 18 700 0       6.09360176       0.00000000  0  0 f8 f0 08 04 03 0049 01 01
   73 2016 240 17 17 19 700 0       6.10065184       0.00000000  0  0 f8 f0 08 04 03 0049 01 01
   74 2016 240 17 17 20 700 0       6.10763529       0.00000000  0  0 f8 f0 08 04 03 004a 01 01
   74 2016 240 17 17 21 700 0       6.11451987       0.00000000  0  0 f8 f0 08 04 03 004a 01 01
   74 2016 240 17 17 22 700 0       6.12133942       0.00000000  0  0 f8 f0 08 04 03 004a 01 01
   74 2016 240 17 17 23 700 0       6.12806937       0.00000000  0  0 f8 f0 08 04 03 004a 01 01
   74 2016 240 17 17 24 700 0       6.13472391       0.00000000  0  0 f8 f0 08 04 03 004a 01 01
   74 2016 240 17 17 25 700 0       6.14129723       0.00000000  0  0 f8 f0 08 04 03 004a 01 01
   74 2016 240 17 17 26 700 0       6.14780965       0.00000000  0  0 f8 f0 08 04 03 004a 01 01
   74 2016 240 17 17 27 700 0       6.15424353       0.00000000  0  0 f8 f0 08 04 03 004a 01 01
   74 2016 240 17 17 28 700 0       6.16059459       0.00000000  0  0 f8 f0 08 04 03 004a 01 01
   74 2016 240 17 17 29 700 0       6.16687797       0.00000000  0  0 f8 f0 08 04 03 004a 01 01
   75 2016 240 17 17 30 700 0       6.17308226       0.00000000  0  0 f8 f0 08 04 03 004b 01 01
   75 2016 240 17 17 31 700 0       6.17923246       0.00000000  0  0 f8 f0 08 04 03 004b 01 01
   75 2016 240 17 17 32 700 0       6.18528998       0.00000000  0  0 f8 f0 08 04 03 004b 01 01
   75 2016 240 17 17 33 700 0       6.19129127       0.00000000  0  0 f8 f0 08 04 03 004b 01 01
   75 2016 240 17 17 34 700 0       6.19724260       0.00000000  0  0 f8 f0 08 04 03 004b 01 01
   75 2016 240 17 17 35 700 0       6.20307993       0.00000000  0  0 f8 f0 08 04 03 004b 01 01
   75 2016 240 17 17 36 700 0       6.20889022       0.00000000  0  0 f8 f0 08 04 03 004b 01 01
   75 2016 240 17 17 37 700 0       6.21462608       0.00000000  0  0 f8 f0 08 04 03 004b 01 01
   75 2016 240 17 17 38 700 0       6.22029580       0.00000000  0  0 f8 f0 08 04 03 004b 01 01
   75 2016 240 17 17 39 700 0       6.22588229       0.00000000  0  0 f8 f0 08 04 03 004b 01 01
   76 2016 240 17 17 40 700 0       6.23141776       0.00000000  0  0 f8 f0 08 04 03 004c 01 01
   76 2016 240 17 17 41 700 0       6.23689233       0.00000000  0  0 f8 f0 08 04 03 004c 01 01
   76 2016 240 17 17 42 700 0       6.24229974       0.00000000  0  0 f8 f0 08 04 03 004c 01 01
   76 2016 240 17 17 43 700 0       6.24765872       0.00000000  0  0 f8 f0 08 04 03 004c 01 01
   76 2016 240 17 17 44 700 0       6.25295215       0.00000000  0  0 f8 f0 08 04 03 004c 01 01
   76 2016 240 17 17 45 700 0       6.25818001       0.00000000  0  0 f8 f0 08 04 03 004c 01 01
   76 2016 240 17 17 46 700 0       6.26334592       0.00000000  0  0 f8 f0 08 04 03 004c 01 01
   76 2016 240 17 17 47 700 0       6.26847438       0.00000000  0  0 f8 f0 08 04 03 004c 01 01
   76 2016 240 17 17 48 700 0       6.27351637       0.00000000  0  0 f8 f0 08 04 03 004c 01 01
   76 2016 240 17 17 49 700 0       6.27851312       0.00000000  0  0 f8 f0 08 04 03 004c 01 01
   77 2016 240 17 17 50 700 0       6.28345944       0.00000000  0  0 f8 f0 08 04 03 004d 01 01
   77 2016 240 17 17 51 700 0       6.28834479       0.00000000  0  0 f8 f0 08 04 03 004d 01 01
   77 2016 240 17 17 52 700 0       6.29317965       0.00000000  0  0 f8 f0 08 04 03 004d 01 01
   77 2016 240 17 17 53 700 0       6.29795728       0.00000000  0  0 f8 f0 08 04 03 004d 01 01
   77 2016 240 17 17 54 700 0       6.30266775       0.00000000  0  0 f8 f0 08 04 03 004d 01 01
   77 2016 240 17 17 55 700 0       6.30734231       0.00000000  0  0 f8 f0 08 04 03 004d 01 01
   77 2016 240 17 17 56 700 0       6.31197056       0.00000000  0  0 f8 f0 08 04 03 004d 01 01
   77 2016 240 17 17 57 700 0       6.31654466       0.00000000  0  0 f8 f0 08 04 03 004d 01 01
   77 2016 240 17 17 58 700 0       6.32105166       0.00000000  0  0 f8 f0 08 04 03 004d 01 01
   77 2016 240 17 17 59 700 0       6.32550497       0.00000000  0  0 f8 f0 08 04 03 004d 01 01
   78 2016 240 17 18 00 700 0       6.32993489       0.00000000  0  0 f8 f0 08 04 03 004e 01 01
   78 2016 240 17 18 01 700 0       6.33427480       0.00000000  0  0 f8 f0 08 04 03 004e 01 01
   78 2016 240 17 18 02 700 0       6.33861991       0.00000000  0  0 f8 f0 08 04 03 004e 01 01
   78 2016 240 17 18 03 700 0       6.34291345       0.00000000  0  0 f8 f0 08 04 03 004e 01 01
   78 2016 240 17 18 04 700 0       6.34709253       0.00000000  0  0 f8 f0 08 04 03 004e 01 01
   78 2016 240 17 18 05 700 0       6.35126842       0.00000000  0  0 f8 f0 08 04 03 004e 01 01
   78 2016 240 17 18 06 700 0       6.35541159       0.00000000  0  0 f8 f0 08 04 03 004e 01 01
   78 2016 240 17 18 07 700 0       6.35947975       0.00000000  0  0 f8 f0 08 04 03 004e 01 01
   78 2016 240 17 18 08 700 0       6.36349594       0.00000000  0  0 f8 f0 08 04 03 004e 01 01
   78 2016 240 17 18 09 700 0       6.36749075       0.00000000  0  0 f8 f0 08 04 03 004e 01 01
   79 2016 240 17 18 10 700 0       6.37144598       0.00000000  0  0 f8 f0 08 04 03 004f 01 01
   79 2016 240 17 18 11 700 0       6.37534864       0.00000000  0  0 f8 f0 08 04 03 004f 01 01
   79 2016 240 17 18 12 700 0       6.37920393       0.00000000  0  0 f8 f0 08 04 03 004f 01 01
   79 2016 240 17 18 13 700 0       6.38302332       0.00000000  0  0 f8 f0 08 04 03 004f 01 01
   79 2016 240 17 18 14 700 0       6.38678961       0.00000000  0  0 f8 f0 08 04 03 004f 01 01
   79 2016 240 17 18 15 700 0       6.39051745       0.00000000  0  0 f8 f0 08 04 03 004f 01 01
   79 2016 240 17 18 16 700 0       6.39420252       0.00000000  0  0 f8 f0 08 04 03 004f 01 01
   79 2016 240 17 18 17 700 0       6.39786681       0.00000000  0  0 f8 f0 08 04 03 004f 01 01
   79 2016 240 17 18 18 700 0       6.40145821       0.00000000  0  0 f8 f0 08 04 03 004f 01 01
   79 2016 240 17 18 19 700 0       6.40502156       0.00000000  0  0 f8 f0 08 04 03 004f 01 01
   80 2016 240 17 18 20 700 0       6.40856506       0.00000000  0  0 f8 f0 08 04 03 0050 01 01
   80 2016 240 17 18 21 700 0       6.41204254       0.00000000  0  0 f8 f0 08 04 03 0050 01 01
   80 2016 240 17 18 22 700 0       6.41549076       0.00000000  0  0 f8 f0 08 04 03 0050 01 01
   80 2016 240 17 18 23 700 0       6.41890681       0.00000000  0  0 f8 f0 08 04 03 0050 01 01
   80 2016 240 17 18 24 700 0       6.42228062       0.00000000  0  0 f8 f0 08 04 03 0050 01 01
   80 2016 240 17 18 25 700 0       6.42560453       0.00000000  0  0 f8 f0 08 04 03 0050 01 01
   80 2016 240 17 18 26 700 0       6.42889459       0.00000000  0  0 f8 f0 08 04 03 0050 01 01
   80 2016 240 17 18 27 700 0       6.43216327       0.00000000  0  0 f8 f0 08 04 03 0050 01 01
   80 2016 240 17 18 28 700 0       6.43539037       0.00000000  0  0 f8 f0 08 04 03 0050 01 01
   80 2016 240 17 18 29 700 0       6.43857684       0.00000000  0  0 f8 f0 08 04 03 0050 01 01
   81 2016 240 17 18 30 700 0       6.44174352       0.00000000  0  0 f8 f0 08 04 03 0051 01 01
   81 2016 240 17 18 31 700 0       6.44485976       0.00000000  0  0 f8 f0 08 04 03 0051 01 01
   81 2016 240 17 18 32 700 0       6.44792703       0.00000000  0  0 f8 f0 08 04 03 0051 01 01
   81 2016 240 17 18 33 700 0       6.45097605       0.00000000  0  0 f8 f0 08 04 03 0051 01 01
   81 2016 240 17 18 34 700 0       6.45399703       0.00000000  0  0 f8 f0 08 04 03 0051 01 01
   81 2016 240 17 18 35 700 0       6.45696803       0.00000000  0  0 f8 f0 08 04 03 0051 01 01
   81 2016 240 17 18 36 700 0       6.45992238       0.00000000  0  0 f8 f0 08 04 03 0051 01 01
   81 2016 240 17 18 37 700 0       6.46284442       0.00000000  0  0 f8 f0 08 04 03 0051 01 01
   81 2016 240 17 18 38 700 0       6.46571649       0.00000000  0  0 f8 f0 08 04 03 0051 01 01
   81 2016 240 17 18 39 700 0       6.46856257       0.00000000  0  0 f8 f0 08 04 03 0051 01 01
   82 2016 240 17 18 40 700 0       6.47136908       0.00000000  0  0 f8 f0 08 04 03 0052 01 01
   82 2016 240 17 18 41 700 0       6.47417819       0.00000000  0  0 f8 f0 08 04 03 0052 01 01
   82 2016 240 17 18 42 700 0       6.47692328       0.00000000  0  0 f8 f0 08 04 03 0052 01 01
   82 2016 240 17 18 43 700 0       6.47964964       0.00000000  0  0 f8 f0 08 04 03 0052 01 01
   82 2016 240 17 18 44 700 0       6.48234010       0.00000000  0  0 f8 f0 08 04 03 0052 01 01
   82 2016 240 17 18 45 700 0       6.48499411       0.00000000  0  0 f8 f0 08 04 03 0052 01 01
   82 2016 240 17 18 46 700 0       6.48762627       0.00000000  0  0 f8 f0 08 04 03 0052 01 01
   82 2016 240 17 18 47 700 0       6.49023184       0.00000000  0  0 f8 f0 08 04 03 0052 01 01
   82 2016 240 17 18 48 700 0       6.49279738       0.00000000  0  0 f8 f0 08 04 03 0052 01 01
   82 2016 240 17 18 49 700 0       6.49536131       0.00000000  0  0 f8 f0 08 04 03 0052 01 01
   83 2016 240 17 18 50 700 0       6.49786962       0.00000000  0  0 f8 f0 08 04 03 0053 01 01
   83 2016 240 17 18 51 700 0       6.50034714       0.00000000  0  0 f8 f0 08 04 03 0053 01 01
   83 2016 240 17 18 52 700 0       6.50279922       0.00000000  0  0 f8 f0 08 04 03 0053 01 01
   83 2016 240 17 18 53 700 0       6.50524603       0.00000000  0  0 f8 f0 08 04 03 0053 01 01
   83 2016 240 17 18 54 700 0       6.50764974       0.00000000  0  0 f8 f0 08 04 03 0053 01 01
   83 2016 240 17 18 55 700 0       6.51001587       0.00000000  0  0 f8 f0 08 04 03 0053 01 01
   83 2016 240 17 18 56 700 0       6.51236022       0.00000000  0  0 f8 f0 08 04 03 0053 01 01
   83 2016 240 17 18 57 700 0       6.51469617       0.00000000  0  0 f8 f0 08 04 03 0053 01 01
   83 2016 240 17 18 58 700 0       6.51697802       0.00000000  0  0 f8 f0 08 04 03 0053 01 01
   83 2016 240 17 18 59 700 0       6.51923695       0.00000000  0  0 f8 f0 08 04 03 0053 01 01
   84 2016 240 17 19 00 700 0       6.52150268       0.00000000  0  0 f8 f0 08 04 03 0054 01 01
   84 2016 240 17 19 01 700 0       6.52371638       0.00000000  0  0 f8 f0 08 04 03 0054 01 01
   84 2016 240 17 19 02 700 0       6.52590763       0.00000000  0  0 f8 f0 08 04 03 0054 01 01
   84 2016 240 17 19 03 700 0       6.52808595       0.00000000  0  0 f8 f0 08 04 03 0054 01 01
   84 2016 240 17 19 04 700 0       6.53020904       0.00000000  0  0 f8 f0 08 04 03 0054 01 01
   84 2016 240 17 19 05 700 0       6.53232640       0.00000000  0  0 f8 f0 08 04 03 0054 01 01
   84 2016 240 17 19 06 700 0       6.53441617       0.00000000  0  0 f8 f0 08 04 03 0054 01 01
   84 2016 240 17 19 07 700 0       6.53650602       0.00000000  0  0 f8 f0 08 04 03 0054 01 01
   84 2016 240 17 19 08 700 0       6.53854476       0.00000000  0  0 f8 f0 08 04 03 0054 01 01
   84 2016 240 17 19 09 700 0       6.54057052       0.00000000  0  0 f8 f0 08 04 03 0054 01 01
   85 2016 240 17 19 10 700 0       6.54256402       0.00000000  0  0 f8 f0 08 04 03 0055 01 01
   85 2016 240 17 19 11 700 0       6.54452735       0.00000000  0  0 f8 f0 08 04 03 0055 01 01
   85 2016 240 17 19 12 700 0       6.54645370       0.00000000  0  0 f8 f0 08 04 03 0055 01 01
   85 2016 240 17 19 13 700 0       6.54839671       0.00000000  0  0 f8 f0 08 04 03 0055 01 01
   85 2016 240 17 19 14 700 0       6.55032619       0.00000000  0  0 f8 f0 08 04 03 0055 01 01
   85 2016 240 17 19 15 700 0       6.55217759       0.00000000  0  0 f8 f0 08 04 03 0055 01 01
   85 2016 240 17 19 16 700 0       6.55403059       0.00000000  0  0 f8 f0 08 04 03 0055 01 01
   85 2016 240 17 19 17 700 0       6.55587625       0.00000000  0  0 f8 f0 08 04 03 0055 01 01
   85 2016 240 17 19 18 700 0       6.55770633       0.00000000  0  0 f8 f0 08 04 03 0055 01 01
   85 2016 240 17 19 19 700 0       6.55948638       0.00000000  0  0 f8 f0 08 04 03 0055 01 01
   86 2016 240 17 19 20 700 0       6.56126183       0.00000000  0  0 f8 f0 08 04 03 0056 01 01
   86 2016 240 17 19 21 700 0       6.56302995       0.00000000  0  0 f8 f0 08 04 03 0056 01 01
   86 2016 240 17 19 22 700 0       6.56474131       0.00000000  0  0 f8 f0 08 04 03 0056 01 01
   86 2016 240 17 19 23 700 0       6.56644493       0.00000000  0  0 f8 f0 08 04 03 0056 01 01
   86 2016 240 17 19 24 700 0       6.56813857       0.00000000  0  0 f8 f0 08 04 03 0056 01 01
   86 2016 240 17 19 25 700 0       6.56981721       0.00000000  0  0 f8 f0 08 04 03 0056 01 01
   86 2016 240 17 19 26 700 0       6.57145309       0.00000000  0  0 f8 f0 08 04 03 0056 01 01
   86 2016 240 17 19 27 700 0       6.57309842       0.00000000  0  0 f8 f0 08 04 03 0056 01 01
   86 2016 240 17 19 28 700 0       6.57468226       0.00000000  0  0 f8 f0 08 04 03 0056 01 01
   86 2016 240 17 19 29 700 0       6.57629062       0.00000000  0  0 f8 f0 08 04 03 0056 01 01
   87 2016 240 17 19 30 700 0       6.57787186       0.00000000  0  0 f8 f0 08 04 03 0057 01 01
   87 2016 240 17 19 31 700 0       6.57940526       0.00000000  0  0 f8 f0 08 04 03 0057 01 01
   87 2016 240 17 19 32 700 0       6.58096259       0.00000000  0  0 f8 f0 08 04 03 0057 01 01
   87 2016 240 17 19 33 700 0       6.58246262       0.00000000  0  0 f8 f0 08 04 03 0057 01 01
   87 2016 240 17 19 34 700 0       6.58396324       0.00000000  0  0 f8 f0 08 04 03 0057 01 01
   87 2016 240 17 19 35 700 0       6.58543156       0.00000000  0  0 f8 f0 08 04 03 0057 01 01
   87 2016 240 17 19 36 700 0       6.58687282       0.00000000  0  0 f8 f0 08 04 03 0057 01 01
   87 2016 240 17 19 37 700 0       6.58832342       0.00000000  0  0 f8 f0 08 04 03 0057 01 01
   87 2016 240 17 19 38 700 0       6.58974283       0.00000000  0  0 f8 f0 08 04 03 0057 01 01
   87 2016 240 17 19 39 700 0       6.59113306       0.00000000  0  0 f8 f0 08 04 03 0057 01 01
   88 2016 240 17 19 40 700 0       6.59254468       0.00000000  0  0 f8 f0 08 04 03 0058 01 01
   88 2016 240 17 19 41 700 0       6.59388075       0.00000000  0  0 f8 f0 08 04 03 0058 01 01
   88 2016 240 17 19 42 700 0       6.59523507       0.00000000  0  0 f8 f0 08 04 03 0058 01 01
   88 2016 240 17 19 43 700 0       6.59658419       0.00000000  0  0 f8 f0 08 04 03 0058 01 01
   88 2016 240 17 19 44 700 0       6.59789641       0.00000000  0  0 f8 f0 08 04 03 0058 01 01
   88 2016 240 17 19 45 700 0       6.59918464       0.00000000  0  0 f8 f0 08 04 03 0058 01 01
   88 2016 240 17 19 46 700 0       6.60046088       0.00000000  0  0 f8 f0 08 04 03 0058 01 01
   88 2016 240 17 19 47 700 0       6.60173872       0.00000000  0  0 f8 f0 08 04 03 0058 01 01
   88 2016 240 17 19 48 700 0       6.60297172       0.00000000  0  0 f8 f0 08 04 03 0058 01 01
   88 2016 240 17 19 49 700 0       6.60420585       0.00000000  0  0 f8 f0 08 04 03 0058 01 01
   89 2016 240 17 19 50 700 0       6.60540821       0.00000000  0  0 f8 f0 08 04 03 0059 01 01
   89 2016 240 17 19 51 700 0       6.60662409       0.00000000  0  0 f8 f0 08 04 03 0059 01 01
   89 2016 240 17 19 52 700 0       6.60780246       0.00000000  0  0 f8 f0 08 04 03 0059 01 01
   89 2016 240 17 19 53 700 0       6.60895224       0.00000000  0  0 f8 f0 08 04 03 0059 01 01
   89 2016 240 17 19 54 700 0       6.61011869       0.00000000  0  0 f8 f0 08 04 03 0059 01 01
   89 2016 240 17 19 55 700 0       6.61125542       0.00000000  0  0 f8 f0 08 04 03 0059 01 01
   89 2016 240 17 19 56 700 0       6.61236983       0.00000000  0  0 f8 f0 08 04 03 0059 01 01
   89 2016 240 17 19 57 700 0       6.61347538       0.00000000  0  0 f8 f0 08 04 03 0059 01 01
   89 2016 240 17 19 58 700 0       6.61455694       0.00000000  0  0 f8 f0 08 04 03 0059 01 01
   89 2016 240 17 19 59 700 0       6.61562712       0.00000000  0  0 f8 f0 08 04 03 0059 01 01
   90 2016 240 17 20 00 700 0       6.61669203       0.00000000  0  0 f8 f0 08 04 03 005a 01 01
   90 2016 240 17 20 01 700 0       6.61773668       0.00000000  0  0 f8 f0 08 04 03 005a 01 01
   90 2016 240 17 20 02 700 0       6.61876622       0.00000000  0  0 f8 f0 08 04 03 005a 01 01
   90 2016 240 17 20 03 700 0       6.61978842       0.00000000  0  0 f8 f0 08 04 03 005a 01 01
   90 2016 240 17 20 04 700 0       6.62080916       0.00000000  0  0 f8 f0 08 04 03 005a 01 01
   90 2016 240 17 20 05 700 0       6.62173982       0.00000000  0  0 f8 f0 08 04 03 005a 01 01
   90 2016 240 17 20 06 700 0       6.62271726       0.00000000  0  0 f8 f0 08 04 03 005a 01 01
   90 2016 240 17 20 07 700 0       6.62371661       0.00000000  0  0 f8 f0 08 04 03 005a 01 01
   90 2016 240 17 20 08 700 0       6.62464001       0.00000000  0  0 f8 f0 08 04 03 005a 01 01
   90 2016 240 17 20 09 700 0       6.62556801       0.00000000  0  0 f8 f0 08 04 03 005a 01 01
   91 2016 240 17 20 10 700 0       6.62647056       0.00000000  0  0 f8 f0 08 04 03 005b 01 01
   91 2016 240 17 20 11 700 0       6.62740069       0.00000000  0  0 f8 f0 08 04 03 005b 01 01
   91 2016 240 17 20 12 700 0       6.62824960       0.00000000  0  0 f8 f0 08 04 03 005b 01 01
   91 2016 240 17 20 13 700 0       6.62914489       0.00000000  0  0 f8 f0 08 04 03 005b 01 01
   91 2016 240 17 20 14 700 0       6.63001206       0.00000000  0  0 f8 f0 08 04 03 005b 01 01
   91 2016 240 17 20 15 700 0       6.63086251       0.00000000  0  0 f8 f0 08 04 03 005b 01 01
   91 2016 240 17 20 16 700 0       6.63172395       0.00000000  0  0 f8 f0 08 04 03 005b 01 01
   91 2016 240 17 20 17 700 0       6.63250471       0.00000000  0  0 f8 f0 08 04 03 005b 01 01
   91 2016 240 17 20 18 700 0       6.63330733       0.00000000  0  0 f8 f0 08 04 03 005b 01 01
   91 2016 240 17 20 19 700 0       6.63410781       0.00000000  0  0 f8 f0 08 04 03 005b 01 01
   92 2016 240 17 20 20 700 0       6.63489063       0.00000000  0  0 f8 f0 08 04 03 005c 01 01
   92 2016 240 17 20 21 700 0       6.63569118       0.00000000  0  0 f8 f0 08 04 03 005c 01 01
   92 2016 240 17 20 22 700 0       6.63645422       0.00000000  0  0 f8 f0 08 04 03 005c 01 01
   92 2016 240 17 20 23 700 0       6.63717669       0.00000000  0  0 f8 f0 08 04 03 005c 01 01
   92 2016 240 17 20 24 700 0       6.63788296       0.00000000  0  0 f8 f0 08 04 03 005c 01 01
   92 2016 240 17 20 25 700 0       6.63861529       0.00000000  0  0 f8 f0 08 04 03 005c 01 01
   92 2016 240 17 20 26 700 0       6.63932476       0.00000000  0  0 f8 f0 08 04 03 005c 01 01
   92 2016 240 17 20 27 700 0       6.64003057       0.00000000  0  0 f8 f0 08 04 03 005c 01 01
   92 2016 240 17 20 28 700 0       6.64070560       0.00000000  0  0 f8 f0 08 04 03 005c 01 01
   92 2016 240 17 20 29 700 0       6.64140774       0.00000000  0  0 f8 f0 08 04 03 005c 01 01
   93 2016 240 17 20 30 700 0       6.64206045       0.00000000  0  0 f8 f0 08 04 03 005d 01 01
   93 2016 240 17 20 31 700 0       6.64277306       0.00000000  0  0 f8 f0 08 04 03 005d 01 01
   93 2016 240 17 20 32 700 0       6.64335128       0.00000000  0  0 f8 f0 08 04 03 005d 01 01
   93 2016 240 17 20 33 700 0       6.64400972       0.00000000  0  0 f8 f0 08 04 03 005d 01 01
   93 2016 240 17 20 34 700 0       6.64464998       0.00000000  0  0 f8 f0 08 04 03 005d 01 01
   93 2016 240 17 20 35 700 0       6.64524386       0.00000000  0  0 f8 f0 08 04 03 005d 01 01
   93 2016 240 17 20 36 700 0       6.64580489       0.00000000  0  0 f8 f0 08 04 03 005d 01 01
   93 2016 240 17 20 37 700 0       6.64639618       0.00000000  0  0 f8 f0 08 04 03 005d 01 01
   93 2016 240 17 20 38 700 0       6.64699166       0.00000000  0  0 f8 f0 08 04 03 005d 01 01
   93 2016 240 17 20 39 700 0       6.64756162       0.00000000  0  0 f8 f0 08 04 03 005d 01 01
   94 2016 240 17 20 40 700 0       6.64810241       0.00000000  0  0 f8 f0 08 04 03 005e 01 01
   94 2016 240 17 20 41 700 0       6.64866038       0.00000000  0  0 f8 f0 08 04 03 005e 01 01
   94 2016 240 17 20 42 700 0       6.64920842       0.00000000  0  0 f8 f0 08 04 03 005e 01 01
   94 2016 240 17 20 43 700 0       6.64973521       0.00000000  0  0 f8 f0 08 04 03 005e 01 01
   94 2016 240 17 20 44 700 0       6.65021510       0.00000000  0  0 f8 f0 08 04 03 005e 01 01
   94 2016 240 17 20 45 700 0       6.65071112       0.00000000  0  0 f8 f0 08 04 03 005e 01 01
   94 2016 240 17 20 46 700 0       6.65120613       0.00000000  0  0 f8 f0 08 04 03 005e 01 01
   94 2016 240 17 20 47 700 0       6.65170680       0.00000000  0  0 f8 f0 08 04 03 005e 01 01
   94 2016 240 17 20 48 700 0       6.65216384       0.00000000  0  0 f8 f0 08 04 03 005e 01 01
   94 2016 240 17 20 49 700 0       6.65258543       0.00000000  0  0 f8 f0 08 04 03 005e 01 01
   95 2016 240 17 20 50 700 0       6.65308664       0.00000000  0  0 f8 f0 08 04 03 005f 01 01
   95 2016 240 17 20 51 700 0       6.65351970       0.00000000  0  0 f8 f0 08 04 03 005f 01 01
   95 2016 240 17 20 52 700 0       6.65393716       0.00000000  0  0 f8 f0 08 04 03 005f 01 01
   95 2016 240 17 20 53 700 0       6.65438167       0.00000000  0  0 f8 f0 08 04 03 005f 01 01
   95 2016 240 17 20 54 700 0       6.65476163       0.00000000  0  0 f8 f0 08 04 03 005f 01 01
   95 2016 240 17 20 55 700 0       6.65519674       0.00000000  0  0 f8 f0 08 04 03 005f 01 01
   95 2016 240 17 20 56 700 0       6.65557983       0.00000000  0  0 f8 f0 08 04 03 005f 01 01
   95 2016 240 17 20 57 700 0       6.65596085       0.00000000  0  0 f8 f0 08 04 03 005f 01 01
   95 2016 240 17 20 58 700 0       6.65631788       0.00000000  0  0 f8 f0 08 04 03 005f 01 01
   95 2016 240 17 20 59 700 0       6.65671036       0.00000000  0  0 f8 f0 08 04 03 005f 01 01
   96 2016 240 17 21 00 700 0       6.65708978       0.00000000  0  0 f8 f0 08 04 03 0060 01 01
   96 2016 240 17 21 01 700 0       6.65740525       0.00000000  0  0 f8 f0 08 04 03 0060 01 01
   96 2016 240 17 21 02 700 0       6.65768993       0.00000000  0  0 f8 f0 08 04 03 0060 01 01
   96 2016 240 17 21 03 700 0       6.65809693       0.00000000  0  0 f8 f0 08 04 03 0060 01 01
   96 2016 240 17 21 04 700 0       6.65839987       0.00000000  0  0 f8 f0 08 04 03 0060 01 01
   96 2016 240 17 21 05 700 0       6.65877149       0.00000000  0  0 f8 f0 08 04 03 0060 01 01
   96 2016 240 17 21 06 700 0       6.65903332       0.00000000  0  0 f8 f0 08 04 03 0060 01 01
   96 2016 240 17 21 07 700 0       6.65934352       0.00000000  0  0 f8 f0 08 04 03 0060 01 01
   96 2016 240 17 21 08 700 0       6.65962514       0.00000000  0  0 f8 f0 08 04 03 0060 01 01
   96 2016 240 17 21 09 700 0       6.65988224       0.00000000  0  0 f8 f0 08 04 03 0060 01 01
   97 2016 240 17 21 10 700 0       6.66004567       0.00000000  0  0 f8 f0 08 04 03 0061 01 01
   97 2016 240 17 21 11 700 0       6.66041576       0.00000000  0  0 f8 f0 08 04 03 0061 01 01
   97 2016 240 17 21 12 700 0       6.66071610       0.00000000  0  0 f8 f0 08 04 03 0061 01 01
   97 2016 240 17 21 13 700 0       6.66096960       0.00000000  0  0 f8 f0 08 04 03 0061 01 01
   97 2016 240 17 21 14 700 0       6.66120592       0.00000000  0  0 f8 f0 08 04 03 0061 01 01
   97 2016 240 17 21 15 700 0       6.66142138       0.00000000  0  0 f8 f0 08 04 03 0061 01 01
   97 2016 240 17 21 16 700 0       6.66166182       0.00000000  0  0 f8 f0 08 04 03 0061 01 01
   97 2016 240 17 21 17 700 0       6.66193145       0.00000000  0  0 f8 f0 08 04 03 0061 01 01
   97 2016 240 17 21 18 700 0       6.66214537       0.00000000  0  0 f8 f0 08 04 03 0061 01 01
   97 2016 240 17 21 19 700 0       6.66243685       0.00000000  0  0 f8 f0 08 04 03 0061 01 01
   98 2016 240 17 21 20 700 0       6.66256071       0.00000000  0  0 f8 f0 08 04 03 0062 01 01
   98 2016 240 17 21 21 700 0       6.72699971       0.00000000  0  0 f8 f0 08 04 03 0062 01 01
   98 2016 240 17 21 22 700 0       6.76213064       0.00000000  0  0 f8 f0 08 04 03 0062 01 01
   99 2016 240 17 21 27 000 0       2.97264131       0.00000000  0  0 f8 f0 08 04 03 0063 01 01
   99 2016 240 17 21 28 000 0       2.97267935       0.00000000  0  0 f8 f0 08 04 03 0063 01 01
   99 2016 240 17 21 29 000 0       2.97290260       0.00000000  0  0 f8 f0 08 04 03 0063 01 01
   99 2016 240 17 21 30 000 0       2.97291280       0.00000000  0  0 f8 f0 08 04 03 0063 01 01
   99 2016 240 17 21 31 000 0       2.97294657       0.00000000  0  0 f8 f0 08 04 03 0063 01 01
   99 2016 240 17 21 32 000 0       2.97302492       0.00000000  0  0 f8 f0 08 04 03 0063 01 01
   99 2016 240 17 21 33 000 0       2.97311106       0.00000000  0  0 f8 f0 08 04 03 0063 01 01
   99 2016 240 17 21 34 000 0       2.97312512       0.00000000  0  0 f8 f0 08 04 03 0063 01 01
   99 2016 240 17 21 35 000 0       2.97324591       0.00000000  0  0 f8 f0 08 04 03 0063 01 01
   99 2016 240 17 21 36 000 0       2.97321046       0.00000000  0  0 f8 f0 08 04 03 0063 01 01
