 BkNo Year Day hh mm ss mss ns    Azimuth(deg)    Elevation(deg)Tv DvTSnRSnDTpSTpSId BkCtSRtInTim
    1 2016 249 16 18 22 000 0      18.27000000       1.55000000  0  3 f8 f0 0a 04 04 7301 01 00
    1 2016 249 16 18 23 000 0      18.22000000       1.55000000  0  5 f8 f0 0a 04 04 7301 01 00
    1 2016 249 16 18 24 000 0      18.22000000       1.55000000  0  5 f8 f0 0a 04 04 7301 01 00
    1 2016 249 16 18 25 000 0      18.22000000       1.55000000  0  5 f8 f0 0a 04 04 7301 01 00
    1 2016 249 16 18 26 000 0      18.22000000       1.55000000  0  5 f8 f0 0a 04 04 7301 01 00
    1 2016 249 16 18 27 000 0      18.27000000       1.55000000  0  5 f8 f0 0a 04 04 7301 01 00
    1 2016 249 16 18 28 000 0      18.27000000       1.55000000  0  5 f8 f0 0a 04 04 7301 01 00
    1 2016 249 16 18 29 000 0      18.27000000       1.54000000  0  5 f8 f0 0a 04 04 7301 01 00
    1 2016 249 16 18 30 000 0      18.27000000       1.54000000  0  5 f8 f0 0a 04 04 7301 01 00
    1 2016 249 16 18 31 000 0      18.27000000       1.54000000  0  5 f8 f0 0a 04 04 7301 01 00
    2 2016 249 16 18 32 000 0      18.27000000       1.54000000  0  5 f8 f0 0a 04 04 7302 01 00
    2 2016 249 16 18 33 000 0      18.27000000       1.54000000  0  5 f8 f0 0a 04 04 7302 01 00
    2 2016 249 16 18 34 000 0      18.27000000       1.54000000  0  5 f8 f0 0a 04 04 7302 01 00
    2 2016 249 16 18 35 000 0      18.27000000       1.54000000  0  5 f8 f0 0a 04 04 7302 01 00
    2 2016 249 16 18 36 000 0      18.27000000       1.54000000  0  5 f8 f0 0a 04 04 7302 01 00
    2 2016 249 16 18 37 000 0      18.27000000       1.54000000  0  5 f8 f0 0a 04 04 7302 01 00
    2 2016 249 16 18 38 000 0      18.27000000       1.54000000  0  5 f8 f0 0a 04 04 7302 01 00
    2 2016 249 16 18 39 000 0      18.27000000       1.54000000  0  5 f8 f0 0a 04 04 7302 01 00
    2 2016 249 16 18 40 000 0      18.27000000       1.54000000  0  5 f8 f0 0a 04 04 7302 01 00
    2 2016 249 16 18 41 000 0      18.27000000       1.54000000  0  5 f8 f0 0a 04 04 7302 01 00
    3 2016 249 16 18 42 000 0      18.27000000       1.54000000  0  5 f8 f0 0a 04 04 7303 01 00
    3 2016 249 16 18 43 000 0      18.27000000       1.54000000  0  5 f8 f0 0a 04 04 7303 01 00
    3 2016 249 16 18 44 000 0      18.27000000       1.54000000  0  5 f8 f0 0a 04 04 7303 01 00
    3 2016 249 16 18 45 000 0      18.27000000       1.54000000  0  5 f8 f0 0a 04 04 7303 01 00
    3 2016 249 16 18 46 000 0      18.27000000       1.54000000  0  5 f8 f0 0a 04 04 7303 01 00
    3 2016 249 16 18 47 000 0      18.27000000       1.54000000  0  5 f8 f0 0a 04 04 7303 01 00
    3 2016 249 16 18 48 000 0      18.27000000       1.54000000  0  5 f8 f0 0a 04 04 7303 01 00
    3 2016 249 16 18 49 000 0      18.27000000       1.54000000  0  5 f8 f0 0a 04 04 7303 01 00
    3 2016 249 16 18 50 000 0      18.27000000       1.54000000  0  5 f8 f0 0a 04 04 7303 01 00
    3 2016 249 16 18 51 000 0      18.27000000       1.54000000  0  5 f8 f0 0a 04 04 7303 01 00
    4 2016 249 16 18 52 000 0      18.27000000       1.54000000  0  5 f8 f0 0a 04 04 7304 01 00
    4 2016 249 16 18 53 000 0      18.27000000       1.54000000  0  5 f8 f0 0a 04 04 7304 01 00
    4 2016 249 16 18 54 000 0      18.52000000       1.56000000  0  3 f8 f0 0a 04 04 7304 01 00
    4 2016 249 16 18 55 000 0      20.31000000       1.56000000  0  3 f8 f0 0a 04 04 7304 01 00
    4 2016 249 16 18 56 000 0      23.65000000       1.56000000  0  3 f8 f0 0a 04 04 7304 01 00
    4 2016 249 16 18 57 000 0      26.63000000       1.55000000  0  3 f8 f0 0a 04 04 7304 01 00
    4 2016 249 16 18 58 000 0      29.67000000       1.54000000  0  3 f8 f0 0a 04 04 7304 01 00
    4 2016 249 16 18 59 000 0      32.70000000       1.54000000  0  3 f8 f0 0a 04 04 7304 01 00
    4 2016 249 16 19 00 000 0      35.67000000       1.54000000  0  3 f8 f0 0a 04 04 7304 01 00
    4 2016 249 16 19 01 000 0      38.68000000       1.54000000  0  3 f8 f0 0a 04 04 7304 01 00
    5 2016 249 16 19 02 000 0      41.70000000       1.54000000  0  3 f8 f0 0a 04 04 7305 01 00
    5 2016 249 16 19 03 000 0      44.70000000       1.57000000  0  3 f8 f0 0a 04 04 7305 01 00
    5 2016 249 16 19 04 000 0      47.69000000       1.57000000  0  3 f8 f0 0a 04 04 7305 01 00
    5 2016 249 16 19 05 000 0      50.73000000       1.57000000  0  3 f8 f0 0a 04 04 7305 01 00
    5 2016 249 16 19 06 000 0      53.68000000       1.57000000  0  3 f8 f0 0a 04 04 7305 01 00
    5 2016 249 16 19 07 000 0      56.71000000       1.57000000  0  3 f8 f0 0a 04 04 7305 01 00
    5 2016 249 16 19 08 000 0      59.68000000       1.53000000  0  3 f8 f0 0a 04 04 7305 01 00
    5 2016 249 16 19 09 000 0      62.69000000       1.53000000  0  3 f8 f0 0a 04 04 7305 01 00
    5 2016 249 16 19 10 000 0      65.69000000       1.53000000  0  3 f8 f0 0a 04 04 7305 01 00
    5 2016 249 16 19 11 000 0      68.69000000       1.53000000  0  3 f8 f0 0a 04 04 7305 01 00
    6 2016 249 16 19 12 000 0      71.67000000       1.54000000  0  3 f8 f0 0a 04 04 7306 01 00
    6 2016 249 16 19 13 000 0      74.66000000       1.57000000  0  3 f8 f0 0a 04 04 7306 01 00
    6 2016 249 16 19 14 000 0      77.70000000       1.57000000  0  3 f8 f0 0a 04 04 7306 01 00
    6 2016 249 16 19 15 000 0      80.71000000       1.57000000  0  3 f8 f0 0a 04 04 7306 01 00
    6 2016 249 16 19 16 000 0      83.70000000       1.57000000  0  3 f8 f0 0a 04 04 7306 01 00
    6 2016 249 16 19 17 000 0      86.74000000       1.57000000  0  3 f8 f0 0a 04 04 7306 01 00
    6 2016 249 16 19 18 000 0      89.70000000       1.53000000  0  3 f8 f0 0a 04 04 7306 01 00
    6 2016 249 16 19 19 000 0      92.68000000       1.53000000  0  3 f8 f0 0a 04 04 7306 01 00
    6 2016 249 16 19 20 000 0      95.69000000       1.53000000  0  3 f8 f0 0a 04 04 7306 01 00
    6 2016 249 16 19 21 000 0      98.67000000       1.53000000  0  3 f8 f0 0a 04 04 7306 01 00
    7 2016 249 16 19 22 000 0     101.67000000       1.53000000  0  3 f8 f0 0a 04 04 7307 01 00
    7 2016 249 16 19 23 000 0     104.68000000       1.57000000  0  3 f8 f0 0a 04 04 7307 01 00
    7 2016 249 16 19 24 000 0     107.70000000       1.57000000  0  3 f8 f0 0a 04 04 7307 01 00
    7 2016 249 16 19 25 000 0     110.73000000       1.57000000  0  3 f8 f0 0a 04 04 7307 01 00
    7 2016 249 16 19 26 000 0     113.68000000       1.57000000  0  3 f8 f0 0a 04 04 7307 01 00
    7 2016 249 16 19 27 000 0     116.68000000       1.57000000  0  3 f8 f0 0a 04 04 7307 01 00
    7 2016 249 16 19 28 000 0     119.69000000       1.54000000  0  3 f8 f0 0a 04 04 7307 01 00
    7 2016 249 16 19 29 000 0     122.71000000       1.53000000  0  3 f8 f0 0a 04 04 7307 01 00
    7 2016 249 16 19 30 000 0     125.66000000       1.53000000  0  3 f8 f0 0a 04 04 7307 01 00
    7 2016 249 16 19 31 000 0     128.66000000       1.53000000  0  3 f8 f0 0a 04 04 7307 01 00
    8 2016 249 16 19 32 000 0     131.68000000       1.53000000  0  3 f8 f0 0a 04 04 7308 01 00
    8 2016 249 16 19 33 000 0     134.59000000       1.55000000  0  3 f8 f0 0a 04 04 7308 01 00
    8 2016 249 16 19 34 000 0     137.47000000       1.57000000  0  3 f8 f0 0a 04 04 7308 01 00
    8 2016 249 16 19 35 000 0     140.07000000       1.57000000  0  3 f8 f0 0a 04 04 7308 01 00
    8 2016 249 16 19 36 000 0     141.97000000       1.57000000  0  3 f8 f0 0a 04 04 7308 01 00
    8 2016 249 16 19 37 000 0     142.46000000       1.57000000  0  3 f8 f0 0a 04 04 7308 01 00
    8 2016 249 16 19 38 000 0     142.10000000       1.57000000  0  3 f8 f0 0a 04 04 7308 01 00
    8 2016 249 16 19 39 000 0     142.10000000       1.57000000  0  3 f8 f0 0a 04 04 7308 01 00
    8 2016 249 16 19 40 000 0     142.10000000       1.57000000  0  3 f8 f0 0a 04 04 7308 01 00
    8 2016 249 16 19 41 000 0     142.10000000       1.57000000  0  3 f8 f0 0a 04 04 7308 01 00
    9 2016 249 16 19 42 000 0     142.10000000       1.55000000  0  3 f8 f0 0a 04 04 7309 01 00
    9 2016 249 16 19 43 000 0     142.07000000       1.54000000  0  3 f8 f0 0a 04 04 7309 01 00
    9 2016 249 16 19 44 000 0     142.06000000       1.54000000  0  3 f8 f0 0a 04 04 7309 01 00
    9 2016 249 16 19 45 000 0     142.06000000       1.54000000  0  3 f8 f0 0a 04 04 7309 01 00
    9 2016 249 16 19 46 000 0     142.06000000       1.54000000  0  3 f8 f0 0a 04 04 7309 01 00
    9 2016 249 16 19 47 000 0     142.06000000       1.54000000  0  3 f8 f0 0a 04 04 7309 01 00
    9 2016 249 16 19 48 000 0     142.05000000       1.54000000  0  3 f8 f0 0a 04 04 7309 01 00
    9 2016 249 16 19 49 000 0     142.05000000       1.54000000  0  3 f8 f0 0a 04 04 7309 01 00
    9 2016 249 16 19 50 000 0     142.05000000       1.54000000  0  3 f8 f0 0a 04 04 7309 01 00
    9 2016 249 16 19 51 000 0     142.05000000       1.54000000  0  3 f8 f0 0a 04 04 7309 01 00
   10 2016 249 16 19 52 000 0     142.05000000       1.54000000  0  3 f8 f0 0a 04 04 730a 01 00
   10 2016 249 16 19 53 000 0     142.06000000       1.54000000  0  3 f8 f0 0a 04 04 730a 01 00
   10 2016 249 16 19 54 000 0     142.07000000       1.54000000  0  3 f8 f0 0a 04 04 730a 01 00
   10 2016 249 16 19 55 000 0     142.08000000       1.54000000  0  3 f8 f0 0a 04 04 730a 01 00
   10 2016 249 16 19 56 000 0     142.08000000       1.54000000  0  3 f8 f0 0a 04 04 730a 01 00
   10 2016 249 16 19 57 000 0     142.08000000       1.54000000  0  3 f8 f0 0a 04 04 730a 01 00
   10 2016 249 16 19 58 000 0     142.08000000       1.54000000  0  3 f8 f0 0a 04 04 730a 01 00
   10 2016 249 16 19 59 000 0     142.08000000       1.54000000  0  3 f8 f0 0a 04 04 730a 01 00
   10 2016 249 16 20 00 000 0     142.08000000       1.55000000  0  3 f8 f0 0a 04 04 730a 01 00
   10 2016 249 16 20 01 000 0     142.08000000       1.55000000  0  3 f8 f0 0a 04 04 730a 01 00
   11 2016 249 16 20 02 000 0     142.08000000       1.55000000  0  3 f8 f0 0a 04 04 730b 01 00
   11 2016 249 16 20 03 000 0     142.08000000       1.55000000  0  3 f8 f0 0a 04 04 730b 01 00
   11 2016 249 16 20 04 000 0     142.08000000       1.55000000  0  3 f8 f0 0a 04 04 730b 01 00
   11 2016 249 16 20 05 000 0     142.08000000       1.55000000  0  3 f8 f0 0a 04 04 730b 01 00
   11 2016 249 16 20 06 000 0     142.08000000       1.55000000  0  3 f8 f0 0a 04 04 730b 01 00
   11 2016 249 16 20 07 000 0     142.08000000       1.55000000  0  3 f8 f0 0a 04 04 730b 01 00
   11 2016 249 16 20 08 000 0     142.08000000       1.55000000  0  3 f8 f0 0a 04 04 730b 01 00
   11 2016 249 16 20 09 000 0     142.08000000       1.55000000  0  3 f8 f0 0a 04 04 730b 01 00
   11 2016 249 16 20 10 000 0     142.08000000       1.55000000  0  3 f8 f0 0a 04 04 730b 01 00
   11 2016 249 16 20 11 000 0     142.08000000       1.55000000  0  3 f8 f0 0a 04 04 730b 01 00
   12 2016 249 16 20 12 000 0     141.96000000       1.55000000  0  3 f8 f0 0a 04 04 730c 01 00
   12 2016 249 16 20 13 000 0     141.91000000       1.55000000  0  3 f8 f0 0a 04 04 730c 01 00
   12 2016 249 16 20 14 000 0     141.85000000       1.55000000  0  3 f8 f0 0a 04 04 730c 01 00
   12 2016 249 16 20 15 000 0     141.79000000       1.55000000  0  3 f8 f0 0a 04 04 730c 01 00
   12 2016 249 16 20 16 000 0     141.74000000       1.55000000  0  3 f8 f0 0a 04 04 730c 01 00
   12 2016 249 16 20 17 000 0     141.69000000       1.55000000  0  3 f8 f0 0a 04 04 730c 01 00
   12 2016 249 16 20 18 000 0     141.63000000       1.55000000  0  3 f8 f0 0a 04 04 730c 01 00
   12 2016 249 16 20 19 000 0     141.58000000       1.55000000  0  3 f8 f0 0a 04 04 730c 01 00
   12 2016 249 16 20 20 000 0     141.52000000       1.55000000  0  3 f8 f0 0a 04 04 730c 01 00
   12 2016 249 16 20 21 000 0     141.46000000       1.55000000  0  3 f8 f0 0a 04 04 730c 01 00
   13 2016 249 16 20 22 000 0     141.41000000       1.55000000  0  3 f8 f0 0a 04 04 730d 01 00
   13 2016 249 16 20 23 000 0     141.35000000       1.55000000  0  3 f8 f0 0a 04 04 730d 01 00
   13 2016 249 16 20 24 000 0     141.29000000       1.55000000  0  3 f8 f0 0a 04 04 730d 01 00
   13 2016 249 16 20 25 000 0     141.24000000       1.55000000  0  3 f8 f0 0a 04 04 730d 01 00
   13 2016 249 16 20 26 000 0     141.18000000       1.55000000  0  3 f8 f0 0a 04 04 730d 01 00
   13 2016 249 16 20 27 000 0     141.11000000       1.55000000  0  3 f8 f0 0a 04 04 730d 01 00
   13 2016 249 16 20 28 000 0     141.07000000       1.55000000  0  3 f8 f0 0a 04 04 730d 01 00
   13 2016 249 16 20 29 000 0     141.01000000       1.55000000  0  3 f8 f0 0a 04 04 730d 01 00
   13 2016 249 16 20 30 000 0     140.95000000       1.55000000  0  3 f8 f0 0a 04 04 730d 01 00
   13 2016 249 16 20 31 000 0     140.89000000       1.58000000  0  3 f8 f0 0a 04 04 730d 01 00
   14 2016 249 16 20 32 000 0     140.83000000       1.60000000  0  3 f8 f0 0a 04 04 730e 01 00
   14 2016 249 16 20 33 000 0     140.77000000       1.61000000  0  3 f8 f0 0a 04 04 730e 01 00
   14 2016 249 16 20 34 000 0     140.72000000       1.64000000  0  3 f8 f0 0a 04 04 730e 01 00
   14 2016 249 16 20 35 000 0     140.65000000       1.66000000  0  3 f8 f0 0a 04 04 730e 01 00
   14 2016 249 16 20 36 000 0     140.59000000       1.68000000  0  3 f8 f0 0a 04 04 730e 01 00
   14 2016 249 16 20 37 000 0     140.54000000       1.70000000  0  3 f8 f0 0a 04 04 730e 01 00
   14 2016 249 16 20 38 000 0     140.47000000       1.72000000  0  3 f8 f0 0a 04 04 730e 01 00
   14 2016 249 16 20 39 000 0     140.41000000       1.74000000  0  3 f8 f0 0a 04 04 730e 01 00
   14 2016 249 16 20 40 000 0     140.35000000       1.76000000  0  3 f8 f0 0a 04 04 730e 01 00
   14 2016 249 16 20 41 000 0     140.29000000       1.80000000  0  3 f8 f0 0a 04 04 730e 01 00
   15 2016 249 16 20 42 000 0     140.22000000       1.87000000  0  3 f8 f0 0a 04 04 730f 01 00
   15 2016 249 16 20 43 000 0     140.18000000       1.94000000  0  3 f8 f0 0a 04 04 730f 01 00
   15 2016 249 16 20 44 000 0     140.10000000       1.99000000  0  3 f8 f0 0a 04 04 730f 01 00
   15 2016 249 16 20 45 000 0     140.04000000       2.05000000  0  3 f8 f0 0a 04 04 730f 01 00
   15 2016 249 16 20 46 000 0     139.99000000       2.11000000  0  3 f8 f0 0a 04 04 730f 01 00
   15 2016 249 16 20 47 000 0     139.93000000       2.17000000  0  3 f8 f0 0a 04 04 730f 01 00
   15 2016 249 16 20 48 000 0     139.86000000       2.22000000  0  3 f8 f0 0a 04 04 730f 01 00
   15 2016 249 16 20 49 000 0     139.80000000       2.29000000  0  3 f8 f0 0a 04 04 730f 01 00
   15 2016 249 16 20 50 000 0     139.74000000       2.34000000  0  3 f8 f0 0a 04 04 730f 01 00
   15 2016 249 16 20 51 000 0     139.67000000       2.40000000  0  3 f8 f0 0a 04 04 730f 01 00
   16 2016 249 16 20 52 000 0     139.62000000       2.46000000  0  3 f8 f0 0a 04 04 7310 01 00
   16 2016 249 16 20 53 000 0     139.54000000       2.51000000  0  3 f8 f0 0a 04 04 7310 01 00
   16 2016 249 16 20 54 000 0     139.49000000       2.57000000  0  3 f8 f0 0a 04 04 7310 01 00
   16 2016 249 16 20 55 000 0     139.43000000       2.63000000  0  3 f8 f0 0a 04 04 7310 01 00
   16 2016 249 16 20 56 000 0     139.36000000       2.69000000  0  3 f8 f0 0a 04 04 7310 01 00
   16 2016 249 16 20 57 000 0     139.30000000       2.75000000  0  3 f8 f0 0a 04 04 7310 01 00
   16 2016 249 16 20 58 000 0     139.23000000       2.81000000  0  3 f8 f0 0a 04 04 7310 01 00
   16 2016 249 16 20 59 000 0     139.17000000       2.86000000  0  3 f8 f0 0a 04 04 7310 01 00
   16 2016 249 16 21 00 000 0     139.10000000       2.92000000  0  3 f8 f0 0a 04 04 7310 01 00
   16 2016 249 16 21 01 000 0     139.03000000       2.98000000  0  3 f8 f0 0a 04 04 7310 01 00
   17 2016 249 16 21 02 000 0     138.96000000       3.04000000  0  3 f8 f0 0a 04 04 7311 01 00
   17 2016 249 16 21 03 000 0     138.90000000       3.10000000  0  3 f8 f0 0a 04 04 7311 01 00
   17 2016 249 16 21 04 000 0     138.83000000       3.16000000  0  3 f8 f0 0a 04 04 7311 01 00
   17 2016 249 16 21 05 000 0     138.77000000       3.22000000  0  3 f8 f0 0a 04 04 7311 01 00
   17 2016 249 16 21 06 000 0     138.70000000       3.28000000  0  3 f8 f0 0a 04 04 7311 01 00
   17 2016 249 16 21 07 000 0     138.63000000       3.34000000  0  3 f8 f0 0a 04 04 7311 01 00
   17 2016 249 16 21 08 000 0     138.57000000       3.40000000  0  3 f8 f0 0a 04 04 7311 01 00
   17 2016 249 16 21 09 000 0     138.49000000       3.46000000  0  3 f8 f0 0a 04 04 7311 01 00
   17 2016 249 16 21 10 000 0     138.43000000       3.52000000  0  3 f8 f0 0a 04 04 7311 01 00
   17 2016 249 16 21 11 000 0     138.37000000       3.58000000  0  3 f8 f0 0a 04 04 7311 01 00
   18 2016 249 16 21 12 000 0     138.29000000       3.65000000  0  3 f8 f0 0a 04 04 7312 01 00
   18 2016 249 16 21 13 000 0     138.23000000       3.70000000  0  3 f8 f0 0a 04 04 7312 01 00
   18 2016 249 16 21 14 000 0     138.15000000       3.76000000  0  3 f8 f0 0a 04 04 7312 01 00
   18 2016 249 16 21 15 000 0     138.09000000       3.82000000  0  3 f8 f0 0a 04 04 7312 01 00
   18 2016 249 16 21 16 000 0     138.02000000       3.88000000  0  3 f8 f0 0a 04 04 7312 01 00
   18 2016 249 16 21 17 000 0     137.94000000       3.95000000  0  3 f8 f0 0a 04 04 7312 01 00
   18 2016 249 16 21 18 000 0     137.89000000       4.01000000  0  3 f8 f0 0a 04 04 7312 01 00
   18 2016 249 16 21 19 000 0     137.81000000       4.07000000  0  3 f8 f0 0a 04 04 7312 01 00
   18 2016 249 16 21 20 000 0     137.74000000       4.13000000  0  3 f8 f0 0a 04 04 7312 01 00
   18 2016 249 16 21 21 000 0     137.67000000       4.20000000  0  3 f8 f0 0a 04 04 7312 01 00
   19 2016 249 16 21 22 000 0     137.59000000       4.25000000  0  3 f8 f0 0a 04 04 7313 01 00
   19 2016 249 16 21 23 000 0     137.53000000       4.31000000  0  3 f8 f0 0a 04 04 7313 01 00
   19 2016 249 16 21 24 000 0     137.44000000       4.38000000  0  3 f8 f0 0a 04 04 7313 01 00
   19 2016 249 16 21 25 000 0     137.37000000       4.43000000  0  3 f8 f0 0a 04 04 7313 01 00
   19 2016 249 16 21 26 000 0     137.30000000       4.50000000  0  3 f8 f0 0a 04 04 7313 01 00
   19 2016 249 16 21 27 000 0     137.22000000       4.55000000  0  3 f8 f0 0a 04 04 7313 01 00
   19 2016 249 16 21 28 000 0     137.16000000       4.62000000  0  3 f8 f0 0a 04 04 7313 01 00
   19 2016 249 16 21 29 000 0     137.08000000       4.68000000  0  3 f8 f0 0a 04 04 7313 01 00
   19 2016 249 16 21 30 000 0     137.01000000       4.74000000  0  3 f8 f0 0a 04 04 7313 01 00
   19 2016 249 16 21 31 000 0     136.94000000       4.80000000  0  3 f8 f0 0a 04 04 7313 01 00
   20 2016 249 16 21 32 000 0     136.85000000       4.87000000  0  3 f8 f0 0a 04 04 7314 01 00
   20 2016 249 16 21 33 000 0     136.78000000       4.94000000  0  3 f8 f0 0a 04 04 7314 01 00
   20 2016 249 16 21 34 000 0     136.70000000       4.99000000  0  3 f8 f0 0a 04 04 7314 01 00
   20 2016 249 16 21 35 000 0     136.63000000       5.06000000  0  3 f8 f0 0a 04 04 7314 01 00
   20 2016 249 16 21 36 000 0     136.55000000       5.11000000  0  3 f8 f0 0a 04 04 7314 01 00
   20 2016 249 16 21 37 000 0     136.48000000       5.19000000  0  3 f8 f0 0a 04 04 7314 01 00
   20 2016 249 16 21 38 000 0     136.41000000       5.25000000  0  3 f8 f0 0a 04 04 7314 01 00
   20 2016 249 16 21 39 000 0     136.33000000       5.31000000  0  3 f8 f0 0a 04 04 7314 01 00
   20 2016 249 16 21 40 000 0     136.26000000       5.38000000  0  3 f8 f0 0a 04 04 7314 01 00
   20 2016 249 16 21 41 000 0     136.17000000       5.44000000  0  3 f8 f0 0a 04 04 7314 01 00
   21 2016 249 16 21 42 000 0     136.11000000       5.49000000  0  3 f8 f0 0a 04 04 7315 01 00
   21 2016 249 16 21 43 000 0     136.01000000       5.56000000  0  3 f8 f0 0a 04 04 7315 01 00
   21 2016 249 16 21 44 000 0     135.94000000       5.62000000  0  3 f8 f0 0a 04 04 7315 01 00
   21 2016 249 16 21 45 000 0     135.86000000       5.69000000  0  3 f8 f0 0a 04 04 7315 01 00
   21 2016 249 16 21 46 000 0     135.78000000       5.75000000  0  3 f8 f0 0a 04 04 7315 01 00
   21 2016 249 16 21 47 000 0     135.70000000       5.81000000  0  3 f8 f0 0a 04 04 7315 01 00
   21 2016 249 16 21 48 000 0     135.62000000       5.88000000  0  3 f8 f0 0a 04 04 7315 01 00
   21 2016 249 16 21 49 000 0     135.55000000       5.94000000  0  3 f8 f0 0a 04 04 7315 01 00
   21 2016 249 16 21 50 000 0     135.47000000       6.00000000  0  3 f8 f0 0a 04 04 7315 01 00
   21 2016 249 16 21 51 000 0     135.39000000       6.07000000  0  3 f8 f0 0a 04 04 7315 01 00
   22 2016 249 16 21 52 000 0     135.29000000       6.14000000  0  3 f8 f0 0a 04 04 7316 01 00
   22 2016 249 16 21 53 000 0     135.22000000       6.20000000  0  3 f8 f0 0a 04 04 7316 01 00
   22 2016 249 16 21 54 000 0     135.12000000       6.26000000  0  3 f8 f0 0a 04 04 7316 01 00
   22 2016 249 16 21 55 000 0     135.05000000       6.33000000  0  3 f8 f0 0a 04 04 7316 01 00
   22 2016 249 16 21 56 000 0     134.97000000       6.39000000  0  3 f8 f0 0a 04 04 7316 01 00
   22 2016 249 16 21 57 000 0     134.89000000       6.45000000  0  3 f8 f0 0a 04 04 7316 01 00
   22 2016 249 16 21 58 000 0     134.80000000       6.52000000  0  3 f8 f0 0a 04 04 7316 01 00
   22 2016 249 16 21 59 000 0     134.72000000       6.59000000  0  3 f8 f0 0a 04 04 7316 01 00
   22 2016 249 16 22 00 000 0     134.63000000       6.66000000  0  3 f8 f0 0a 04 04 7316 01 00
   22 2016 249 16 22 01 000 0     134.55000000       6.72000000  0  3 f8 f0 0a 04 04 7316 01 00
   23 2016 249 16 22 02 000 0     134.47000000       6.78000000  0  3 f8 f0 0a 04 04 7317 01 00
   23 2016 249 16 22 03 000 0     134.38000000       6.85000000  0  3 f8 f0 0a 04 04 7317 01 00
   23 2016 249 16 22 04 000 0     134.30000000       6.92000000  0  3 f8 f0 0a 04 04 7317 01 00
   23 2016 249 16 22 05 000 0     134.21000000       6.98000000  0  3 f8 f0 0a 04 04 7317 01 00
   23 2016 249 16 22 06 000 0     134.11000000       7.05000000  0  3 f8 f0 0a 04 04 7317 01 00
   23 2016 249 16 22 07 000 0     134.03000000       7.12000000  0  3 f8 f0 0a 04 04 7317 01 00
   23 2016 249 16 22 08 000 0     133.95000000       7.19000000  0  3 f8 f0 0a 04 04 7317 01 00
   23 2016 249 16 22 09 000 0     133.86000000       7.24000000  0  3 f8 f0 0a 04 04 7317 01 00
   23 2016 249 16 22 10 000 0     133.78000000       7.31000000  0  3 f8 f0 0a 04 04 7317 01 00
   23 2016 249 16 22 11 000 0     133.69000000       7.38000000  0  3 f8 f0 0a 04 04 7317 01 00
   24 2016 249 16 22 12 000 0     133.59000000       7.45000000  0  3 f8 f0 0a 04 04 7318 01 00
   24 2016 249 16 22 13 000 0     133.50000000       7.52000000  0  3 f8 f0 0a 04 04 7318 01 00
   24 2016 249 16 22 14 000 0     133.41000000       7.58000000  0  3 f8 f0 0a 04 04 7318 01 00
   24 2016 249 16 22 15 000 0     133.33000000       7.64000000  0  3 f8 f0 0a 04 04 7318 01 00
   24 2016 249 16 22 16 000 0     133.24000000       7.71000000  0  3 f8 f0 0a 04 04 7318 01 00
   24 2016 249 16 22 17 000 0     133.15000000       7.78000000  0  3 f8 f0 0a 04 04 7318 01 00
   24 2016 249 16 22 18 000 0     133.06000000       7.84000000  0  3 f8 f0 0a 04 04 7318 01 00
   24 2016 249 16 22 19 000 0     132.96000000       7.92000000  0  3 f8 f0 0a 04 04 7318 01 00
   24 2016 249 16 22 20 000 0     132.87000000       7.99000000  0  3 f8 f0 0a 04 04 7318 01 00
   24 2016 249 16 22 21 000 0     132.78000000       8.06000000  0  3 f8 f0 0a 04 04 7318 01 00
   25 2016 249 16 22 22 000 0     132.69000000       8.11000000  0  3 f8 f0 0a 04 04 7319 01 00
   25 2016 249 16 22 23 000 0     132.60000000       8.18000000  0  3 f8 f0 0a 04 04 7319 01 00
   25 2016 249 16 22 24 000 0     132.49000000       8.25000000  0  3 f8 f0 0a 04 04 7319 01 00
   25 2016 249 16 22 25 000 0     132.41000000       8.32000000  0  3 f8 f0 0a 04 04 7319 01 00
   25 2016 249 16 22 26 000 0     132.30000000       8.40000000  0  3 f8 f0 0a 04 04 7319 01 00
   25 2016 249 16 22 27 000 0     132.21000000       8.46000000  0  3 f8 f0 0a 04 04 7319 01 00
   25 2016 249 16 22 28 000 0     132.12000000       8.53000000  0  3 f8 f0 0a 04 04 7319 01 00
   25 2016 249 16 22 29 000 0     132.03000000       8.60000000  0  3 f8 f0 0a 04 04 7319 01 00
   25 2016 249 16 22 30 000 0     131.93000000       8.67000000  0  3 f8 f0 0a 04 04 7319 01 00
   25 2016 249 16 22 31 000 0     131.83000000       8.74000000  0  3 f8 f0 0a 04 04 7319 01 00
   26 2016 249 16 22 32 000 0     131.72000000       8.81000000  0  3 f8 f0 0a 04 04 731a 01 00
   26 2016 249 16 22 33 000 0     131.62000000       8.89000000  0  3 f8 f0 0a 04 04 731a 01 00
   26 2016 249 16 22 34 000 0     131.53000000       8.95000000  0  3 f8 f0 0a 04 04 731a 01 00
   26 2016 249 16 22 35 000 0     131.43000000       9.01000000  0  3 f8 f0 0a 04 04 731a 01 00
   26 2016 249 16 22 36 000 0     131.34000000       9.08000000  0  3 f8 f0 0a 04 04 731a 01 00
   26 2016 249 16 22 37 000 0     131.22000000       9.16000000  0  3 f8 f0 0a 04 04 731a 01 00
   26 2016 249 16 22 38 000 0     131.13000000       9.23000000  0  3 f8 f0 0a 04 04 731a 01 00
   26 2016 249 16 22 39 000 0     131.03000000       9.30000000  0  3 f8 f0 0a 04 04 731a 01 00
   26 2016 249 16 22 40 000 0     130.93000000       9.37000000  0  3 f8 f0 0a 04 04 731a 01 00
   26 2016 249 16 22 41 000 0     130.83000000       9.44000000  0  3 f8 f0 0a 04 04 731a 01 00
   27 2016 249 16 22 42 000 0     130.73000000       9.50000000  0  3 f8 f0 0a 04 04 731b 01 00
   27 2016 249 16 22 43 000 0     130.63000000       9.57000000  0  3 f8 f0 0a 04 04 731b 01 00
   27 2016 249 16 22 44 000 0     130.51000000       9.65000000  0  3 f8 f0 0a 04 04 731b 01 00
   27 2016 249 16 22 45 000 0     130.41000000       9.72000000  0  3 f8 f0 0a 04 04 731b 01 00
   27 2016 249 16 22 46 000 0     130.31000000       9.79000000  0  3 f8 f0 0a 04 04 731b 01 00
   27 2016 249 16 22 47 000 0     130.20000000       9.86000000  0  3 f8 f0 0a 04 04 731b 01 00
   27 2016 249 16 22 48 000 0     130.12000000       9.93000000  0  3 f8 f0 0a 04 04 731b 01 00
   27 2016 249 16 22 49 000 0     130.00000000      10.00000000  0  3 f8 f0 0a 04 04 731b 01 00
   27 2016 249 16 22 50 000 0     129.91000000      10.07000000  0  3 f8 f0 0a 04 04 731b 01 00
   27 2016 249 16 22 51 000 0     129.79000000      10.15000000  0  3 f8 f0 0a 04 04 731b 01 00
   28 2016 249 16 22 52 000 0     129.67000000      10.22000000  0  3 f8 f0 0a 04 04 731c 01 00
   28 2016 249 16 22 53 000 0     129.57000000      10.29000000  0  3 f8 f0 0a 04 04 731c 01 00
   28 2016 249 16 22 54 000 0     129.45000000      10.37000000  0  3 f8 f0 0a 04 04 731c 01 00
   28 2016 249 16 22 55 000 0     129.36000000      10.43000000  0  3 f8 f0 0a 04 04 731c 01 00
   28 2016 249 16 22 56 000 0     129.25000000      10.50000000  0  3 f8 f0 0a 04 04 731c 01 00
   28 2016 249 16 22 57 000 0     129.13000000      10.57000000  0  3 f8 f0 0a 04 04 731c 01 00
   28 2016 249 16 22 58 000 0     129.02000000      10.65000000  0  3 f8 f0 0a 04 04 731c 01 00
   28 2016 249 16 22 59 000 0     128.91000000      10.73000000  0  3 f8 f0 0a 04 04 731c 01 00
   28 2016 249 16 23 00 000 0     128.79000000      10.80000000  0  3 f8 f0 0a 04 04 731c 01 00
   28 2016 249 16 23 01 000 0     128.70000000      10.86000000  0  3 f8 f0 0a 04 04 731c 01 00
   29 2016 249 16 23 02 000 0     128.58000000      10.93000000  0  3 f8 f0 0a 04 04 731d 01 00
   29 2016 249 16 23 03 000 0     128.46000000      11.01000000  0  3 f8 f0 0a 04 04 731d 01 00
   29 2016 249 16 23 04 000 0     128.35000000      11.08000000  0  3 f8 f0 0a 04 04 731d 01 00
   29 2016 249 16 23 05 000 0     128.23000000      11.16000000  0  3 f8 f0 0a 04 04 731d 01 00
   29 2016 249 16 23 06 000 0     128.10000000      11.24000000  0  3 f8 f0 0a 04 04 731d 01 00
   29 2016 249 16 23 07 000 0     128.00000000      11.31000000  0  3 f8 f0 0a 04 04 731d 01 00
   29 2016 249 16 23 08 000 0     127.89000000      11.37000000  0  3 f8 f0 0a 04 04 731d 01 00
   29 2016 249 16 23 09 000 0     127.77000000      11.44000000  0  3 f8 f0 0a 04 04 731d 01 00
   29 2016 249 16 23 10 000 0     127.67000000      11.52000000  0  3 f8 f0 0a 04 04 731d 01 00
   29 2016 249 16 23 11 000 0     127.54000000      11.59000000  0  3 f8 f0 0a 04 04 731d 01 00
   30 2016 249 16 23 12 000 0     127.41000000      11.67000000  0  3 f8 f0 0a 04 04 731e 01 00
   30 2016 249 16 23 13 000 0     127.29000000      11.75000000  0  3 f8 f0 0a 04 04 731e 01 00
   30 2016 249 16 23 14 000 0     127.18000000      11.81000000  0  3 f8 f0 0a 04 04 731e 01 00
   30 2016 249 16 23 15 000 0     127.06000000      11.89000000  0  3 f8 f0 0a 04 04 731e 01 00
   30 2016 249 16 23 16 000 0     126.95000000      11.96000000  0  3 f8 f0 0a 04 04 731e 01 00
   30 2016 249 16 23 17 000 0     126.82000000      12.04000000  0  3 f8 f0 0a 04 04 731e 01 00
   30 2016 249 16 23 18 000 0     126.69000000      12.12000000  0  3 f8 f0 0a 04 04 731e 01 00
   30 2016 249 16 23 19 000 0     126.58000000      12.19000000  0  3 f8 f0 0a 04 04 731e 01 00
   30 2016 249 16 23 20 000 0     126.45000000      12.27000000  0  3 f8 f0 0a 04 04 731e 01 00
   30 2016 249 16 23 21 000 0     126.33000000      12.33000000  0  3 f8 f0 0a 04 04 731e 01 00
   31 2016 249 16 23 22 000 0     126.21000000      12.41000000  0  3 f8 f0 0a 04 04 731f 01 00
   31 2016 249 16 23 23 000 0     126.09000000      12.48000000  0  3 f8 f0 0a 04 04 731f 01 00
   31 2016 249 16 23 24 000 0     125.95000000      12.56000000  0  3 f8 f0 0a 04 04 731f 01 00
   31 2016 249 16 23 25 000 0     125.82000000      12.64000000  0  3 f8 f0 0a 04 04 731f 01 00
   31 2016 249 16 23 26 000 0     125.69000000      12.72000000  0  3 f8 f0 0a 04 04 731f 01 00
   31 2016 249 16 23 27 000 0     125.56000000      12.79000000  0  3 f8 f0 0a 04 04 731f 01 00
   31 2016 249 16 23 28 000 0     125.44000000      12.86000000  0  3 f8 f0 0a 04 04 731f 01 00
   31 2016 249 16 23 29 000 0     125.32000000      12.94000000  0  3 f8 f0 0a 04 04 731f 01 00
   31 2016 249 16 23 30 000 0     125.20000000      13.01000000  0  3 f8 f0 0a 04 04 731f 01 00
   31 2016 249 16 23 31 000 0     125.04000000      13.09000000  0  3 f8 f0 0a 04 04 731f 01 00
   32 2016 249 16 23 32 000 0     124.91000000      13.17000000  0  3 f8 f0 0a 04 04 7320 01 00
   32 2016 249 16 23 33 000 0     124.77000000      13.24000000  0  3 f8 f0 0a 04 04 7320 01 00
   32 2016 249 16 23 34 000 0     124.66000000      13.31000000  0  3 f8 f0 0a 04 04 7320 01 00
   32 2016 249 16 23 35 000 0     124.52000000      13.39000000  0  3 f8 f0 0a 04 04 7320 01 00
   32 2016 249 16 23 36 000 0     124.39000000      13.47000000  0  3 f8 f0 0a 04 04 7320 01 00
   32 2016 249 16 23 37 000 0     124.24000000      13.55000000  0  3 f8 f0 0a 04 04 7320 01 00
   32 2016 249 16 23 38 000 0     124.11000000      13.62000000  0  3 f8 f0 0a 04 04 7320 01 00
   32 2016 249 16 23 39 000 0     123.97000000      13.70000000  0  3 f8 f0 0a 04 04 7320 01 00
   32 2016 249 16 23 40 000 0     123.84000000      13.77000000  0  3 f8 f0 0a 04 04 7320 01 00
   32 2016 249 16 23 41 000 0     123.71000000      13.84000000  0  3 f8 f0 0a 04 04 7320 01 00
   33 2016 249 16 23 42 000 0     123.57000000      13.93000000  0  3 f8 f0 0a 04 04 7321 01 00
   33 2016 249 16 23 43 000 0     123.43000000      14.00000000  0  3 f8 f0 0a 04 04 7321 01 00
   33 2016 249 16 23 44 000 0     123.28000000      14.09000000  0  3 f8 f0 0a 04 04 7321 01 00
   33 2016 249 16 23 45 000 0     123.13000000      14.17000000  0  3 f8 f0 0a 04 04 7321 01 00
   33 2016 249 16 23 46 000 0     122.98000000      14.25000000  0  3 f8 f0 0a 04 04 7321 01 00
   33 2016 249 16 23 47 000 0     122.87000000      14.32000000  0  3 f8 f0 0a 04 04 7321 01 00
   33 2016 249 16 23 48 000 0     122.73000000      14.39000000  0  3 f8 f0 0a 04 04 7321 01 00
   33 2016 249 16 23 49 000 0     122.58000000      14.47000000  0  3 f8 f0 0a 04 04 7321 01 00
   33 2016 249 16 23 50 000 0     122.44000000      14.55000000  0  3 f8 f0 0a 04 04 7321 01 00
   33 2016 249 16 23 51 000 0     122.28000000      14.63000000  0  3 f8 f0 0a 04 04 7321 01 00
   34 2016 249 16 23 52 000 0     122.13000000      14.71000000  0  3 f8 f0 0a 04 04 7322 01 00
   34 2016 249 16 23 53 000 0     121.99000000      14.79000000  0  3 f8 f0 0a 04 04 7322 01 00
   34 2016 249 16 23 54 000 0     121.86000000      14.86000000  0  3 f8 f0 0a 04 04 7322 01 00
   34 2016 249 16 23 55 000 0     121.70000000      14.93000000  0  3 f8 f0 0a 04 04 7322 01 00
   34 2016 249 16 23 56 000 0     121.55000000      15.01000000  0  3 f8 f0 0a 04 04 7322 01 00
   34 2016 249 16 23 57 000 0     121.40000000      15.09000000  0  3 f8 f0 0a 04 04 7322 01 00
   34 2016 249 16 23 58 000 0     121.24000000      15.17000000  0  3 f8 f0 0a 04 04 7322 01 00
   34 2016 249 16 23 59 000 0     121.10000000      15.25000000  0  3 f8 f0 0a 04 04 7322 01 00
   34 2016 249 16 24 00 000 0     120.97000000      15.32000000  0  3 f8 f0 0a 04 04 7322 01 00
   34 2016 249 16 24 01 000 0     120.81000000      15.40000000  0  3 f8 f0 0a 04 04 7322 01 00
   35 2016 249 16 24 02 000 0     120.65000000      15.47000000  0  3 f8 f0 0a 04 04 7323 01 00
   35 2016 249 16 24 03 000 0     120.49000000      15.56000000  0  3 f8 f0 0a 04 04 7323 01 00
   35 2016 249 16 24 04 000 0     120.33000000      15.64000000  0  3 f8 f0 0a 04 04 7323 01 00
   35 2016 249 16 24 05 000 0     120.18000000      15.72000000  0  3 f8 f0 0a 04 04 7323 01 00
   35 2016 249 16 24 06 000 0     120.02000000      15.79000000  0  3 f8 f0 0a 04 04 7323 01 00
   35 2016 249 16 24 07 000 0     119.87000000      15.87000000  0  3 f8 f0 0a 04 04 7323 01 00
   35 2016 249 16 24 08 000 0     119.72000000      15.95000000  0  3 f8 f0 0a 04 04 7323 01 00
   35 2016 249 16 24 09 000 0     119.56000000      16.03000000  0  3 f8 f0 0a 04 04 7323 01 00
   35 2016 249 16 24 10 000 0     119.40000000      16.11000000  0  3 f8 f0 0a 04 04 7323 01 00
   35 2016 249 16 24 11 000 0     119.24000000      16.19000000  0  3 f8 f0 0a 04 04 7323 01 00
   36 2016 249 16 24 12 000 0     119.05000000      16.28000000  0  3 f8 f0 0a 04 04 7324 01 00
   36 2016 249 16 24 13 000 0     118.91000000      16.35000000  0  3 f8 f0 0a 04 04 7324 01 00
   36 2016 249 16 24 14 000 0     118.74000000      16.42000000  0  3 f8 f0 0a 04 04 7324 01 00
   36 2016 249 16 24 15 000 0     118.57000000      16.51000000  0  3 f8 f0 0a 04 04 7324 01 00
   36 2016 249 16 24 16 000 0     118.41000000      16.58000000  0  3 f8 f0 0a 04 04 7324 01 00
   36 2016 249 16 24 17 000 0     118.24000000      16.66000000  0  3 f8 f0 0a 04 04 7324 01 00
   36 2016 249 16 24 18 000 0     118.08000000      16.74000000  0  3 f8 f0 0a 04 04 7324 01 00
   36 2016 249 16 24 19 000 0     117.90000000      16.83000000  0  3 f8 f0 0a 04 04 7324 01 00
   36 2016 249 16 24 20 000 0     117.75000000      16.90000000  0  3 f8 f0 0a 04 04 7324 01 00
   36 2016 249 16 24 21 000 0     117.58000000      16.98000000  0  3 f8 f0 0a 04 04 7324 01 00
   37 2016 249 16 24 22 000 0     117.41000000      17.06000000  0  3 f8 f0 0a 04 04 7325 01 00
   37 2016 249 16 24 23 000 0     117.23000000      17.14000000  0  3 f8 f0 0a 04 04 7325 01 00
   37 2016 249 16 24 24 000 0     117.06000000      17.22000000  0  3 f8 f0 0a 04 04 7325 01 00
   37 2016 249 16 24 25 000 0     116.88000000      17.30000000  0  3 f8 f0 0a 04 04 7325 01 00
   37 2016 249 16 24 26 000 0     116.69000000      17.38000000  0  3 f8 f0 0a 04 04 7325 01 00
   37 2016 249 16 24 27 000 0     116.54000000      17.45000000  0  3 f8 f0 0a 04 04 7325 01 00
   37 2016 249 16 24 28 000 0     116.36000000      17.53000000  0  3 f8 f0 0a 04 04 7325 01 00
   37 2016 249 16 24 29 000 0     116.19000000      17.61000000  0  3 f8 f0 0a 04 04 7325 01 00
   37 2016 249 16 24 30 000 0     116.01000000      17.69000000  0  3 f8 f0 0a 04 04 7325 01 00
   37 2016 249 16 24 31 000 0     115.81000000      17.78000000  0  3 f8 f0 0a 04 04 7325 01 00
   38 2016 249 16 24 32 000 0     115.63000000      17.86000000  0  3 f8 f0 0a 04 04 7326 01 00
   38 2016 249 16 24 33 000 0     115.46000000      17.92000000  0  3 f8 f0 0a 04 04 7326 01 00
   38 2016 249 16 24 34 000 0     115.28000000      18.00000000  0  3 f8 f0 0a 04 04 7326 01 00
   38 2016 249 16 24 35 000 0     115.07000000      18.09000000  0  3 f8 f0 0a 04 04 7326 01 00
   38 2016 249 16 24 36 000 0     114.91000000      18.15000000  0  3 f8 f0 0a 04 04 7326 01 00
   38 2016 249 16 24 37 000 0     114.71000000      18.24000000  0  3 f8 f0 0a 04 04 7326 01 00
   38 2016 249 16 24 38 000 0     114.53000000      18.32000000  0  3 f8 f0 0a 04 04 7326 01 00
   38 2016 249 16 24 39 000 0     114.34000000      18.40000000  0  3 f8 f0 0a 04 04 7326 01 00
   38 2016 249 16 24 40 000 0     114.18000000      18.47000000  0  3 f8 f0 0a 04 04 7326 01 00
   38 2016 249 16 24 41 000 0     113.99000000      18.55000000  0  3 f8 f0 0a 04 04 7326 01 00
   39 2016 249 16 24 42 000 0     113.80000000      18.63000000  0  3 f8 f0 0a 04 04 7327 01 00
   39 2016 249 16 24 43 000 0     113.61000000      18.71000000  0  3 f8 f0 0a 04 04 7327 01 00
   39 2016 249 16 24 44 000 0     113.40000000      18.79000000  0  3 f8 f0 0a 04 04 7327 01 00
   39 2016 249 16 24 45 000 0     113.20000000      18.87000000  0  3 f8 f0 0a 04 04 7327 01 00
   39 2016 249 16 24 46 000 0     113.03000000      18.94000000  0  3 f8 f0 0a 04 04 7327 01 00
   39 2016 249 16 24 47 000 0     112.83000000      19.02000000  0  3 f8 f0 0a 04 04 7327 01 00
   39 2016 249 16 24 48 000 0     112.63000000      19.10000000  0  3 f8 f0 0a 04 04 7327 01 00
   39 2016 249 16 24 49 000 0     112.44000000      19.18000000  0  3 f8 f0 0a 04 04 7327 01 00
   39 2016 249 16 24 50 000 0     112.25000000      19.26000000  0  3 f8 f0 0a 04 04 7327 01 00
   39 2016 249 16 24 51 000 0     112.03000000      19.34000000  0  3 f8 f0 0a 04 04 7327 01 00
   40 2016 249 16 24 52 000 0     111.83000000      19.42000000  0  3 f8 f0 0a 04 04 7328 01 00
   40 2016 249 16 24 53 000 0     111.64000000      19.49000000  0  3 f8 f0 0a 04 04 7328 01 00
   40 2016 249 16 24 54 000 0     111.45000000      19.57000000  0  3 f8 f0 0a 04 04 7328 01 00
   40 2016 249 16 24 55 000 0     111.24000000      19.64000000  0  3 f8 f0 0a 04 04 7328 01 00
   40 2016 249 16 24 56 000 0     111.03000000      19.72000000  0  3 f8 f0 0a 04 04 7328 01 00
   40 2016 249 16 24 57 000 0     110.83000000      19.80000000  0  3 f8 f0 0a 04 04 7328 01 00
   40 2016 249 16 24 58 000 0     110.63000000      19.87000000  0  3 f8 f0 0a 04 04 7328 01 00
   40 2016 249 16 24 59 000 0     110.41000000      19.96000000  0  3 f8 f0 0a 04 04 7328 01 00
   40 2016 249 16 25 00 000 0     110.22000000      20.03000000  0  3 f8 f0 0a 04 04 7328 01 00
   40 2016 249 16 25 01 000 0     110.01000000      20.10000000  0  3 f8 f0 0a 04 04 7328 01 00
   41 2016 249 16 25 02 000 0     109.79000000      20.18000000  0  3 f8 f0 0a 04 04 7329 01 00
   41 2016 249 16 25 03 000 0     109.58000000      20.26000000  0  3 f8 f0 0a 04 04 7329 01 00
   41 2016 249 16 25 04 000 0     109.37000000      20.34000000  0  3 f8 f0 0a 04 04 7329 01 00
   41 2016 249 16 25 05 000 0     109.14000000      20.42000000  0  3 f8 f0 0a 04 04 7329 01 00
   41 2016 249 16 25 06 000 0     108.94000000      20.49000000  0  3 f8 f0 0a 04 04 7329 01 00
   41 2016 249 16 25 07 000 0     108.73000000      20.56000000  0  3 f8 f0 0a 04 04 7329 01 00
   41 2016 249 16 25 08 000 0     108.52000000      20.64000000  0  3 f8 f0 0a 04 04 7329 01 00
   41 2016 249 16 25 09 000 0     108.31000000      20.71000000  0  3 f8 f0 0a 04 04 7329 01 00
   41 2016 249 16 25 10 000 0     108.09000000      20.79000000  0  3 f8 f0 0a 04 04 7329 01 00
   41 2016 249 16 25 11 000 0     107.87000000      20.86000000  0  3 f8 f0 0a 04 04 7329 01 00
   42 2016 249 16 25 12 000 0     107.63000000      20.94000000  0  3 f8 f0 0a 04 04 732a 01 00
   42 2016 249 16 25 13 000 0     107.42000000      21.01000000  0  3 f8 f0 0a 04 04 732a 01 00
   42 2016 249 16 25 14 000 0     107.19000000      21.09000000  0  3 f8 f0 0a 04 04 732a 01 00
   42 2016 249 16 25 15 000 0     106.97000000      21.16000000  0  3 f8 f0 0a 04 04 732a 01 00
   42 2016 249 16 25 16 000 0     106.75000000      21.23000000  0  3 f8 f0 0a 04 04 732a 01 00
   42 2016 249 16 25 17 000 0     106.53000000      21.30000000  0  3 f8 f0 0a 04 04 732a 01 00
   42 2016 249 16 25 18 000 0     106.29000000      21.38000000  0  3 f8 f0 0a 04 04 732a 01 00
   42 2016 249 16 25 19 000 0     106.08000000      21.45000000  0  3 f8 f0 0a 04 04 732a 01 00
   42 2016 249 16 25 20 000 0     105.85000000      21.52000000  0  3 f8 f0 0a 04 04 732a 01 00
   42 2016 249 16 25 21 000 0     105.62000000      21.59000000  0  3 f8 f0 0a 04 04 732a 01 00
   43 2016 249 16 25 22 000 0     105.38000000      21.67000000  0  3 f8 f0 0a 04 04 732b 01 00
   43 2016 249 16 25 23 000 0     105.15000000      21.73000000  0  3 f8 f0 0a 04 04 732b 01 00
   43 2016 249 16 25 24 000 0     104.91000000      21.81000000  0  3 f8 f0 0a 04 04 732b 01 00
   43 2016 249 16 25 25 000 0     104.67000000      21.88000000  0  3 f8 f0 0a 04 04 732b 01 00
   43 2016 249 16 25 26 000 0     104.45000000      21.96000000  0  3 f8 f0 0a 04 04 732b 01 00
   43 2016 249 16 25 27 000 0     104.21000000      22.02000000  0  3 f8 f0 0a 04 04 732b 01 00
   43 2016 249 16 25 28 000 0     103.97000000      22.10000000  0  3 f8 f0 0a 04 04 732b 01 00
   43 2016 249 16 25 29 000 0     103.74000000      22.17000000  0  3 f8 f0 0a 04 04 732b 01 00
   43 2016 249 16 25 30 000 0     103.50000000      22.24000000  0  3 f8 f0 0a 04 04 732b 01 00
   43 2016 249 16 25 31 000 0     103.24000000      22.31000000  0  3 f8 f0 0a 04 04 732b 01 00
   44 2016 249 16 25 32 000 0     103.02000000      22.37000000  0  3 f8 f0 0a 04 04 732c 01 00
   44 2016 249 16 25 33 000 0     102.76000000      22.44000000  0  3 f8 f0 0a 04 04 732c 01 00
   44 2016 249 16 25 34 000 0     102.51000000      22.51000000  0  3 f8 f0 0a 04 04 732c 01 00
   44 2016 249 16 25 35 000 0     102.25000000      22.58000000  0  3 f8 f0 0a 04 04 732c 01 00
   44 2016 249 16 25 36 000 0     102.01000000      22.65000000  0  3 f8 f0 0a 04 04 732c 01 00
   44 2016 249 16 25 37 000 0     101.77000000      22.71000000  0  3 f8 f0 0a 04 04 732c 01 00
   44 2016 249 16 25 38 000 0     101.52000000      22.78000000  0  3 f8 f0 0a 04 04 732c 01 00
   44 2016 249 16 25 39 000 0     101.30000000      22.84000000  0  3 f8 f0 0a 04 04 732c 01 00
   44 2016 249 16 25 40 000 0     101.05000000      22.91000000  0  3 f8 f0 0a 04 04 732c 01 00
   44 2016 249 16 25 41 000 0     100.78000000      22.98000000  0  3 f8 f0 0a 04 04 732c 01 00
   45 2016 249 16 25 42 000 0     100.51000000      23.05000000  0  3 f8 f0 0a 04 04 732d 01 00
   45 2016 249 16 25 43 000 0     100.26000000      23.11000000  0  3 f8 f0 0a 04 04 732d 01 00
   45 2016 249 16 25 44 000 0     100.01000000      23.17000000  0  3 f8 f0 0a 04 04 732d 01 00
   45 2016 249 16 25 45 000 0      99.77000000      23.23000000  0  3 f8 f0 0a 04 04 732d 01 00
   45 2016 249 16 25 46 000 0      99.52000000      23.29000000  0  3 f8 f0 0a 04 04 732d 01 00
   45 2016 249 16 25 47 000 0      99.26000000      23.36000000  0  3 f8 f0 0a 04 04 732d 01 00
   45 2016 249 16 25 48 000 0      98.99000000      23.43000000  0  3 f8 f0 0a 04 04 732d 01 00
   45 2016 249 16 25 49 000 0      98.72000000      23.49000000  0  3 f8 f0 0a 04 04 732d 01 00
   45 2016 249 16 25 50 000 0      98.47000000      23.55000000  0  3 f8 f0 0a 04 04 732d 01 00
   45 2016 249 16 25 51 000 0      98.20000000      23.61000000  0  3 f8 f0 0a 04 04 732d 01 00
   46 2016 249 16 25 52 000 0      97.96000000      23.67000000  0  3 f8 f0 0a 04 04 732e 01 00
   46 2016 249 16 25 53 000 0      97.69000000      23.73000000  0  3 f8 f0 0a 04 04 732e 01 00
   46 2016 249 16 25 54 000 0      97.43000000      23.79000000  0  3 f8 f0 0a 04 04 732e 01 00
   46 2016 249 16 25 55 000 0      97.13000000      23.85000000  0  3 f8 f0 0a 04 04 732e 01 00
   46 2016 249 16 25 56 000 0      96.87000000      23.91000000  0  3 f8 f0 0a 04 04 732e 01 00
   46 2016 249 16 25 57 000 0      96.54000000      23.98000000  0  3 f8 f0 0a 04 04 732e 01 00
   46 2016 249 16 25 58 000 0      96.34000000      24.03000000  0  3 f8 f0 0a 04 04 732e 01 00
   46 2016 249 16 25 59 000 0      96.08000000      24.08000000  0  3 f8 f0 0a 04 04 732e 01 00
   46 2016 249 16 26 00 000 0      95.83000000      24.14000000  0  3 f8 f0 0a 04 04 732e 01 00
   46 2016 249 16 26 01 000 0      95.54000000      24.19000000  0  3 f8 f0 0a 04 04 732e 01 00
   47 2016 249 16 26 02 000 0      95.25000000      24.25000000  0  3 f8 f0 0a 04 04 732f 01 00
   47 2016 249 16 26 03 000 0      94.97000000      24.30000000  0  3 f8 f0 0a 04 04 732f 01 00
   47 2016 249 16 26 04 000 0      94.68000000      24.36000000  0  3 f8 f0 0a 04 04 732f 01 00
   47 2016 249 16 26 05 000 0      94.44000000      24.41000000  0  3 f8 f0 0a 04 04 732f 01 00
   47 2016 249 16 26 06 000 0      94.17000000      24.46000000  0  3 f8 f0 0a 04 04 732f 01 00
   47 2016 249 16 26 07 000 0      93.90000000      24.51000000  0  3 f8 f0 0a 04 04 732f 01 00
   47 2016 249 16 26 08 000 0      93.61000000      24.56000000  0  3 f8 f0 0a 04 04 732f 01 00
   47 2016 249 16 26 09 000 0      93.32000000      24.62000000  0  3 f8 f0 0a 04 04 732f 01 00
   47 2016 249 16 26 10 000 0      93.04000000      24.68000000  0  3 f8 f0 0a 04 04 732f 01 00
   47 2016 249 16 26 11 000 0      92.79000000      24.71000000  0  0 f8 f0 0a 04 04 732f 01 00
   48 2016 249 16 26 12 000 0      92.52000000      24.75000000  0  0 f8 f0 0a 04 04 7330 01 00
   48 2016 249 16 26 13 000 0      92.20000000      24.80000000  0  0 f8 f0 0a 04 04 7330 01 00
   48 2016 249 16 26 14 000 0      91.93000000      24.84000000  0  0 f8 f0 0a 04 04 7330 01 00
   48 2016 249 16 26 15 000 0      91.63000000      24.88000000  0  0 f8 f0 0a 04 04 7330 01 00
   48 2016 249 16 26 16 000 0      91.32000000      24.94000000  0  0 f8 f0 0a 04 04 7330 01 00
   48 2016 249 16 26 17 000 0      91.03000000      24.97000000  0  0 f8 f0 0a 04 04 7330 01 00
   48 2016 249 16 26 18 000 0      90.78000000      25.03000000  0  0 f8 f0 0a 04 04 7330 01 00
   48 2016 249 16 26 19 000 0      90.51000000      25.07000000  0  0 f8 f0 0a 04 04 7330 01 00
   48 2016 249 16 26 20 000 0      90.20000000      25.12000000  0  0 f8 f0 0a 04 04 7330 01 00
   48 2016 249 16 26 21 000 0      89.92000000      25.16000000  0  0 f8 f0 0a 04 04 7330 01 00
   49 2016 249 16 26 22 000 0      89.64000000      25.20000000  0  0 f8 f0 0a 04 04 7331 01 00
   49 2016 249 16 26 23 000 0      89.31000000      25.24000000  0  0 f8 f0 0a 04 04 7331 01 00
   49 2016 249 16 26 24 000 0      89.03000000      25.30000000  0  0 f8 f0 0a 04 04 7331 01 00
   49 2016 249 16 26 25 000 0      88.75000000      25.32000000  0  0 f8 f0 0a 04 04 7331 01 00
   49 2016 249 16 26 26 000 0      88.45000000      25.38000000  0  0 f8 f0 0a 04 04 7331 01 00
   49 2016 249 16 26 27 000 0      88.16000000      25.41000000  0  0 f8 f0 0a 04 04 7331 01 00
   49 2016 249 16 26 28 000 0      87.84000000      25.44000000  0  0 f8 f0 0a 04 04 7331 01 00
   49 2016 249 16 26 29 000 0      87.58000000      25.49000000  0  0 f8 f0 0a 04 04 7331 01 00
   49 2016 249 16 26 30 000 0      87.27000000      25.52000000  0  0 f8 f0 0a 04 04 7331 01 00
   49 2016 249 16 26 31 000 0      86.94000000      25.57000000  0  0 f8 f0 0a 04 04 7331 01 00
   50 2016 249 16 26 32 000 0      86.69000000      25.60000000  0  0 f8 f0 0a 04 04 7332 01 00
   50 2016 249 16 26 33 000 0      86.37000000      25.64000000  0  0 f8 f0 0a 04 04 7332 01 00
   50 2016 249 16 26 34 000 0      86.09000000      25.66000000  0  0 f8 f0 0a 04 04 7332 01 00
   50 2016 249 16 26 35 000 0      85.79000000      25.70000000  0  0 f8 f0 0a 04 04 7332 01 00
   50 2016 249 16 26 36 000 0      85.47000000      25.72000000  0  0 f8 f0 0a 04 04 7332 01 00
   50 2016 249 16 26 37 000 0      85.13000000      25.77000000  0  0 f8 f0 0a 04 04 7332 01 00
   50 2016 249 16 26 38 000 0      84.85000000      25.78000000  0  0 f8 f0 0a 04 04 7332 01 00
   50 2016 249 16 26 39 000 0      84.57000000      25.82000000  0  0 f8 f0 0a 04 04 7332 01 00
   50 2016 249 16 26 40 000 0      84.25000000      25.84000000  0  0 f8 f0 0a 04 04 7332 01 00
   50 2016 249 16 26 41 000 0      83.96000000      25.87000000  0  0 f8 f0 0a 04 04 7332 01 00
   51 2016 249 16 26 42 000 0      83.67000000      25.90000000  0  0 f8 f0 0a 04 04 7333 01 00
   51 2016 249 16 26 43 000 0      83.35000000      25.91000000  0  0 f8 f0 0a 04 04 7333 01 00
   51 2016 249 16 26 44 000 0      83.03000000      25.96000000  0  0 f8 f0 0a 04 04 7333 01 00
   51 2016 249 16 26 45 000 0      82.74000000      25.97000000  0  0 f8 f0 0a 04 04 7333 01 00
   51 2016 249 16 26 46 000 0      82.43000000      25.99000000  0  0 f8 f0 0a 04 04 7333 01 00
   51 2016 249 16 26 47 000 0      82.13000000      26.03000000  0  0 f8 f0 0a 04 04 7333 01 00
   51 2016 249 16 26 48 000 0      81.81000000      26.04000000  0  0 f8 f0 0a 04 04 7333 01 00
   51 2016 249 16 26 49 000 0      81.54000000      26.07000000  0  0 f8 f0 0a 04 04 7333 01 00
   51 2016 249 16 26 50 000 0      81.22000000      26.10000000  0  0 f8 f0 0a 04 04 7333 01 00
   51 2016 249 16 26 51 000 0      80.92000000      26.11000000  0  0 f8 f0 0a 04 04 7333 01 00
   52 2016 249 16 26 52 000 0      80.63000000      26.13000000  0  0 f8 f0 0a 04 04 7334 01 00
   52 2016 249 16 26 53 000 0      80.29000000      26.17000000  0  0 f8 f0 0a 04 04 7334 01 00
   52 2016 249 16 26 54 000 0      79.98000000      26.17000000  0  0 f8 f0 0a 04 04 7334 01 00
   52 2016 249 16 26 55 000 0      79.66000000      26.19000000  0  0 f8 f0 0a 04 04 7334 01 00
   52 2016 249 16 26 56 000 0      79.36000000      26.21000000  0  0 f8 f0 0a 04 04 7334 01 00
   52 2016 249 16 26 57 000 0      79.03000000      26.23000000  0  0 f8 f0 0a 04 04 7334 01 00
   52 2016 249 16 26 58 000 0      78.73000000      26.23000000  0  0 f8 f0 0a 04 04 7334 01 00
   52 2016 249 16 26 59 000 0      78.44000000      26.23000000  0  0 f8 f0 0a 04 04 7334 01 00
   52 2016 249 16 27 00 000 0      78.11000000      26.24000000  0  0 f8 f0 0a 04 04 7334 01 00
   52 2016 249 16 27 01 000 0      77.82000000      26.24000000  0  0 f8 f0 0a 04 04 7334 01 00
   53 2016 249 16 27 02 000 0      77.49000000      26.26000000  0  0 f8 f0 0a 04 04 7335 01 00
   53 2016 249 16 27 03 000 0      77.19000000      26.27000000  0  0 f8 f0 0a 04 04 7335 01 00
   53 2016 249 16 27 04 000 0      76.87000000      26.28000000  0  0 f8 f0 0a 04 04 7335 01 00
   53 2016 249 16 27 05 000 0      76.55000000      26.28000000  0  0 f8 f0 0a 04 04 7335 01 00
   53 2016 249 16 27 06 000 0      76.28000000      26.28000000  0  0 f8 f0 0a 04 04 7335 01 00
   53 2016 249 16 27 07 000 0      75.95000000      26.29000000  0  0 f8 f0 0a 04 04 7335 01 00
   53 2016 249 16 27 08 000 0      75.64000000      26.30000000  0  0 f8 f0 0a 04 04 7335 01 00
   53 2016 249 16 27 09 000 0      75.33000000      26.30000000  0  0 f8 f0 0a 04 04 7335 01 00
   53 2016 249 16 27 10 000 0      75.01000000      26.30000000  0  0 f8 f0 0a 04 04 7335 01 00
   53 2016 249 16 27 11 000 0      74.71000000      26.30000000  0  0 f8 f0 0a 04 04 7335 01 00
   54 2016 249 16 27 12 000 0      74.38000000      26.31000000  0  0 f8 f0 0a 04 04 7336 01 00
   54 2016 249 16 27 13 000 0      74.08000000      26.32000000  0  0 f8 f0 0a 04 04 7336 01 00
   54 2016 249 16 27 14 000 0      73.78000000      26.32000000  0  0 f8 f0 0a 04 04 7336 01 00
   54 2016 249 16 27 15 000 0      73.48000000      26.32000000  0  0 f8 f0 0a 04 04 7336 01 00
   54 2016 249 16 27 16 000 0      73.18000000      26.32000000  0  0 f8 f0 0a 04 04 7336 01 00
   54 2016 249 16 27 17 000 0      72.85000000      26.32000000  0  0 f8 f0 0a 04 04 7336 01 00
   54 2016 249 16 27 18 000 0      72.55000000      26.31000000  0  0 f8 f0 0a 04 04 7336 01 00
   54 2016 249 16 27 19 000 0      72.23000000      26.31000000  0  0 f8 f0 0a 04 04 7336 01 00
   54 2016 249 16 27 20 000 0      71.91000000      26.30000000  0  0 f8 f0 0a 04 04 7336 01 00
   54 2016 249 16 27 21 000 0      71.60000000      26.30000000  0  0 f8 f0 0a 04 04 7336 01 00
   55 2016 249 16 27 22 000 0      71.28000000      26.30000000  0  0 f8 f0 0a 04 04 7337 01 00
   55 2016 249 16 27 23 000 0      71.00000000      26.30000000  0  0 f8 f0 0a 04 04 7337 01 00
   55 2016 249 16 27 24 000 0      70.68000000      26.30000000  0  0 f8 f0 0a 04 04 7337 01 00
   55 2016 249 16 27 25 000 0      70.38000000      26.30000000  0  0 f8 f0 0a 04 04 7337 01 00
   55 2016 249 16 27 26 000 0      70.06000000      26.28000000  0  0 f8 f0 0a 04 04 7337 01 00
   55 2016 249 16 27 27 000 0      69.73000000      26.23000000  0  0 f8 f0 0a 04 04 7337 01 00
   55 2016 249 16 27 28 000 0      69.43000000      26.23000000  0  0 f8 f0 0a 04 04 7337 01 00
   55 2016 249 16 27 29 000 0      69.11000000      26.23000000  0  0 f8 f0 0a 04 04 7337 01 00
   55 2016 249 16 27 30 000 0      68.83000000      26.22000000  0  0 f8 f0 0a 04 04 7337 01 00
   55 2016 249 16 27 31 000 0      68.51000000      26.19000000  0  0 f8 f0 0a 04 04 7337 01 00
   56 2016 249 16 27 32 000 0      68.22000000      26.17000000  0  0 f8 f0 0a 04 04 7338 01 00
   56 2016 249 16 27 33 000 0      67.92000000      26.17000000  0  0 f8 f0 0a 04 04 7338 01 00
   56 2016 249 16 27 34 000 0      67.59000000      26.16000000  0  0 f8 f0 0a 04 04 7338 01 00
   56 2016 249 16 27 35 000 0      67.30000000      26.12000000  0  0 f8 f0 0a 04 04 7338 01 00
   56 2016 249 16 27 36 000 0      66.99000000      26.10000000  0  0 f8 f0 0a 04 04 7338 01 00
   56 2016 249 16 27 37 000 0      66.67000000      26.09000000  0  0 f8 f0 0a 04 04 7338 01 00
   56 2016 249 16 27 38 000 0      66.38000000      26.05000000  0  0 f8 f0 0a 04 04 7338 01 00
   56 2016 249 16 27 39 000 0      66.05000000      26.03000000  0  0 f8 f0 0a 04 04 7338 01 00
   56 2016 249 16 27 40 000 0      65.77000000      26.03000000  0  0 f8 f0 0a 04 04 7338 01 00
   56 2016 249 16 27 41 000 0      65.45000000      25.99000000  0  0 f8 f0 0a 04 04 7338 01 00
   57 2016 249 16 27 42 000 0      65.14000000      25.96000000  0  0 f8 f0 0a 04 04 7339 01 00
   57 2016 249 16 27 43 000 0      64.85000000      25.95000000  0  0 f8 f0 0a 04 04 7339 01 00
   57 2016 249 16 27 44 000 0      64.55000000      25.90000000  0  0 f8 f0 0a 04 04 7339 01 00
   57 2016 249 16 27 45 000 0      64.25000000      25.89000000  0  0 f8 f0 0a 04 04 7339 01 00
   57 2016 249 16 27 46 000 0      63.93000000      25.86000000  0  0 f8 f0 0a 04 04 7339 01 00
   57 2016 249 16 27 47 000 0      63.64000000      25.83000000  0  0 f8 f0 0a 04 04 7339 01 00
   57 2016 249 16 27 48 000 0      63.33000000      25.81000000  0  0 f8 f0 0a 04 04 7339 01 00
   57 2016 249 16 27 49 000 0      63.02000000      25.76000000  0  0 f8 f0 0a 04 04 7339 01 00
   57 2016 249 16 27 50 000 0      62.74000000      25.74000000  0  0 f8 f0 0a 04 04 7339 01 00
   57 2016 249 16 27 51 000 0      62.43000000      25.69000000  0  0 f8 f0 0a 04 04 7339 01 00
   58 2016 249 16 27 52 000 0      62.14000000      25.68000000  0  0 f8 f0 0a 04 04 733a 01 00
   58 2016 249 16 27 53 000 0      61.84000000      25.63000000  0  0 f8 f0 0a 04 04 733a 01 00
   58 2016 249 16 27 54 000 0      61.56000000      25.61000000  0  0 f8 f0 0a 04 04 733a 01 00
   58 2016 249 16 27 55 000 0      61.26000000      25.55000000  0  0 f8 f0 0a 04 04 733a 01 00
   58 2016 249 16 27 56 000 0      60.94000000      25.53000000  0  0 f8 f0 0a 04 04 733a 01 00
   58 2016 249 16 27 57 000 0      60.66000000      25.49000000  0  0 f8 f0 0a 04 04 733a 01 00
   58 2016 249 16 27 58 000 0      60.36000000      25.45000000  0  0 f8 f0 0a 04 04 733a 01 00
   58 2016 249 16 27 59 000 0      60.07000000      25.41000000  0  0 f8 f0 0a 04 04 733a 01 00
   58 2016 249 16 28 00 000 0      59.80000000      25.36000000  0  0 f8 f0 0a 04 04 733a 01 00
   58 2016 249 16 28 01 000 0      59.48000000      25.33000000  0  0 f8 f0 0a 04 04 733a 01 00
   59 2016 249 16 28 02 000 0      59.21000000      25.27000000  0  0 f8 f0 0a 04 04 733b 01 00
   59 2016 249 16 28 03 000 0      58.92000000      25.24000000  0  0 f8 f0 0a 04 04 733b 01 00
   59 2016 249 16 28 04 000 0      58.61000000      25.19000000  0  0 f8 f0 0a 04 04 733b 01 00
   59 2016 249 16 28 05 000 0      58.32000000      25.14000000  0  0 f8 f0 0a 04 04 733b 01 00
   59 2016 249 16 28 06 000 0      58.01000000      25.10000000  0  0 f8 f0 0a 04 04 733b 01 00
   59 2016 249 16 28 07 000 0      57.74000000      25.07000000  0  0 f8 f0 0a 04 04 733b 01 00
   59 2016 249 16 28 08 000 0      57.46000000      25.00000000  0  0 f8 f0 0a 04 04 733b 01 00
   59 2016 249 16 28 09 000 0      57.16000000      24.96000000  0  0 f8 f0 0a 04 04 733b 01 00
   59 2016 249 16 28 10 000 0      56.89000000      24.92000000  0  0 f8 f0 0a 04 04 733b 01 00
   59 2016 249 16 28 11 000 0      56.60000000      24.86000000  0  0 f8 f0 0a 04 04 733b 01 00
   60 2016 249 16 28 12 000 0      56.32000000      24.81000000  0  0 f8 f0 0a 04 04 733c 01 00
   60 2016 249 16 28 13 000 0      56.06000000      24.78000000  0  0 f8 f0 0a 04 04 733c 01 00
   60 2016 249 16 28 14 000 0      55.75000000      24.72000000  0  0 f8 f0 0a 04 04 733c 01 00
   60 2016 249 16 28 15 000 0      55.46000000      24.67000000  0  0 f8 f0 0a 04 04 733c 01 00
   60 2016 249 16 28 16 000 0      55.18000000      24.61000000  0  0 f8 f0 0a 04 04 733c 01 00
   60 2016 249 16 28 17 000 0      54.89000000      24.56000000  0  0 f8 f0 0a 04 04 733c 01 00
   60 2016 249 16 28 18 000 0      54.63000000      24.52000000  0  0 f8 f0 0a 04 04 733c 01 00
   60 2016 249 16 28 19 000 0      54.35000000      24.46000000  0  0 f8 f0 0a 04 04 733c 01 00
   60 2016 249 16 28 20 000 0      54.08000000      24.40000000  0  0 f8 f0 0a 04 04 733c 01 00
   60 2016 249 16 28 21 000 0      53.83000000      24.36000000  0  0 f8 f0 0a 04 04 733c 01 00
   61 2016 249 16 28 22 000 0      53.52000000      24.29000000  0  0 f8 f0 0a 04 04 733d 01 00
   61 2016 249 16 28 23 000 0      53.26000000      24.24000000  0  0 f8 f0 0a 04 04 733d 01 00
   61 2016 249 16 28 24 000 0      52.98000000      24.18000000  0  0 f8 f0 0a 04 04 733d 01 00
   61 2016 249 16 28 25 000 0      52.69000000      24.13000000  0  0 f8 f0 0a 04 04 733d 01 00
   61 2016 249 16 28 26 000 0      52.44000000      24.08000000  0  0 f8 f0 0a 04 04 733d 01 00
   61 2016 249 16 28 27 000 0      52.16000000      24.02000000  0  0 f8 f0 0a 04 04 733d 01 00
   61 2016 249 16 28 28 000 0      51.89000000      23.98000000  0  0 f8 f0 0a 04 04 733d 01 00
   61 2016 249 16 28 29 000 0      51.65000000      23.91000000  0  0 f8 f0 0a 04 04 733d 01 00
   61 2016 249 16 28 30 000 0      51.37000000      23.85000000  0  0 f8 f0 0a 04 04 733d 01 00
   61 2016 249 16 28 31 000 0      51.10000000      23.79000000  0  0 f8 f0 0a 04 04 733d 01 00
   62 2016 249 16 28 32 000 0      50.85000000      23.72000000  0  0 f8 f0 0a 04 04 733e 01 00
   62 2016 249 16 28 33 000 0      50.57000000      23.67000000  0  0 f8 f0 0a 04 04 733e 01 00
   62 2016 249 16 28 34 000 0      50.31000000      23.61000000  0  0 f8 f0 0a 04 04 733e 01 00
   62 2016 249 16 28 35 000 0      50.05000000      23.55000000  0  0 f8 f0 0a 04 04 733e 01 00
   62 2016 249 16 28 36 000 0      49.77000000      23.49000000  0  0 f8 f0 0a 04 04 733e 01 00
   62 2016 249 16 28 37 000 0      49.53000000      23.43000000  0  0 f8 f0 0a 04 04 733e 01 00
   62 2016 249 16 28 38 000 0      49.28000000      23.36000000  0  0 f8 f0 0a 04 04 733e 01 00
   62 2016 249 16 28 39 000 0      49.01000000      23.30000000  0  0 f8 f0 0a 04 04 733e 01 00
   62 2016 249 16 28 40 000 0      48.78000000      23.23000000  0  0 f8 f0 0a 04 04 733e 01 00
   62 2016 249 16 28 41 000 0      48.53000000      23.17000000  0  0 f8 f0 0a 04 04 733e 01 00
   63 2016 249 16 28 42 000 0      48.25000000      23.10000000  0  0 f8 f0 0a 04 04 733f 01 00
   63 2016 249 16 28 43 000 0      48.02000000      23.03000000  0  0 f8 f0 0a 04 04 733f 01 00
   63 2016 249 16 28 44 000 0      47.75000000      22.96000000  0  0 f8 f0 0a 04 04 733f 01 00
   63 2016 249 16 28 45 000 0      47.51000000      22.89000000  0  0 f8 f0 0a 04 04 733f 01 00
   63 2016 249 16 28 46 000 0      47.28000000      22.82000000  0  0 f8 f0 0a 04 04 733f 01 00
   63 2016 249 16 28 47 000 0      47.01000000      22.75000000  0  0 f8 f0 0a 04 04 733f 01 00
   63 2016 249 16 28 48 000 0      46.78000000      22.68000000  0  0 f8 f0 0a 04 04 733f 01 00
   63 2016 249 16 28 49 000 0      46.54000000      22.61000000  0  0 f8 f0 0a 04 04 733f 01 00
   63 2016 249 16 28 50 000 0      46.29000000      22.55000000  0  0 f8 f0 0a 04 04 733f 01 00
   63 2016 249 16 28 51 000 0      46.05000000      22.48000000  0  0 f8 f0 0a 04 04 733f 01 00
   64 2016 249 16 28 52 000 0      45.82000000      22.41000000  0  0 f8 f0 0a 04 04 7340 01 00
   64 2016 249 16 28 53 000 0      45.57000000      22.34000000  0  0 f8 f0 0a 04 04 7340 01 00
   64 2016 249 16 28 54 000 0      45.31000000      22.27000000  0  0 f8 f0 0a 04 04 7340 01 00
   64 2016 249 16 28 55 000 0      45.08000000      22.20000000  0  0 f8 f0 0a 04 04 7340 01 00
   64 2016 249 16 28 56 000 0      44.85000000      22.13000000  0  0 f8 f0 0a 04 04 7340 01 00
   64 2016 249 16 28 57 000 0      44.59000000      22.06000000  0  0 f8 f0 0a 04 04 7340 01 00
   64 2016 249 16 28 58 000 0      44.37000000      21.99000000  0  0 f8 f0 0a 04 04 7340 01 00
   64 2016 249 16 28 59 000 0      44.14000000      21.92000000  0  0 f8 f0 0a 04 04 7340 01 00
   64 2016 249 16 29 00 000 0      43.90000000      21.84000000  0  0 f8 f0 0a 04 04 7340 01 00
   64 2016 249 16 29 01 000 0      43.68000000      21.77000000  0  0 f8 f0 0a 04 04 7340 01 00
   65 2016 249 16 29 02 000 0      43.45000000      21.70000000  0  0 f8 f0 0a 04 04 7341 01 00
   65 2016 249 16 29 03 000 0      43.21000000      21.63000000  0  0 f8 f0 0a 04 04 7341 01 00
   65 2016 249 16 29 04 000 0      42.99000000      21.55000000  0  0 f8 f0 0a 04 04 7341 01 00
   65 2016 249 16 29 05 000 0      42.77000000      21.49000000  0  0 f8 f0 0a 04 04 7341 01 00
   65 2016 249 16 29 06 000 0      42.54000000      21.40000000  0  0 f8 f0 0a 04 04 7341 01 00
   65 2016 249 16 29 07 000 0      42.30000000      21.35000000  0  0 f8 f0 0a 04 04 7341 01 00
   65 2016 249 16 29 08 000 0      42.08000000      21.26000000  0  0 f8 f0 0a 04 04 7341 01 00
   65 2016 249 16 29 09 000 0      41.87000000      21.20000000  0  0 f8 f0 0a 04 04 7341 01 00
   65 2016 249 16 29 10 000 0      41.63000000      21.12000000  0  0 f8 f0 0a 04 04 7341 01 00
   65 2016 249 16 29 11 000 0      41.42000000      21.05000000  0  0 f8 f0 0a 04 04 7341 01 00
   66 2016 249 16 29 12 000 0      41.19000000      20.98000000  0  0 f8 f0 0a 04 04 7342 01 00
   66 2016 249 16 29 13 000 0      40.97000000      20.91000000  0  0 f8 f0 0a 04 04 7342 01 00
   66 2016 249 16 29 14 000 0      40.75000000      20.84000000  0  0 f8 f0 0a 04 04 7342 01 00
   66 2016 249 16 29 15 000 0      40.53000000      20.76000000  0  0 f8 f0 0a 04 04 7342 01 00
   66 2016 249 16 29 16 000 0      40.31000000      20.69000000  0  0 f8 f0 0a 04 04 7342 01 00
   66 2016 249 16 29 17 000 0      40.10000000      20.61000000  0  0 f8 f0 0a 04 04 7342 01 00
   66 2016 249 16 29 18 000 0      39.88000000      20.53000000  0  0 f8 f0 0a 04 04 7342 01 00
   66 2016 249 16 29 19 000 0      39.66000000      20.45000000  0  0 f8 f0 0a 04 04 7342 01 00
   66 2016 249 16 29 20 000 0      39.44000000      20.38000000  0  0 f8 f0 0a 04 04 7342 01 00
   66 2016 249 16 29 21 000 0      39.23000000      20.30000000  0  0 f8 f0 0a 04 04 7342 01 00
   67 2016 249 16 29 22 000 0      39.02000000      20.23000000  0  0 f8 f0 0a 04 04 7343 01 00
   67 2016 249 16 29 23 000 0      38.80000000      20.15000000  0  0 f8 f0 0a 04 04 7343 01 00
   67 2016 249 16 29 24 000 0      38.59000000      20.08000000  0  0 f8 f0 0a 04 04 7343 01 00
   67 2016 249 16 29 25 000 0      38.39000000      20.00000000  0  0 f8 f0 0a 04 04 7343 01 00
   67 2016 249 16 29 26 000 0      38.20000000      19.92000000  0  0 f8 f0 0a 04 04 7343 01 00
   67 2016 249 16 29 27 000 0      38.00000000      19.84000000  0  0 f8 f0 0a 04 04 7343 01 00
   67 2016 249 16 29 28 000 0      37.79000000      19.76000000  0  0 f8 f0 0a 04 04 7343 01 00
   67 2016 249 16 29 29 000 0      37.60000000      19.68000000  0  0 f8 f0 0a 04 04 7343 01 00
   67 2016 249 16 29 30 000 0      37.39000000      19.60000000  0  0 f8 f0 0a 04 04 7343 01 00
   67 2016 249 16 29 31 000 0      37.18000000      19.53000000  0  0 f8 f0 0a 04 04 7343 01 00
   68 2016 249 16 29 32 000 0      36.98000000      19.45000000  0  0 f8 f0 0a 04 04 7344 01 00
   68 2016 249 16 29 33 000 0      36.77000000      19.36000000  0  0 f8 f0 0a 04 04 7344 01 00
   68 2016 249 16 29 34 000 0      36.59000000      19.29000000  0  0 f8 f0 0a 04 04 7344 01 00
   68 2016 249 16 29 35 000 0      36.37000000      19.20000000  0  0 f8 f0 0a 04 04 7344 01 00
   68 2016 249 16 29 36 000 0      36.20000000      19.12000000  0  0 f8 f0 0a 04 04 7344 01 00
   68 2016 249 16 29 37 000 0      36.00000000      19.05000000  0  0 f8 f0 0a 04 04 7344 01 00
   68 2016 249 16 29 38 000 0      35.81000000      18.97000000  0  0 f8 f0 0a 04 04 7344 01 00
   68 2016 249 16 29 39 000 0      35.61000000      18.89000000  0  0 f8 f0 0a 04 04 7344 01 00
   68 2016 249 16 29 40 000 0      35.41000000      18.81000000  0  0 f8 f0 0a 04 04 7344 01 00
   68 2016 249 16 29 41 000 0      35.23000000      18.73000000  0  0 f8 f0 0a 04 04 7344 01 00
   69 2016 249 16 29 42 000 0      35.05000000      18.66000000  0  0 f8 f0 0a 04 04 7345 01 00
   69 2016 249 16 29 43 000 0      34.87000000      18.59000000  0  0 f8 f0 0a 04 04 7345 01 00
   69 2016 249 16 29 44 000 0      34.68000000      18.52000000  0  0 f8 f0 0a 04 04 7345 01 00
   69 2016 249 16 29 45 000 0      34.49000000      18.45000000  0  0 f8 f0 0a 04 04 7345 01 00
   69 2016 249 16 29 46 000 0      34.31000000      18.37000000  0  0 f8 f0 0a 04 04 7345 01 00
   69 2016 249 16 29 47 000 0      34.11000000      18.29000000  0  0 f8 f0 0a 04 04 7345 01 00
   69 2016 249 16 29 48 000 0      33.93000000      18.22000000  0  0 f8 f0 0a 04 04 7345 01 00
   69 2016 249 16 29 49 000 0      33.75000000      18.14000000  0  0 f8 f0 0a 04 04 7345 01 00
   69 2016 249 16 29 50 000 0      33.55000000      18.06000000  0  0 f8 f0 0a 04 04 7345 01 00
   69 2016 249 16 29 51 000 0      33.39000000      17.99000000  0  0 f8 f0 0a 04 04 7345 01 00
   70 2016 249 16 29 52 000 0      33.21000000      17.91000000  0  0 f8 f0 0a 04 04 7346 01 00
   70 2016 249 16 29 53 000 0      33.01000000      17.82000000  0  0 f8 f0 0a 04 04 7346 01 00
   70 2016 249 16 29 54 000 0      32.84000000      17.73000000  0  0 f8 f0 0a 04 04 7346 01 00
   70 2016 249 16 29 55 000 0      32.67000000      17.66000000  0  0 f8 f0 0a 04 04 7346 01 00
   70 2016 249 16 29 56 000 0      32.50000000      17.59000000  0  0 f8 f0 0a 04 04 7346 01 00
   70 2016 249 16 29 57 000 0      32.33000000      17.51000000  0  0 f8 f0 0a 04 04 7346 01 00
   70 2016 249 16 29 58 000 0      32.15000000      17.43000000  0  0 f8 f0 0a 04 04 7346 01 00
   70 2016 249 16 29 59 000 0      31.98000000      17.34000000  0  0 f8 f0 0a 04 04 7346 01 00
   70 2016 249 16 30 00 000 0      31.79000000      17.25000000  0  0 f8 f0 0a 04 04 7346 01 00
   70 2016 249 16 30 01 000 0      31.64000000      17.17000000  0  0 f8 f0 0a 04 04 7346 01 00
   71 2016 249 16 30 02 000 0      31.46000000      17.10000000  0  0 f8 f0 0a 04 04 7347 01 00
   71 2016 249 16 30 03 000 0      31.29000000      17.02000000  0  0 f8 f0 0a 04 04 7347 01 00
   71 2016 249 16 30 04 000 0      31.11000000      16.93000000  0  0 f8 f0 0a 04 04 7347 01 00
   71 2016 249 16 30 05 000 0      30.94000000      16.85000000  0  0 f8 f0 0a 04 04 7347 01 00
   71 2016 249 16 30 06 000 0      30.77000000      16.77000000  0  0 f8 f0 0a 04 04 7347 01 00
   71 2016 249 16 30 07 000 0      30.60000000      16.69000000  0  0 f8 f0 0a 04 04 7347 01 00
   71 2016 249 16 30 08 000 0      30.45000000      16.61000000  0  0 f8 f0 0a 04 04 7347 01 00
   71 2016 249 16 30 09 000 0      30.28000000      16.54000000  0  0 f8 f0 0a 04 04 7347 01 00
   71 2016 249 16 30 10 000 0      30.13000000      16.46000000  0  0 f8 f0 0a 04 04 7347 01 00
   71 2016 249 16 30 11 000 0      29.96000000      16.38000000  0  0 f8 f0 0a 04 04 7347 01 00
   72 2016 249 16 30 12 000 0      29.79000000      16.30000000  0  0 f8 f0 0a 04 04 7348 01 00
   72 2016 249 16 30 13 000 0      29.64000000      16.22000000  0  0 f8 f0 0a 04 04 7348 01 00
   72 2016 249 16 30 14 000 0      29.46000000      16.14000000  0  0 f8 f0 0a 04 04 7348 01 00
   72 2016 249 16 30 15 000 0      29.32000000      16.08000000  0  0 f8 f0 0a 04 04 7348 01 00
   72 2016 249 16 30 16 000 0      29.18000000      16.01000000  0  0 f8 f0 0a 04 04 7348 01 00
   72 2016 249 16 30 17 000 0      29.02000000      15.93000000  0  0 f8 f0 0a 04 04 7348 01 00
   72 2016 249 16 30 18 000 0      28.85000000      15.85000000  0  0 f8 f0 0a 04 04 7348 01 00
   72 2016 249 16 30 19 000 0      28.69000000      15.77000000  0  0 f8 f0 0a 04 04 7348 01 00
   72 2016 249 16 30 20 000 0      28.53000000      15.69000000  0  0 f8 f0 0a 04 04 7348 01 00
   72 2016 249 16 30 21 000 0      28.36000000      15.61000000  0  0 f8 f0 0a 04 04 7348 01 00
   73 2016 249 16 30 22 000 0      28.20000000      15.53000000  0  0 f8 f0 0a 04 04 7349 01 00
   73 2016 249 16 30 23 000 0      28.04000000      15.46000000  0  0 f8 f0 0a 04 04 7349 01 00
   73 2016 249 16 30 24 000 0      27.90000000      15.38000000  0  0 f8 f0 0a 04 04 7349 01 00
   73 2016 249 16 30 25 000 0      27.76000000      15.30000000  0  0 f8 f0 0a 04 04 7349 01 00
   73 2016 249 16 30 26 000 0      27.61000000      15.22000000  0  0 f8 f0 0a 04 04 7349 01 00
   73 2016 249 16 30 27 000 0      27.46000000      15.15000000  0  0 f8 f0 0a 04 04 7349 01 00
   73 2016 249 16 30 28 000 0      27.32000000      15.06000000  0  0 f8 f0 0a 04 04 7349 01 00
   73 2016 249 16 30 29 000 0      27.17000000      14.99000000  0  0 f8 f0 0a 04 04 7349 01 00
   73 2016 249 16 30 30 000 0      27.02000000      14.91000000  0  0 f8 f0 0a 04 04 7349 01 00
   73 2016 249 16 30 31 000 0      26.87000000      14.83000000  0  0 f8 f0 0a 04 04 7349 01 00
   74 2016 249 16 30 32 000 0      26.73000000      14.75000000  0  0 f8 f0 0a 04 04 734a 01 00
   74 2016 249 16 30 33 000 0      26.59000000      14.67000000  0  0 f8 f0 0a 04 04 734a 01 00
   74 2016 249 16 30 34 000 0      26.44000000      14.59000000  0  0 f8 f0 0a 04 04 734a 01 00
   74 2016 249 16 30 35 000 0      26.29000000      14.51000000  0  0 f8 f0 0a 04 04 734a 01 00
   74 2016 249 16 30 36 000 0      26.15000000      14.44000000  0  0 f8 f0 0a 04 04 734a 01 00
   74 2016 249 16 30 37 000 0      26.01000000      14.36000000  0  0 f8 f0 0a 04 04 734a 01 00
   74 2016 249 16 30 38 000 0      25.86000000      14.28000000  0  0 f8 f0 0a 04 04 734a 01 00
   74 2016 249 16 30 39 000 0      25.72000000      14.20000000  0  0 f8 f0 0a 04 04 734a 01 00
   74 2016 249 16 30 40 000 0      25.57000000      14.13000000  0  0 f8 f0 0a 04 04 734a 01 00
   74 2016 249 16 30 41 000 0      25.44000000      14.05000000  0  0 f8 f0 0a 04 04 734a 01 00
   75 2016 249 16 30 42 000 0      25.31000000      13.97000000  0  0 f8 f0 0a 04 04 734b 01 00
   75 2016 249 16 30 43 000 0      25.17000000      13.89000000  0  0 f8 f0 0a 04 04 734b 01 00
   75 2016 249 16 30 44 000 0      25.03000000      13.81000000  0  0 f8 f0 0a 04 04 734b 01 00
   75 2016 249 16 30 45 000 0      24.89000000      13.74000000  0  0 f8 f0 0a 04 04 734b 01 00
   75 2016 249 16 30 46 000 0      24.77000000      13.65000000  0  0 f8 f0 0a 04 04 734b 01 00
   75 2016 249 16 30 47 000 0      24.63000000      13.58000000  0  0 f8 f0 0a 04 04 734b 01 00
   75 2016 249 16 30 48 000 0      24.49000000      13.51000000  0  0 f8 f0 0a 04 04 734b 01 00
   75 2016 249 16 30 49 000 0      24.36000000      13.43000000  0  0 f8 f0 0a 04 04 734b 01 00
   75 2016 249 16 30 50 000 0      24.23000000      13.35000000  0  0 f8 f0 0a 04 04 734b 01 00
   75 2016 249 16 30 51 000 0      24.10000000      13.28000000  0  0 f8 f0 0a 04 04 734b 01 00
   76 2016 249 16 30 52 000 0      23.97000000      13.20000000  0  0 f8 f0 0a 04 04 734c 01 00
   76 2016 249 16 30 53 000 0      23.83000000      13.12000000  0  0 f8 f0 0a 04 04 734c 01 00
   76 2016 249 16 30 54 000 0      23.69000000      13.05000000  0  0 f8 f0 0a 04 04 734c 01 00
   76 2016 249 16 30 55 000 0      23.57000000      12.98000000  0  0 f8 f0 0a 04 04 734c 01 00
   76 2016 249 16 30 56 000 0      23.44000000      12.91000000  0  0 f8 f0 0a 04 04 734c 01 00
   76 2016 249 16 30 57 000 0      23.31000000      12.83000000  0  0 f8 f0 0a 04 04 734c 01 00
   76 2016 249 16 30 58 000 0      23.19000000      12.76000000  0  0 f8 f0 0a 04 04 734c 01 00
   76 2016 249 16 30 59 000 0      23.07000000      12.68000000  0  0 f8 f0 0a 04 04 734c 01 00
   76 2016 249 16 31 00 000 0      22.93000000      12.60000000  0  0 f8 f0 0a 04 04 734c 01 00
   76 2016 249 16 31 01 000 0      22.81000000      12.53000000  0  0 f8 f0 0a 04 04 734c 01 00
   77 2016 249 16 31 02 000 0      22.70000000      12.46000000  0  0 f8 f0 0a 04 04 734d 01 00
   77 2016 249 16 31 03 000 0      22.57000000      12.38000000  0  0 f8 f0 0a 04 04 734d 01 00
   77 2016 249 16 31 04 000 0      22.44000000      12.30000000  0  0 f8 f0 0a 04 04 734d 01 00
   77 2016 249 16 31 05 000 0      22.33000000      12.23000000  0  0 f8 f0 0a 04 04 734d 01 00
   77 2016 249 16 31 06 000 0      22.20000000      12.16000000  0  0 f8 f0 0a 04 04 734d 01 00
   77 2016 249 16 31 07 000 0      22.07000000      12.07000000  0  0 f8 f0 0a 04 04 734d 01 00
   77 2016 249 16 31 08 000 0      21.96000000      12.00000000  0  0 f8 f0 0a 04 04 734d 01 00
   77 2016 249 16 31 09 000 0      21.85000000      11.93000000  0  0 f8 f0 0a 04 04 734d 01 00
   77 2016 249 16 31 10 000 0      21.72000000      11.85000000  0  0 f8 f0 0a 04 04 734d 01 00
   77 2016 249 16 31 11 000 0      21.59000000      11.78000000  0  0 f8 f0 0a 04 04 734d 01 00
   78 2016 249 16 31 12 000 0      21.49000000      11.70000000  0  0 f8 f0 0a 04 04 734e 01 00
   78 2016 249 16 31 13 000 0      21.35000000      11.63000000  0  0 f8 f0 0a 04 04 734e 01 00
   78 2016 249 16 31 14 000 0      21.25000000      11.55000000  0  0 f8 f0 0a 04 04 734e 01 00
   78 2016 249 16 31 15 000 0      21.14000000      11.49000000  0  0 f8 f0 0a 04 04 734e 01 00
   78 2016 249 16 31 16 000 0      21.01000000      11.41000000  0  0 f8 f0 0a 04 04 734e 01 00
   78 2016 249 16 31 17 000 0      20.90000000      11.35000000  0  0 f8 f0 0a 04 04 734e 01 00
   78 2016 249 16 31 18 000 0      20.78000000      11.27000000  0  0 f8 f0 0a 04 04 734e 01 00
   78 2016 249 16 31 19 000 0      20.66000000      11.19000000  0  0 f8 f0 0a 04 04 734e 01 00
   78 2016 249 16 31 20 000 0      20.55000000      11.12000000  0  0 f8 f0 0a 04 04 734e 01 00
   78 2016 249 16 31 21 000 0      20.44000000      11.05000000  0  0 f8 f0 0a 04 04 734e 01 00
   79 2016 249 16 31 22 000 0      20.33000000      10.98000000  0  0 f8 f0 0a 04 04 734f 01 00
   79 2016 249 16 31 23 000 0      20.22000000      10.91000000  0  0 f8 f0 0a 04 04 734f 01 00
   79 2016 249 16 31 24 000 0      20.10000000      10.83000000  0  0 f8 f0 0a 04 04 734f 01 00
   79 2016 249 16 31 25 000 0      19.98000000      10.76000000  0  0 f8 f0 0a 04 04 734f 01 00
   79 2016 249 16 31 26 000 0      19.89000000      10.68000000  0  0 f8 f0 0a 04 04 734f 01 00
   79 2016 249 16 31 27 000 0      19.77000000      10.61000000  0  0 f8 f0 0a 04 04 734f 01 00
   79 2016 249 16 31 28 000 0      19.67000000      10.54000000  0  0 f8 f0 0a 04 04 734f 01 00
   79 2016 249 16 31 29 000 0      19.57000000      10.48000000  0  0 f8 f0 0a 04 04 734f 01 00
   79 2016 249 16 31 30 000 0      19.44000000      10.40000000  0  0 f8 f0 0a 04 04 734f 01 00
   79 2016 249 16 31 31 000 0      19.34000000      10.33000000  0  0 f8 f0 0a 04 04 734f 01 00
   80 2016 249 16 31 32 000 0      19.22000000      10.26000000  0  0 f8 f0 0a 04 04 7350 01 00
   80 2016 249 16 31 33 000 0      19.13000000      10.21000000  0  0 f8 f0 0a 04 04 7350 01 00
   80 2016 249 16 31 34 000 0      19.04000000      10.14000000  0  0 f8 f0 0a 04 04 7350 01 00
   80 2016 249 16 31 35 000 0      18.91000000      10.07000000  0  0 f8 f0 0a 04 04 7350 01 00
   80 2016 249 16 31 36 000 0      18.82000000      10.00000000  0  0 f8 f0 0a 04 04 7350 01 00
   80 2016 249 16 31 37 000 0      18.71000000       9.92000000  0  0 f8 f0 0a 04 04 7350 01 00
   80 2016 249 16 31 38 000 0      18.58000000       9.85000000  0  0 f8 f0 0a 04 04 7350 01 00
   80 2016 249 16 31 39 000 0      18.50000000       9.77000000  0  0 f8 f0 0a 04 04 7350 01 00
   80 2016 249 16 31 40 000 0      18.39000000       9.70000000  0  0 f8 f0 0a 04 04 7350 01 00
   80 2016 249 16 31 41 000 0      18.31000000       9.62000000  0  0 f8 f0 0a 04 04 7350 01 00
   81 2016 249 16 31 42 000 0      18.20000000       9.55000000  0  0 f8 f0 0a 04 04 7351 01 00
   81 2016 249 16 31 43 000 0      18.11000000       9.49000000  0  0 f8 f0 0a 04 04 7351 01 00
   81 2016 249 16 31 44 000 0      17.99000000       9.42000000  0  0 f8 f0 0a 04 04 7351 01 00
   81 2016 249 16 31 45 000 0      17.89000000       9.35000000  0  0 f8 f0 0a 04 04 7351 01 00
   81 2016 249 16 31 46 000 0      17.79000000       9.29000000  0  0 f8 f0 0a 04 04 7351 01 00
   81 2016 249 16 31 47 000 0      17.70000000       9.24000000  0  0 f8 f0 0a 04 04 7351 01 00
   81 2016 249 16 31 48 000 0      17.62000000       9.17000000  0  0 f8 f0 0a 04 04 7351 01 00
   81 2016 249 16 31 49 000 0      17.50000000       9.09000000  0  0 f8 f0 0a 04 04 7351 01 00
   81 2016 249 16 31 50 000 0      17.43000000       9.03000000  0  0 f8 f0 0a 04 04 7351 01 00
   81 2016 249 16 31 51 000 0      17.30000000       8.95000000  0  0 f8 f0 0a 04 04 7351 01 00
   82 2016 249 16 31 52 000 0      17.21000000       8.89000000  0  0 f8 f0 0a 04 04 7352 01 00
   82 2016 249 16 31 53 000 0      17.13000000       8.81000000  0  0 f8 f0 0a 04 04 7352 01 00
   82 2016 249 16 31 54 000 0      17.03000000       8.75000000  0  0 f8 f0 0a 04 04 7352 01 00
   82 2016 249 16 31 55 000 0      16.94000000       8.68000000  0  0 f8 f0 0a 04 04 7352 01 00
   82 2016 249 16 31 56 000 0      16.84000000       8.61000000  0  0 f8 f0 0a 04 04 7352 01 00
   82 2016 249 16 31 57 000 0      16.75000000       8.54000000  0  0 f8 f0 0a 04 04 7352 01 00
   82 2016 249 16 31 58 000 0      16.64000000       8.47000000  0  0 f8 f0 0a 04 04 7352 01 00
   82 2016 249 16 31 59 000 0      16.56000000       8.40000000  0  0 f8 f0 0a 04 04 7352 01 00
   82 2016 249 16 32 00 000 0      16.44000000       8.34000000  0  0 f8 f0 0a 04 04 7352 01 00
   82 2016 249 16 32 01 000 0      16.38000000       8.27000000  0  0 f8 f0 0a 04 04 7352 01 00
   83 2016 249 16 32 02 000 0      16.27000000       8.20000000  0  0 f8 f0 0a 04 04 7353 01 00
   83 2016 249 16 32 03 000 0      16.19000000       8.13000000  0  0 f8 f0 0a 04 04 7353 01 00
   83 2016 249 16 32 04 000 0      16.10000000       8.05000000  0  0 f8 f0 0a 04 04 7353 01 00
   83 2016 249 16 32 05 000 0      16.01000000       7.97000000  0  0 f8 f0 0a 04 04 7353 01 00
   83 2016 249 16 32 06 000 0      15.90000000       7.90000000  0  0 f8 f0 0a 04 04 7353 01 00
   83 2016 249 16 32 07 000 0      15.86000000       7.84000000  0  0 f8 f0 0a 04 04 7353 01 00
   83 2016 249 16 32 08 000 0      15.74000000       7.78000000  0  0 f8 f0 0a 04 04 7353 01 00
   83 2016 249 16 32 09 000 0      15.66000000       7.72000000  0  0 f8 f0 0a 04 04 7353 01 00
   83 2016 249 16 32 10 000 0      15.57000000       7.65000000  0  0 f8 f0 0a 04 04 7353 01 00
   83 2016 249 16 32 11 000 0      15.49000000       7.58000000  0  0 f8 f0 0a 04 04 7353 01 00
   84 2016 249 16 32 12 000 0      15.37000000       7.50000000  0  0 f8 f0 0a 04 04 7354 01 00
   84 2016 249 16 32 13 000 0      15.32000000       7.45000000  0  0 f8 f0 0a 04 04 7354 01 00
   84 2016 249 16 32 14 000 0      15.22000000       7.38000000  0  0 f8 f0 0a 04 04 7354 01 00
   84 2016 249 16 32 15 000 0      15.15000000       7.32000000  0  0 f8 f0 0a 04 04 7354 01 00
   84 2016 249 16 32 16 000 0      15.05000000       7.24000000  0  0 f8 f0 0a 04 04 7354 01 00
   84 2016 249 16 32 17 000 0      14.98000000       7.18000000  0  0 f8 f0 0a 04 04 7354 01 00
   84 2016 249 16 32 18 000 0      14.86000000       7.12000000  0  0 f8 f0 0a 04 04 7354 01 00
   84 2016 249 16 32 19 000 0      14.79000000       7.06000000  0  0 f8 f0 0a 04 04 7354 01 00
   84 2016 249 16 32 20 000 0      14.71000000       7.00000000  0  0 f8 f0 0a 04 04 7354 01 00
   84 2016 249 16 32 21 000 0      14.63000000       6.94000000  0  0 f8 f0 0a 04 04 7354 01 00
   85 2016 249 16 32 22 000 0      14.53000000       6.86000000  0  0 f8 f0 0a 04 04 7355 01 00
   85 2016 249 16 32 23 000 0      14.47000000       6.79000000  0  0 f8 f0 0a 04 04 7355 01 00
   85 2016 249 16 32 24 000 0      14.37000000       6.73000000  0  0 f8 f0 0a 04 04 7355 01 00
   85 2016 249 16 32 25 000 0      14.29000000       6.64000000  0  0 f8 f0 0a 04 04 7355 01 00
   85 2016 249 16 32 26 000 0      14.20000000       6.59000000  0  0 f8 f0 0a 04 04 7355 01 00
   85 2016 249 16 32 27 000 0      14.13000000       6.53000000  0  0 f8 f0 0a 04 04 7355 01 00
   85 2016 249 16 32 28 000 0      14.04000000       6.46000000  0  0 f8 f0 0a 04 04 7355 01 00
   85 2016 249 16 32 29 000 0      13.98000000       6.41000000  0  0 f8 f0 0a 04 04 7355 01 00
   85 2016 249 16 32 30 000 0      13.89000000       6.36000000  0  0 f8 f0 0a 04 04 7355 01 00
   85 2016 249 16 32 31 000 0      13.79000000       6.28000000  0  0 f8 f0 0a 04 04 7355 01 00
   86 2016 249 16 32 32 000 0      13.73000000       6.23000000  0  0 f8 f0 0a 04 04 7356 01 00
   86 2016 249 16 32 33 000 0      13.65000000       6.18000000  0  0 f8 f0 0a 04 04 7356 01 00
   86 2016 249 16 32 34 000 0      13.59000000       6.12000000  0  0 f8 f0 0a 04 04 7356 01 00
   86 2016 249 16 32 35 000 0      13.49000000       6.06000000  0  0 f8 f0 0a 04 04 7356 01 00
   86 2016 249 16 32 36 000 0      13.43000000       6.00000000  0  0 f8 f0 0a 04 04 7356 01 00
   86 2016 249 16 32 37 000 0      13.32000000       5.93000000  0  0 f8 f0 0a 04 04 7356 01 00
   86 2016 249 16 32 38 000 0      13.26000000       5.85000000  0  0 f8 f0 0a 04 04 7356 01 00
   86 2016 249 16 32 39 000 0      13.19000000       5.80000000  0  0 f8 f0 0a 04 04 7356 01 00
   86 2016 249 16 32 40 000 0      13.12000000       5.75000000  0  0 f8 f0 0a 04 04 7356 01 00
   86 2016 249 16 32 41 000 0      13.05000000       5.69000000  0  0 f8 f0 0a 04 04 7356 01 00
   87 2016 249 16 32 42 000 0      12.95000000       5.62000000  0  0 f8 f0 0a 04 04 7357 01 00
   87 2016 249 16 32 43 000 0      12.92000000       5.56000000  0  0 f8 f0 0a 04 04 7357 01 00
   87 2016 249 16 32 44 000 0      12.80000000       5.48000000  0  0 f8 f0 0a 04 04 7357 01 00
   87 2016 249 16 32 45 000 0      12.73000000       5.43000000  0  0 f8 f0 0a 04 04 7357 01 00
   87 2016 249 16 32 46 000 0      12.69000000       5.38000000  0  0 f8 f0 0a 04 04 7357 01 00
   87 2016 249 16 32 47 000 0      12.58000000       5.31000000  0  0 f8 f0 0a 04 04 7357 01 00
   87 2016 249 16 32 48 000 0      12.52000000       5.25000000  0  0 f8 f0 0a 04 04 7357 01 00
   87 2016 249 16 32 49 000 0      12.43000000       5.19000000  0  0 f8 f0 0a 04 04 7357 01 00
   87 2016 249 16 32 50 000 0      12.38000000       5.13000000  0  0 f8 f0 0a 04 04 7357 01 00
   87 2016 249 16 32 51 000 0      12.29000000       5.06000000  0  0 f8 f0 0a 04 04 7357 01 00
   88 2016 249 16 32 52 000 0      12.22000000       5.00000000  0  0 f8 f0 0a 04 04 7358 01 00
   88 2016 249 16 32 53 000 0      12.15000000       4.95000000  0  0 f8 f0 0a 04 04 7358 01 00
   88 2016 249 16 32 54 000 0      12.08000000       4.89000000  0  0 f8 f0 0a 04 04 7358 01 00
   88 2016 249 16 32 55 000 0      12.02000000       4.83000000  0  0 f8 f0 0a 04 04 7358 01 00
   88 2016 249 16 32 56 000 0      11.91000000       4.77000000  0  0 f8 f0 0a 04 04 7358 01 00
   88 2016 249 16 32 57 000 0      11.86000000       4.70000000  0  0 f8 f0 0a 04 04 7358 01 00
   88 2016 249 16 32 58 000 0      11.78000000       4.64000000  0  0 f8 f0 0a 04 04 7358 01 00
   88 2016 249 16 32 59 000 0      11.71000000       4.60000000  0  0 f8 f0 0a 04 04 7358 01 00
   88 2016 249 16 33 00 000 0      11.65000000       4.55000000  0  0 f8 f0 0a 04 04 7358 01 00
   88 2016 249 16 33 01 000 0      11.56000000       4.49000000  0  0 f8 f0 0a 04 04 7358 01 00
   89 2016 249 16 33 02 000 0      11.53000000       4.43000000  0  0 f8 f0 0a 04 04 7359 01 00
   89 2016 249 16 33 03 000 0      11.42000000       4.38000000  0  0 f8 f0 0a 04 04 7359 01 00
   89 2016 249 16 33 04 000 0      11.36000000       4.32000000  0  0 f8 f0 0a 04 04 7359 01 00
   89 2016 249 16 33 05 000 0      11.31000000       4.24000000  0  3 f8 f0 0a 04 04 7359 01 00
   89 2016 249 16 33 06 000 0      11.21000000       3.93000000  0  3 f8 f0 0a 04 04 7359 01 00
   89 2016 249 16 33 07 000 0      11.12000000       3.82000000  0  3 f8 f0 0a 04 04 7359 01 00
   89 2016 249 16 33 08 000 0      11.06000000       3.79000000  0  3 f8 f0 0a 04 04 7359 01 00
   89 2016 249 16 33 09 000 0      11.00000000       3.73000000  0  3 f8 f0 0a 04 04 7359 01 00
   89 2016 249 16 33 10 000 0      10.93000000       3.67000000  0  3 f8 f0 0a 04 04 7359 01 00
   89 2016 249 16 33 11 000 0      10.86000000       3.61000000  0  3 f8 f0 0a 04 04 7359 01 00
   90 2016 249 16 33 12 000 0      10.80000000       3.55000000  0  3 f8 f0 0a 04 04 735a 01 00
   90 2016 249 16 33 13 000 0      10.73000000       3.49000000  0  3 f8 f0 0a 04 04 735a 01 00
   90 2016 249 16 33 14 000 0      10.66000000       3.43000000  0  3 f8 f0 0a 04 04 735a 01 00
   90 2016 249 16 33 15 000 0      10.59000000       3.38000000  0  3 f8 f0 0a 04 04 735a 01 00
   90 2016 249 16 33 16 000 0      10.52000000       3.31000000  0  3 f8 f0 0a 04 04 735a 01 00
   90 2016 249 16 33 17 000 0      10.46000000       3.25000000  0  3 f8 f0 0a 04 04 735a 01 00
   90 2016 249 16 33 18 000 0      10.39000000       3.19000000  0  3 f8 f0 0a 04 04 735a 01 00
   90 2016 249 16 33 19 000 0      10.33000000       3.13000000  0  3 f8 f0 0a 04 04 735a 01 00
   90 2016 249 16 33 20 000 0      10.26000000       3.07000000  0  3 f8 f0 0a 04 04 735a 01 00
   90 2016 249 16 33 21 000 0      10.20000000       3.01000000  0  3 f8 f0 0a 04 04 735a 01 00
   91 2016 249 16 33 22 000 0      10.13000000       2.95000000  0  3 f8 f0 0a 04 04 735b 01 00
   91 2016 249 16 33 23 000 0      10.08000000       2.89000000  0  3 f8 f0 0a 04 04 735b 01 00
   91 2016 249 16 33 24 000 0      10.00000000       2.83000000  0  3 f8 f0 0a 04 04 735b 01 00
   91 2016 249 16 33 25 000 0       9.94000000       2.77000000  0  3 f8 f0 0a 04 04 735b 01 00
   91 2016 249 16 33 26 000 0       9.89000000       2.71000000  0  3 f8 f0 0a 04 04 735b 01 00
   91 2016 249 16 33 27 000 0       9.81000000       2.65000000  0  3 f8 f0 0a 04 04 735b 01 00
   91 2016 249 16 33 28 000 0       9.77000000       2.59000000  0  3 f8 f0 0a 04 04 735b 01 00
   91 2016 249 16 33 29 000 0       9.70000000       2.53000000  0  3 f8 f0 0a 04 04 735b 01 00
   91 2016 249 16 33 30 000 0       9.64000000       2.47000000  0  3 f8 f0 0a 04 04 735b 01 00
   91 2016 249 16 33 31 000 0       9.57000000       2.41000000  0  3 f8 f0 0a 04 04 735b 01 00
   92 2016 249 16 33 32 000 0       9.51000000       2.36000000  0  3 f8 f0 0a 04 04 735c 01 00
   92 2016 249 16 33 33 000 0       9.44000000       2.30000000  0  3 f8 f0 0a 04 04 735c 01 00
   92 2016 249 16 33 34 000 0       9.39000000       2.24000000  0  3 f8 f0 0a 04 04 735c 01 00
   92 2016 249 16 33 35 000 0       9.32000000       2.18000000  0  3 f8 f0 0a 04 04 735c 01 00
   92 2016 249 16 33 36 000 0       9.27000000       2.13000000  0  3 f8 f0 0a 04 04 735c 01 00
   92 2016 249 16 33 37 000 0       9.20000000       2.06000000  0  3 f8 f0 0a 04 04 735c 01 00
   92 2016 249 16 33 38 000 0       9.14000000       2.00000000  0  3 f8 f0 0a 04 04 735c 01 00
   92 2016 249 16 33 39 000 0       9.09000000       1.95000000  0  3 f8 f0 0a 04 04 735c 01 00
   92 2016 249 16 33 40 000 0       9.02000000       1.89000000  0  3 f8 f0 0a 04 04 735c 01 00
   92 2016 249 16 33 41 000 0       8.96000000       1.85000000  0  3 f8 f0 0a 04 04 735c 01 00
   93 2016 249 16 33 42 000 0       8.90000000       1.83000000  0  3 f8 f0 0a 04 04 735d 01 00
   93 2016 249 16 33 43 000 0       8.86000000       1.79000000  0  3 f8 f0 0a 04 04 735d 01 00
   93 2016 249 16 33 44 000 0       8.77000000       1.75000000  0  3 f8 f0 0a 04 04 735d 01 00
   93 2016 249 16 33 45 000 0       8.74000000       1.72000000  0  3 f8 f0 0a 04 04 735d 01 00
   93 2016 249 16 33 46 000 0       8.67000000       1.69000000  0  3 f8 f0 0a 04 04 735d 01 00
   93 2016 249 16 33 47 000 0       8.61000000       1.65000000  0  3 f8 f0 0a 04 04 735d 01 00
   93 2016 249 16 33 48 000 0       8.55000000       1.62000000  0  3 f8 f0 0a 04 04 735d 01 00
   93 2016 249 16 33 49 000 0       8.50000000       1.59000000  0  3 f8 f0 0a 04 04 735d 01 00
   93 2016 249 16 33 50 000 0       8.43000000       1.55000000  0  3 f8 f0 0a 04 04 735d 01 00
   93 2016 249 16 33 51 000 0       8.39000000       1.54000000  0  3 f8 f0 0a 04 04 735d 01 00
   94 2016 249 16 33 52 000 0       8.34000000       1.54000000  0  3 f8 f0 0a 04 04 735e 01 00
   94 2016 249 16 33 53 000 0       8.27000000       1.54000000  0  3 f8 f0 0a 04 04 735e 01 00
   94 2016 249 16 33 54 000 0       8.21000000       1.54000000  0  3 f8 f0 0a 04 04 735e 01 00
   94 2016 249 16 33 55 000 0       8.18000000       1.54000000  0  3 f8 f0 0a 04 04 735e 01 00
   94 2016 249 16 33 56 000 0       8.11000000       1.54000000  0  3 f8 f0 0a 04 04 735e 01 00
   94 2016 249 16 33 57 000 0       8.06000000       1.54000000  0  3 f8 f0 0a 04 04 735e 01 00
   94 2016 249 16 33 58 000 0       8.00000000       1.54000000  0  3 f8 f0 0a 04 04 735e 01 00
   94 2016 249 16 33 59 000 0       7.95000000       1.54000000  0  3 f8 f0 0a 04 04 735e 01 00
   94 2016 249 16 34 00 000 0       7.88000000       1.55000000  0  3 f8 f0 0a 04 04 735e 01 00
   94 2016 249 16 34 01 000 0       7.85000000       1.56000000  0  3 f8 f0 0a 04 04 735e 01 00
   95 2016 249 16 34 02 000 0       7.78000000       1.56000000  0  3 f8 f0 0a 04 04 735f 01 00
   95 2016 249 16 34 03 000 0       7.73000000       1.56000000  0  3 f8 f0 0a 04 04 735f 01 00
   95 2016 249 16 34 04 000 0       7.67000000       1.56000000  0  3 f8 f0 0a 04 04 735f 01 00
   95 2016 249 16 34 05 000 0       7.63000000       1.56000000  0  3 f8 f0 0a 04 04 735f 01 00
   95 2016 249 16 34 06 000 0       7.56000000       1.56000000  0  3 f8 f0 0a 04 04 735f 01 00
   95 2016 249 16 34 07 000 0       7.53000000       1.56000000  0  3 f8 f0 0a 04 04 735f 01 00
   95 2016 249 16 34 08 000 0       7.46000000       1.56000000  0  3 f8 f0 0a 04 04 735f 01 00
   95 2016 249 16 34 09 000 0       7.40000000       1.56000000  0  3 f8 f0 0a 04 04 735f 01 00
   95 2016 249 16 34 10 000 0       7.34000000       1.56000000  0  3 f8 f0 0a 04 04 735f 01 00
   95 2016 249 16 34 11 000 0       7.33000000       1.56000000  0  5 f8 f0 0a 04 04 735f 01 00
   96 2016 249 16 34 12 000 0       7.33000000       1.56000000  0  5 f8 f0 0a 04 04 7360 01 00
   96 2016 249 16 34 13 000 0       7.33000000       1.56000000  0  5 f8 f0 0a 04 04 7360 01 00
   96 2016 249 16 34 14 000 0       7.33000000       1.56000000  0  5 f8 f0 0a 04 04 7360 01 00
   96 2016 249 16 34 15 000 0       7.33000000       1.56000000  0  5 f8 f0 0a 04 04 7360 01 00
   96 2016 249 16 34 16 000 0       7.33000000       1.56000000  0  5 f8 f0 0a 04 04 7360 01 00
   96 2016 249 16 34 17 000 0       7.34000000       1.56000000  0  5 f8 f0 0a 04 04 7360 01 00
   96 2016 249 16 34 18 000 0       7.34000000       1.54000000  0  5 f8 f0 0a 04 04 7360 01 00
   96 2016 249 16 34 19 000 0       7.35000000       1.54000000  0  5 f8 f0 0a 04 04 7360 01 00
   96 2016 249 16 34 20 000 0       7.38000000       1.54000000  0  5 f8 f0 0a 04 04 7360 01 00
   96 2016 249 16 34 21 000 0       7.38000000       1.54000000  0  5 f8 f0 0a 04 04 7360 01 00
   97 2016 249 16 34 22 000 0       7.38000000       1.54000000  0  5 f8 f0 0a 04 04 7361 01 00
   97 2016 249 16 34 23 000 0       7.38000000       1.54000000  0  5 f8 f0 0a 04 04 7361 01 00
   97 2016 249 16 34 24 000 0       7.38000000       1.54000000  0  5 f8 f0 0a 04 04 7361 01 00
   97 2016 249 16 34 25 000 0       7.38000000       1.54000000  0  5 f8 f0 0a 04 04 7361 01 00
   97 2016 249 16 34 26 000 0       7.38000000       1.54000000  0  5 f8 f0 0a 04 04 7361 01 00
   97 2016 249 16 34 27 000 0       7.35000000       1.54000000  0  5 f8 f0 0a 04 04 7361 01 00
   97 2016 249 16 34 28 000 0       7.34000000       1.54000000  0  5 f8 f0 0a 04 04 7361 01 00
   97 2016 249 16 34 29 000 0       7.34000000       1.54000000  0  5 f8 f0 0a 04 04 7361 01 00
   97 2016 249 16 34 30 000 0       7.34000000       1.55000000  0  5 f8 f0 0a 04 04 7361 01 00
   97 2016 249 16 34 31 000 0       7.34000000       1.55000000  0  5 f8 f0 0a 04 04 7361 01 00
   98 2016 249 16 34 32 000 0       7.34000000       1.55000000  0  5 f8 f0 0a 04 04 7362 01 00
   98 2016 249 16 34 33 000 0       7.34000000       1.55000000  0  5 f8 f0 0a 04 04 7362 01 00
   98 2016 249 16 34 34 000 0       7.34000000       1.55000000  0  5 f8 f0 0a 04 04 7362 01 00
   98 2016 249 16 34 35 000 0       7.34000000       1.55000000  0  5 f8 f0 0a 04 04 7362 01 00
   98 2016 249 16 34 36 000 0       7.34000000       1.55000000  0  5 f8 f0 0a 04 04 7362 01 00
   98 2016 249 16 34 37 000 0       7.34000000       1.55000000  0  5 f8 f0 0a 04 04 7362 01 00
   98 2016 249 16 34 38 000 0       7.34000000       1.55000000  0  5 f8 f0 0a 04 04 7362 01 00
   98 2016 249 16 34 39 000 0       7.34000000       1.55000000  0  5 f8 f0 0a 04 04 7362 01 00
   98 2016 249 16 34 40 000 0       7.34000000       1.55000000  0  5 f8 f0 0a 04 04 7362 01 00
   98 2016 249 16 34 41 000 0       7.34000000       1.55000000  0  5 f8 f0 0a 04 04 7362 01 00
   99 2016 249 16 34 42 000 0       7.35000000       1.55000000  0  5 f8 f0 0a 04 04 7363 01 00
   99 2016 249 16 34 43 000 0       7.37000000       1.55000000  0  5 f8 f0 0a 04 04 7363 01 00
   99 2016 249 16 34 44 000 0       7.37000000       1.55000000  0  5 f8 f0 0a 04 04 7363 01 00
   99 2016 249 16 34 45 000 0       7.37000000       1.55000000  0  5 f8 f0 0a 04 04 7363 01 00
   99 2016 249 16 34 46 000 0       7.37000000       1.55000000  0  5 f8 f0 0a 04 04 7363 01 00
   99 2016 249 16 34 47 000 0       7.37000000       1.55000000  0  5 f8 f0 0a 04 04 7363 01 00
   99 2016 249 16 34 48 000 0       7.37000000       1.55000000  0  5 f8 f0 0a 04 04 7363 01 00
   99 2016 249 16 34 49 000 0       7.37000000       1.55000000  0  5 f8 f0 0a 04 04 7363 01 00
   99 2016 249 16 34 50 000 0       7.37000000       1.55000000  0  5 f8 f0 0a 04 04 7363 01 00
   99 2016 249 16 34 51 000 0       7.37000000       1.55000000  0  5 f8 f0 0a 04 04 7363 01 00
