 BkNo Year Day hh mm ss mss ns    Azimuth(deg)    Elevation(deg)Tv DvTSnRSnDTpSTpSId BkCtSRtInTim
    1 2016 252 12 20 43 000 0     120.89000000      79.01000000  0  5 f9 f0 18 04 04 0e01 01 00
    1 2016 252 12 20 44 000 0     120.89000000      79.01000000  0  5 f9 f0 18 04 04 0e01 01 00
    1 2016 252 12 20 45 000 0     120.89000000      79.01000000  0  5 f9 f0 18 04 04 0e01 01 00
    1 2016 252 12 20 46 000 0     158.69000000      19.49000000  0  3 f9 f0 18 04 04 0e01 01 00
    1 2016 252 12 20 47 000 0     158.70000000      18.48000000  0  3 f9 f0 18 04 04 0e01 01 00
    1 2016 252 12 20 48 000 0     158.75000000      17.49000000  0  3 f9 f0 18 04 04 0e01 01 00
    1 2016 252 12 20 49 000 0     158.75000000      16.49000000  0  3 f9 f0 18 04 04 0e01 01 00
    1 2016 252 12 20 50 000 0     158.75000000      15.48000000  0  3 f9 f0 18 04 04 0e01 01 00
    1 2016 252 12 20 51 000 0     158.78000000      14.50000000  0  3 f9 f0 18 04 04 0e01 01 00
    1 2016 252 12 20 52 000 0     158.82000000      13.48000000  0  3 f9 f0 18 04 04 0e01 01 00
    2 2016 252 12 20 53 000 0     158.86000000       9.48000000  0  3 f9 f0 18 04 04 0e02 01 00
    2 2016 252 12 20 54 000 0     158.73000000       8.49000000  0  3 f9 f0 18 04 04 0e02 01 00
    2 2016 252 12 20 55 000 0     158.72000000       7.49000000  0  3 f9 f0 18 04 04 0e02 01 00
    2 2016 252 12 20 56 000 0     158.85000000       6.48000000  0  3 f9 f0 18 04 04 0e02 01 00
    2 2016 252 12 20 57 000 0     158.83000000       5.49000000  0  3 f9 f0 18 04 04 0e02 01 00
    2 2016 252 12 20 58 000 0     158.73000000       4.47000000  0  3 f9 f0 18 04 04 0e02 01 00
    2 2016 252 12 20 59 000 0     158.78000000       3.48000000  0  3 f9 f0 18 04 04 0e02 01 00
    2 2016 252 12 21 00 000 0     158.85000000       2.50000000  0  3 f9 f0 18 04 04 0e02 01 00
    2 2016 252 12 21 01 000 0     158.77000000       1.73000000  0  3 f9 f0 18 04 04 0e02 01 00
    2 2016 252 12 21 02 000 0     158.81000000       1.46000000  0  3 f9 f0 18 04 04 0e02 01 00
    3 2016 252 12 21 03 000 0     158.79000000       1.53000000  0  3 f9 f0 18 04 04 0e03 01 00
    3 2016 252 12 21 04 000 0     158.79000000       1.54000000  0  3 f9 f0 18 04 04 0e03 01 00
    3 2016 252 12 21 05 000 0     158.79000000       1.55000000  0  3 f9 f0 18 04 04 0e03 01 00
    3 2016 252 12 21 06 000 0     158.79000000       1.55000000  0  3 f9 f0 18 04 04 0e03 01 00
    3 2016 252 12 21 07 000 0     158.79000000       1.55000000  0  3 f9 f0 18 04 04 0e03 01 00
    3 2016 252 12 21 08 000 0     158.79000000       1.55000000  0  3 f9 f0 18 04 04 0e03 01 00
    3 2016 252 12 21 09 000 0     158.79000000       1.55000000  0  3 f9 f0 18 04 04 0e03 01 00
    3 2016 252 12 21 10 000 0     158.79000000       1.55000000  0  3 f9 f0 18 04 04 0e03 01 00
    3 2016 252 12 21 11 000 0     158.79000000       1.55000000  0  3 f9 f0 18 04 04 0e03 01 00
    3 2016 252 12 21 12 000 0     158.79000000       1.55000000  0  3 f9 f0 18 04 04 0e03 01 00
    4 2016 252 12 21 13 000 0     158.79000000       1.55000000  0  3 f9 f0 18 04 04 0e04 01 00
    4 2016 252 12 21 14 000 0     158.79000000       1.55000000  0  3 f9 f0 18 04 04 0e04 01 00
    4 2016 252 12 21 15 000 0     158.79000000       1.55000000  0  3 f9 f0 18 04 04 0e04 01 00
    4 2016 252 12 21 16 000 0     158.77000000       1.55000000  0  3 f9 f0 18 04 04 0e04 01 00
    4 2016 252 12 21 17 000 0     158.77000000       1.55000000  0  3 f9 f0 18 04 04 0e04 01 00
    4 2016 252 12 21 18 000 0     158.77000000       1.55000000  0  3 f9 f0 18 04 04 0e04 01 00
    4 2016 252 12 21 19 000 0     158.77000000       1.55000000  0  3 f9 f0 18 04 04 0e04 01 00
    4 2016 252 12 21 20 000 0     158.77000000       1.55000000  0  3 f9 f0 18 04 04 0e04 01 00
    4 2016 252 12 21 21 000 0     158.77000000       1.55000000  0  3 f9 f0 18 04 04 0e04 01 00
    4 2016 252 12 21 22 000 0     158.78000000       1.55000000  0  3 f9 f0 18 04 04 0e04 01 00
    5 2016 252 12 21 23 000 0     158.81000000       1.55000000  0  3 f9 f0 18 04 04 0e05 01 00
    5 2016 252 12 21 24 000 0     158.81000000       1.55000000  0  3 f9 f0 18 04 04 0e05 01 00
    5 2016 252 12 21 25 000 0     158.81000000       1.55000000  0  3 f9 f0 18 04 04 0e05 01 00
    5 2016 252 12 21 26 000 0     158.81000000       1.55000000  0  3 f9 f0 18 04 04 0e05 01 00
    5 2016 252 12 21 27 000 0     158.81000000       1.55000000  0  3 f9 f0 18 04 04 0e05 01 00
    5 2016 252 12 21 28 000 0     158.80000000       1.55000000  0  3 f9 f0 18 04 04 0e05 01 00
    5 2016 252 12 21 29 000 0     158.79000000       1.54000000  0  3 f9 f0 18 04 04 0e05 01 00
    5 2016 252 12 21 30 000 0     158.77000000       1.54000000  0  3 f9 f0 18 04 04 0e05 01 00
    5 2016 252 12 21 31 000 0     158.77000000       1.54000000  0  3 f9 f0 18 04 04 0e05 01 00
    5 2016 252 12 21 32 000 0     158.77000000       1.54000000  0  3 f9 f0 18 04 04 0e05 01 00
    6 2016 252 12 21 33 000 0     158.77000000       1.54000000  0  3 f9 f0 18 04 04 0e06 01 00
    6 2016 252 12 21 34 000 0     158.77000000       1.54000000  0  3 f9 f0 18 04 04 0e06 01 00
    6 2016 252 12 21 35 000 0     158.79000000       1.54000000  0  3 f9 f0 18 04 04 0e06 01 00
    6 2016 252 12 21 36 000 0     158.82000000       1.54000000  0  3 f9 f0 18 04 04 0e06 01 00
    6 2016 252 12 21 37 000 0     158.82000000       1.54000000  0  3 f9 f0 18 04 04 0e06 01 00
    6 2016 252 12 21 38 000 0     158.81000000       1.54000000  0  3 f9 f0 18 04 04 0e06 01 00
    6 2016 252 12 21 39 000 0     158.81000000       1.54000000  0  3 f9 f0 18 04 04 0e06 01 00
    6 2016 252 12 21 40 000 0     158.81000000       1.55000000  0  3 f9 f0 18 04 04 0e06 01 00
    6 2016 252 12 21 41 000 0     158.77000000       1.55000000  0  3 f9 f0 18 04 04 0e06 01 00
    6 2016 252 12 21 42 000 0     158.77000000       1.56000000  0  3 f9 f0 18 04 04 0e06 01 00
    7 2016 252 12 21 43 000 0     158.77000000       1.56000000  0  3 f9 f0 18 04 04 0e07 01 00
    7 2016 252 12 21 44 000 0     158.77000000       1.56000000  0  3 f9 f0 18 04 04 0e07 01 00
    7 2016 252 12 21 45 000 0     158.77000000       1.56000000  0  3 f9 f0 18 04 04 0e07 01 00
    7 2016 252 12 21 46 000 0     158.77000000       1.56000000  0  3 f9 f0 18 04 04 0e07 01 00
    7 2016 252 12 21 47 000 0     158.78000000       1.56000000  0  3 f9 f0 18 04 04 0e07 01 00
    7 2016 252 12 21 48 000 0     158.80000000       1.56000000  0  3 f9 f0 18 04 04 0e07 01 00
    7 2016 252 12 21 49 000 0     158.81000000       1.56000000  0  3 f9 f0 18 04 04 0e07 01 00
    7 2016 252 12 21 50 000 0     158.81000000       1.56000000  0  3 f9 f0 18 04 04 0e07 01 00
    7 2016 252 12 21 51 000 0     158.75000000       1.56000000  0  3 f9 f0 18 04 04 0e07 01 00
    7 2016 252 12 21 52 000 0     158.72000000       1.56000000  0  3 f9 f0 18 04 04 0e07 01 00
    8 2016 252 12 21 53 000 0     158.72000000       1.54000000  0  3 f9 f0 18 04 04 0e08 01 00
    8 2016 252 12 21 54 000 0     158.67000000       1.54000000  0  3 f9 f0 18 04 04 0e08 01 00
    8 2016 252 12 21 55 000 0     158.65000000       1.54000000  0  3 f9 f0 18 04 04 0e08 01 00
    8 2016 252 12 21 56 000 0     158.63000000       1.54000000  0  3 f9 f0 18 04 04 0e08 01 00
    8 2016 252 12 21 57 000 0     158.59000000       1.54000000  0  3 f9 f0 18 04 04 0e08 01 00
    8 2016 252 12 21 58 000 0     158.57000000       1.54000000  0  3 f9 f0 18 04 04 0e08 01 00
    8 2016 252 12 21 59 000 0     158.53000000       1.54000000  0  3 f9 f0 18 04 04 0e08 01 00
    8 2016 252 12 22 00 000 0     158.51000000       1.54000000  0  3 f9 f0 18 04 04 0e08 01 00
    8 2016 252 12 22 01 000 0     158.47000000       1.54000000  0  3 f9 f0 18 04 04 0e08 01 00
    8 2016 252 12 22 02 000 0     158.46000000       1.55000000  0  3 f9 f0 18 04 04 0e08 01 00
    9 2016 252 12 22 03 000 0     158.42000000       1.55000000  0  3 f9 f0 18 04 04 0e09 01 00
    9 2016 252 12 22 04 000 0     158.39000000       1.55000000  0  3 f9 f0 18 04 04 0e09 01 00
    9 2016 252 12 22 05 000 0     158.36000000       1.55000000  0  3 f9 f0 18 04 04 0e09 01 00
    9 2016 252 12 22 06 000 0     158.33000000       1.55000000  0  3 f9 f0 18 04 04 0e09 01 00
    9 2016 252 12 22 07 000 0     158.31000000       1.55000000  0  3 f9 f0 18 04 04 0e09 01 00
    9 2016 252 12 22 08 000 0     158.27000000       1.55000000  0  3 f9 f0 18 04 04 0e09 01 00
    9 2016 252 12 22 09 000 0     158.26000000       1.55000000  0  3 f9 f0 18 04 04 0e09 01 00
    9 2016 252 12 22 10 000 0     158.21000000       1.55000000  0  3 f9 f0 18 04 04 0e09 01 00
    9 2016 252 12 22 11 000 0     158.19000000       1.58000000  0  3 f9 f0 18 04 04 0e09 01 00
    9 2016 252 12 22 12 000 0     158.15000000       1.66000000  0  3 f9 f0 18 04 04 0e09 01 00
   10 2016 252 12 22 13 000 0     158.13000000       1.72000000  0  3 f9 f0 18 04 04 0e0a 01 00
   10 2016 252 12 22 14 000 0     158.09000000       1.77000000  0  3 f9 f0 18 04 04 0e0a 01 00
   10 2016 252 12 22 15 000 0     158.06000000       1.82000000  0  3 f9 f0 18 04 04 0e0a 01 00
   10 2016 252 12 22 16 000 0     158.03000000       1.87000000  0  3 f9 f0 18 04 04 0e0a 01 00
   10 2016 252 12 22 17 000 0     157.99000000       1.93000000  0  3 f9 f0 18 04 04 0e0a 01 00
   10 2016 252 12 22 18 000 0     157.96000000       1.98000000  0  3 f9 f0 18 04 04 0e0a 01 00
   10 2016 252 12 22 19 000 0     157.93000000       2.04000000  0  3 f9 f0 18 04 04 0e0a 01 00
   10 2016 252 12 22 20 000 0     157.90000000       2.09000000  0  3 f9 f0 18 04 04 0e0a 01 00
   10 2016 252 12 22 21 000 0     157.86000000       2.16000000  0  3 f9 f0 18 04 04 0e0a 01 00
   10 2016 252 12 22 22 000 0     157.84000000       2.23000000  0  3 f9 f0 18 04 04 0e0a 01 00
   11 2016 252 12 22 23 000 0     157.80000000       2.30000000  0  3 f9 f0 18 04 04 0e0b 01 00
   11 2016 252 12 22 24 000 0     157.77000000       2.37000000  0  3 f9 f0 18 04 04 0e0b 01 00
   11 2016 252 12 22 25 000 0     157.73000000       2.44000000  0  3 f9 f0 18 04 04 0e0b 01 00
   11 2016 252 12 22 26 000 0     157.71000000       2.50000000  0  3 f9 f0 18 04 04 0e0b 01 00
   11 2016 252 12 22 27 000 0     157.66000000       2.57000000  0  3 f9 f0 18 04 04 0e0b 01 00
   11 2016 252 12 22 28 000 0     157.64000000       2.64000000  0  3 f9 f0 18 04 04 0e0b 01 00
   11 2016 252 12 22 29 000 0     157.60000000       2.71000000  0  3 f9 f0 18 04 04 0e0b 01 00
   11 2016 252 12 22 30 000 0     157.57000000       2.78000000  0  3 f9 f0 18 04 04 0e0b 01 00
   11 2016 252 12 22 31 000 0     157.53000000       2.86000000  0  3 f9 f0 18 04 04 0e0b 01 00
   11 2016 252 12 22 32 000 0     157.50000000       2.93000000  0  3 f9 f0 18 04 04 0e0b 01 00
   12 2016 252 12 22 33 000 0     157.47000000       3.00000000  0  3 f9 f0 18 04 04 0e0c 01 00
   12 2016 252 12 22 34 000 0     157.43000000       3.07000000  0  3 f9 f0 18 04 04 0e0c 01 00
   12 2016 252 12 22 35 000 0     157.39000000       3.14000000  0  3 f9 f0 18 04 04 0e0c 01 00
   12 2016 252 12 22 36 000 0     157.36000000       3.21000000  0  3 f9 f0 18 04 04 0e0c 01 00
   12 2016 252 12 22 37 000 0     157.32000000       3.29000000  0  3 f9 f0 18 04 04 0e0c 01 00
   12 2016 252 12 22 38 000 0     157.29000000       3.36000000  0  3 f9 f0 18 04 04 0e0c 01 00
   12 2016 252 12 22 39 000 0     157.25000000       3.43000000  0  3 f9 f0 18 04 04 0e0c 01 00
   12 2016 252 12 22 40 000 0     157.22000000       3.50000000  0  3 f9 f0 18 04 04 0e0c 01 00
   12 2016 252 12 22 41 000 0     157.18000000       3.58000000  0  3 f9 f0 18 04 04 0e0c 01 00
   12 2016 252 12 22 42 000 0     157.15000000       3.65000000  0  3 f9 f0 18 04 04 0e0c 01 00
   13 2016 252 12 22 43 000 0     157.11000000       3.72000000  0  3 f9 f0 18 04 04 0e0d 01 00
   13 2016 252 12 22 44 000 0     157.07000000       3.81000000  0  3 f9 f0 18 04 04 0e0d 01 00
   13 2016 252 12 22 45 000 0     157.03000000       3.87000000  0  3 f9 f0 18 04 04 0e0d 01 00
   13 2016 252 12 22 46 000 0     157.00000000       3.95000000  0  3 f9 f0 18 04 04 0e0d 01 00
   13 2016 252 12 22 47 000 0     156.96000000       4.02000000  0  3 f9 f0 18 04 04 0e0d 01 00
   13 2016 252 12 22 48 000 0     156.93000000       4.09000000  0  3 f9 f0 18 04 04 0e0d 01 00
   13 2016 252 12 22 49 000 0     156.89000000       4.17000000  0  3 f9 f0 18 04 04 0e0d 01 00
   13 2016 252 12 22 50 000 0     156.85000000       4.24000000  0  3 f9 f0 18 04 04 0e0d 01 00
   13 2016 252 12 22 51 000 0     156.81000000       4.31000000  0  3 f9 f0 18 04 04 0e0d 01 00
   13 2016 252 12 22 52 000 0     156.77000000       4.39000000  0  3 f9 f0 18 04 04 0e0d 01 00
   14 2016 252 12 22 53 000 0     156.73000000       4.47000000  0  3 f9 f0 18 04 04 0e0e 01 00
   14 2016 252 12 22 54 000 0     156.69000000       4.55000000  0  3 f9 f0 18 04 04 0e0e 01 00
   14 2016 252 12 22 55 000 0     156.66000000       4.63000000  0  3 f9 f0 18 04 04 0e0e 01 00
   14 2016 252 12 22 56 000 0     156.62000000       4.70000000  0  3 f9 f0 18 04 04 0e0e 01 00
   14 2016 252 12 22 57 000 0     156.58000000       4.78000000  0  3 f9 f0 18 04 04 0e0e 01 00
   14 2016 252 12 22 58 000 0     156.54000000       4.86000000  0  3 f9 f0 18 04 04 0e0e 01 00
   14 2016 252 12 22 59 000 0     156.50000000       4.93000000  0  3 f9 f0 18 04 04 0e0e 01 00
   14 2016 252 12 23 00 000 0     156.46000000       5.01000000  0  3 f9 f0 18 04 04 0e0e 01 00
   14 2016 252 12 23 01 000 0     156.42000000       5.09000000  0  3 f9 f0 18 04 04 0e0e 01 00
   14 2016 252 12 23 02 000 0     156.37000000       5.17000000  0  3 f9 f0 18 04 04 0e0e 01 00
   15 2016 252 12 23 03 000 0     156.33000000       5.25000000  0  3 f9 f0 18 04 04 0e0f 01 00
   15 2016 252 12 23 04 000 0     156.29000000       5.33000000  0  3 f9 f0 18 04 04 0e0f 01 00
   15 2016 252 12 23 05 000 0     156.25000000       5.41000000  0  3 f9 f0 18 04 04 0e0f 01 00
   15 2016 252 12 23 06 000 0     156.20000000       5.49000000  0  3 f9 f0 18 04 04 0e0f 01 00
   15 2016 252 12 23 07 000 0     156.16000000       5.57000000  0  3 f9 f0 18 04 04 0e0f 01 00
   15 2016 252 12 23 08 000 0     156.12000000       5.65000000  0  3 f9 f0 18 04 04 0e0f 01 00
   15 2016 252 12 23 09 000 0     156.07000000       5.73000000  0  3 f9 f0 18 04 04 0e0f 01 00
   15 2016 252 12 23 10 000 0     156.03000000       5.81000000  0  3 f9 f0 18 04 04 0e0f 01 00
   15 2016 252 12 23 11 000 0     155.98000000       5.90000000  0  3 f9 f0 18 04 04 0e0f 01 00
   15 2016 252 12 23 12 000 0     155.94000000       5.98000000  0  3 f9 f0 18 04 04 0e0f 01 00
   16 2016 252 12 23 13 000 0     155.90000000       6.06000000  0  3 f9 f0 18 04 04 0e10 01 00
   16 2016 252 12 23 14 000 0     155.85000000       6.14000000  0  3 f9 f0 18 04 04 0e10 01 00
   16 2016 252 12 23 15 000 0     155.80000000       6.23000000  0  3 f9 f0 18 04 04 0e10 01 00
   16 2016 252 12 23 16 000 0     155.76000000       6.31000000  0  3 f9 f0 18 04 04 0e10 01 00
   16 2016 252 12 23 17 000 0     155.72000000       6.39000000  0  3 f9 f0 18 04 04 0e10 01 00
   16 2016 252 12 23 18 000 0     155.66000000       6.47000000  0  3 f9 f0 18 04 04 0e10 01 00
   16 2016 252 12 23 19 000 0     155.63000000       6.56000000  0  3 f9 f0 18 04 04 0e10 01 00
   16 2016 252 12 23 20 000 0     155.58000000       6.65000000  0  3 f9 f0 18 04 04 0e10 01 00
   16 2016 252 12 23 21 000 0     155.53000000       6.73000000  0  3 f9 f0 18 04 04 0e10 01 00
   16 2016 252 12 23 22 000 0     155.48000000       6.81000000  0  3 f9 f0 18 04 04 0e10 01 00
   17 2016 252 12 23 23 000 0     155.43000000       6.90000000  0  3 f9 f0 18 04 04 0e11 01 00
   17 2016 252 12 23 24 000 0     155.38000000       6.99000000  0  3 f9 f0 18 04 04 0e11 01 00
   17 2016 252 12 23 25 000 0     155.33000000       7.07000000  0  3 f9 f0 18 04 04 0e11 01 00
   17 2016 252 12 23 26 000 0     155.29000000       7.16000000  0  3 f9 f0 18 04 04 0e11 01 00
   17 2016 252 12 23 27 000 0     155.24000000       7.24000000  0  3 f9 f0 18 04 04 0e11 01 00
   17 2016 252 12 23 28 000 0     155.19000000       7.33000000  0  3 f9 f0 18 04 04 0e11 01 00
   17 2016 252 12 23 29 000 0     155.13000000       7.41000000  0  3 f9 f0 18 04 04 0e11 01 00
   17 2016 252 12 23 30 000 0     155.09000000       7.50000000  0  3 f9 f0 18 04 04 0e11 01 00
   17 2016 252 12 23 31 000 0     155.04000000       7.59000000  0  3 f9 f0 18 04 04 0e11 01 00
   17 2016 252 12 23 32 000 0     154.99000000       7.68000000  0  3 f9 f0 18 04 04 0e11 01 00
   18 2016 252 12 23 33 000 0     154.93000000       7.77000000  0  3 f9 f0 18 04 04 0e12 01 00
   18 2016 252 12 23 34 000 0     154.89000000       7.87000000  0  3 f9 f0 18 04 04 0e12 01 00
   18 2016 252 12 23 35 000 0     154.83000000       7.96000000  0  3 f9 f0 18 04 04 0e12 01 00
   18 2016 252 12 23 36 000 0     154.77000000       8.05000000  0  3 f9 f0 18 04 04 0e12 01 00
   18 2016 252 12 23 37 000 0     154.73000000       8.13000000  0  3 f9 f0 18 04 04 0e12 01 00
   18 2016 252 12 23 38 000 0     154.68000000       8.23000000  0  3 f9 f0 18 04 04 0e12 01 00
   18 2016 252 12 23 39 000 0     154.62000000       8.32000000  0  3 f9 f0 18 04 04 0e12 01 00
   18 2016 252 12 23 40 000 0     154.57000000       8.41000000  0  3 f9 f0 18 04 04 0e12 01 00
   18 2016 252 12 23 41 000 0     154.52000000       8.51000000  0  3 f9 f0 18 04 04 0e12 01 00
   18 2016 252 12 23 42 000 0     154.46000000       8.60000000  0  3 f9 f0 18 04 04 0e12 01 00
   19 2016 252 12 23 43 000 0     154.40000000       8.69000000  0  3 f9 f0 18 04 04 0e13 01 00
   19 2016 252 12 23 44 000 0     154.35000000       8.79000000  0  3 f9 f0 18 04 04 0e13 01 00
   19 2016 252 12 23 45 000 0     154.29000000       8.88000000  0  3 f9 f0 18 04 04 0e13 01 00
   19 2016 252 12 23 46 000 0     154.23000000       8.97000000  0  3 f9 f0 18 04 04 0e13 01 00
   19 2016 252 12 23 47 000 0     154.18000000       9.07000000  0  3 f9 f0 18 04 04 0e13 01 00
   19 2016 252 12 23 48 000 0     154.12000000       9.16000000  0  3 f9 f0 18 04 04 0e13 01 00
   19 2016 252 12 23 49 000 0     154.06000000       9.26000000  0  3 f9 f0 18 04 04 0e13 01 00
   19 2016 252 12 23 50 000 0     154.01000000       9.35000000  0  3 f9 f0 18 04 04 0e13 01 00
   19 2016 252 12 23 51 000 0     153.95000000       9.45000000  0  3 f9 f0 18 04 04 0e13 01 00
   19 2016 252 12 23 52 000 0     153.88000000       9.55000000  0  3 f9 f0 18 04 04 0e13 01 00
   20 2016 252 12 23 53 000 0     153.83000000       9.65000000  0  3 f9 f0 18 04 04 0e14 01 00
   20 2016 252 12 23 54 000 0     153.77000000       9.75000000  0  3 f9 f0 18 04 04 0e14 01 00
   20 2016 252 12 23 55 000 0     153.70000000       9.85000000  0  3 f9 f0 18 04 04 0e14 01 00
   20 2016 252 12 23 56 000 0     153.65000000       9.94000000  0  3 f9 f0 18 04 04 0e14 01 00
   20 2016 252 12 23 57 000 0     153.59000000      10.04000000  0  3 f9 f0 18 04 04 0e14 01 00
   20 2016 252 12 23 58 000 0     153.52000000      10.15000000  0  3 f9 f0 18 04 04 0e14 01 00
   20 2016 252 12 23 59 000 0     153.46000000      10.24000000  0  3 f9 f0 18 04 04 0e14 01 00
   20 2016 252 12 24 00 000 0     153.40000000      10.34000000  0  3 f9 f0 18 04 04 0e14 01 00
   20 2016 252 12 24 01 000 0     153.33000000      10.44000000  0  3 f9 f0 18 04 04 0e14 01 00
   20 2016 252 12 24 02 000 0     153.27000000      10.55000000  0  3 f9 f0 18 04 04 0e14 01 00
   21 2016 252 12 24 03 000 0     153.20000000      10.65000000  0  3 f9 f0 18 04 04 0e15 01 00
   21 2016 252 12 24 04 000 0     153.13000000      10.75000000  0  3 f9 f0 18 04 04 0e15 01 00
   21 2016 252 12 24 05 000 0     153.07000000      10.86000000  0  3 f9 f0 18 04 04 0e15 01 00
   21 2016 252 12 24 06 000 0     153.00000000      10.96000000  0  3 f9 f0 18 04 04 0e15 01 00
   21 2016 252 12 24 07 000 0     152.93000000      11.07000000  0  3 f9 f0 18 04 04 0e15 01 00
   21 2016 252 12 24 08 000 0     152.86000000      11.17000000  0  3 f9 f0 18 04 04 0e15 01 00
   21 2016 252 12 24 09 000 0     152.79000000      11.27000000  0  3 f9 f0 18 04 04 0e15 01 00
   21 2016 252 12 24 10 000 0     152.73000000      11.38000000  0  3 f9 f0 18 04 04 0e15 01 00
   21 2016 252 12 24 11 000 0     152.65000000      11.49000000  0  3 f9 f0 18 04 04 0e15 01 00
   21 2016 252 12 24 12 000 0     152.59000000      11.60000000  0  3 f9 f0 18 04 04 0e15 01 00
   22 2016 252 12 24 13 000 0     152.51000000      11.71000000  0  3 f9 f0 18 04 04 0e16 01 00
   22 2016 252 12 24 14 000 0     152.44000000      11.82000000  0  3 f9 f0 18 04 04 0e16 01 00
   22 2016 252 12 24 15 000 0     152.37000000      11.93000000  0  3 f9 f0 18 04 04 0e16 01 00
   22 2016 252 12 24 16 000 0     152.29000000      12.04000000  0  3 f9 f0 18 04 04 0e16 01 00
   22 2016 252 12 24 17 000 0     152.23000000      12.15000000  0  3 f9 f0 18 04 04 0e16 01 00
   22 2016 252 12 24 18 000 0     152.15000000      12.26000000  0  3 f9 f0 18 04 04 0e16 01 00
   22 2016 252 12 24 19 000 0     152.08000000      12.37000000  0  3 f9 f0 18 04 04 0e16 01 00
   22 2016 252 12 24 20 000 0     152.01000000      12.48000000  0  3 f9 f0 18 04 04 0e16 01 00
   22 2016 252 12 24 21 000 0     151.93000000      12.60000000  0  3 f9 f0 18 04 04 0e16 01 00
   22 2016 252 12 24 22 000 0     151.86000000      12.71000000  0  3 f9 f0 18 04 04 0e16 01 00
   23 2016 252 12 24 23 000 0     151.77000000      12.83000000  0  3 f9 f0 18 04 04 0e17 01 00
   23 2016 252 12 24 24 000 0     151.70000000      12.95000000  0  3 f9 f0 18 04 04 0e17 01 00
   23 2016 252 12 24 25 000 0     151.61000000      13.06000000  0  3 f9 f0 18 04 04 0e17 01 00
   23 2016 252 12 24 26 000 0     151.54000000      13.18000000  0  3 f9 f0 18 04 04 0e17 01 00
   23 2016 252 12 24 27 000 0     151.46000000      13.29000000  0  3 f9 f0 18 04 04 0e17 01 00
   23 2016 252 12 24 28 000 0     151.37000000      13.41000000  0  3 f9 f0 18 04 04 0e17 01 00
   23 2016 252 12 24 29 000 0     151.30000000      13.53000000  0  3 f9 f0 18 04 04 0e17 01 00
   23 2016 252 12 24 30 000 0     151.21000000      13.64000000  0  3 f9 f0 18 04 04 0e17 01 00
   23 2016 252 12 24 31 000 0     151.14000000      13.76000000  0  3 f9 f0 18 04 04 0e17 01 00
   23 2016 252 12 24 32 000 0     151.04000000      13.89000000  0  3 f9 f0 18 04 04 0e17 01 00
   24 2016 252 12 24 33 000 0     150.96000000      14.01000000  0  3 f9 f0 18 04 04 0e18 01 00
   24 2016 252 12 24 34 000 0     150.87000000      14.13000000  0  3 f9 f0 18 04 04 0e18 01 00
   24 2016 252 12 24 35 000 0     150.79000000      14.25000000  0  3 f9 f0 18 04 04 0e18 01 00
   24 2016 252 12 24 36 000 0     150.69000000      14.38000000  0  3 f9 f0 18 04 04 0e18 01 00
   24 2016 252 12 24 37 000 0     150.62000000      14.50000000  0  3 f9 f0 18 04 04 0e18 01 00
   24 2016 252 12 24 38 000 0     150.52000000      14.62000000  0  3 f9 f0 18 04 04 0e18 01 00
   24 2016 252 12 24 39 000 0     150.44000000      14.75000000  0  3 f9 f0 18 04 04 0e18 01 00
   24 2016 252 12 24 40 000 0     150.34000000      14.87000000  0  3 f9 f0 18 04 04 0e18 01 00
   24 2016 252 12 24 41 000 0     150.26000000      15.00000000  0  3 f9 f0 18 04 04 0e18 01 00
   24 2016 252 12 24 42 000 0     150.15000000      15.13000000  0  3 f9 f0 18 04 04 0e18 01 00
   25 2016 252 12 24 43 000 0     150.06000000      15.26000000  0  3 f9 f0 18 04 04 0e19 01 00
   25 2016 252 12 24 44 000 0     149.97000000      15.40000000  0  3 f9 f0 18 04 04 0e19 01 00
   25 2016 252 12 24 45 000 0     149.87000000      15.53000000  0  3 f9 f0 18 04 04 0e19 01 00
   25 2016 252 12 24 46 000 0     149.77000000      15.65000000  0  3 f9 f0 18 04 04 0e19 01 00
   25 2016 252 12 24 47 000 0     149.67000000      15.79000000  0  3 f9 f0 18 04 04 0e19 01 00
   25 2016 252 12 24 48 000 0     149.58000000      15.92000000  0  3 f9 f0 18 04 04 0e19 01 00
   25 2016 252 12 24 49 000 0     149.48000000      16.05000000  0  3 f9 f0 18 04 04 0e19 01 00
   25 2016 252 12 24 50 000 0     149.39000000      16.18000000  0  3 f9 f0 18 04 04 0e19 01 00
   25 2016 252 12 24 51 000 0     149.28000000      16.32000000  0  3 f9 f0 18 04 04 0e19 01 00
   25 2016 252 12 24 52 000 0     149.18000000      16.46000000  0  3 f9 f0 18 04 04 0e19 01 00
   26 2016 252 12 24 53 000 0     149.07000000      16.60000000  0  3 f9 f0 18 04 04 0e1a 01 00
   26 2016 252 12 24 54 000 0     148.96000000      16.73000000  0  3 f9 f0 18 04 04 0e1a 01 00
   26 2016 252 12 24 55 000 0     148.86000000      16.88000000  0  3 f9 f0 18 04 04 0e1a 01 00
   26 2016 252 12 24 56 000 0     148.74000000      17.02000000  0  3 f9 f0 18 04 04 0e1a 01 00
   26 2016 252 12 24 57 000 0     148.64000000      17.16000000  0  3 f9 f0 18 04 04 0e1a 01 00
   26 2016 252 12 24 58 000 0     148.53000000      17.29000000  0  3 f9 f0 18 04 04 0e1a 01 00
   26 2016 252 12 24 59 000 0     148.42000000      17.43000000  0  3 f9 f0 18 04 04 0e1a 01 00
   26 2016 252 12 25 00 000 0     148.33000000      17.57000000  0  3 f9 f0 18 04 04 0e1a 01 00
   26 2016 252 12 25 01 000 0     148.20000000      17.72000000  0  3 f9 f0 18 04 04 0e1a 01 00
   26 2016 252 12 25 02 000 0     148.08000000      17.87000000  0  3 f9 f0 18 04 04 0e1a 01 00
   27 2016 252 12 25 03 000 0     147.97000000      18.02000000  0  3 f9 f0 18 04 04 0e1b 01 00
   27 2016 252 12 25 04 000 0     147.85000000      18.17000000  0  3 f9 f0 18 04 04 0e1b 01 00
   27 2016 252 12 25 05 000 0     147.73000000      18.32000000  0  3 f9 f0 18 04 04 0e1b 01 00
   27 2016 252 12 25 06 000 0     147.61000000      18.46000000  0  3 f9 f0 18 04 04 0e1b 01 00
   27 2016 252 12 25 07 000 0     147.49000000      18.62000000  0  3 f9 f0 18 04 04 0e1b 01 00
   27 2016 252 12 25 08 000 0     147.37000000      18.76000000  0  3 f9 f0 18 04 04 0e1b 01 00
   27 2016 252 12 25 09 000 0     147.26000000      18.91000000  0  3 f9 f0 18 04 04 0e1b 01 00
   27 2016 252 12 25 10 000 0     147.14000000      19.06000000  0  3 f9 f0 18 04 04 0e1b 01 00
   27 2016 252 12 25 11 000 0     147.00000000      19.22000000  0  3 f9 f0 18 04 04 0e1b 01 00
   27 2016 252 12 25 12 000 0     146.87000000      19.38000000  0  3 f9 f0 18 04 04 0e1b 01 00
   28 2016 252 12 25 13 000 0     146.74000000      19.54000000  0  3 f9 f0 18 04 04 0e1c 01 00
   28 2016 252 12 25 14 000 0     146.60000000      19.70000000  0  3 f9 f0 18 04 04 0e1c 01 00
   28 2016 252 12 25 15 000 0     146.46000000      19.86000000  0  3 f9 f0 18 04 04 0e1c 01 00
   28 2016 252 12 25 16 000 0     146.33000000      20.02000000  0  3 f9 f0 18 04 04 0e1c 01 00
   28 2016 252 12 25 17 000 0     146.21000000      20.18000000  0  3 f9 f0 18 04 04 0e1c 01 00
   28 2016 252 12 25 18 000 0     146.07000000      20.34000000  0  3 f9 f0 18 04 04 0e1c 01 00
   28 2016 252 12 25 19 000 0     145.93000000      20.50000000  0  3 f9 f0 18 04 04 0e1c 01 00
   28 2016 252 12 25 20 000 0     145.80000000      20.66000000  0  3 f9 f0 18 04 04 0e1c 01 00
   28 2016 252 12 25 21 000 0     145.65000000      20.83000000  0  3 f9 f0 18 04 04 0e1c 01 00
   28 2016 252 12 25 22 000 0     145.50000000      21.01000000  0  3 f9 f0 18 04 04 0e1c 01 00
   29 2016 252 12 25 23 000 0     145.35000000      21.17000000  0  3 f9 f0 18 04 04 0e1d 01 00
   29 2016 252 12 25 24 000 0     145.20000000      21.35000000  0  3 f9 f0 18 04 04 0e1d 01 00
   29 2016 252 12 25 25 000 0     145.05000000      21.51000000  0  3 f9 f0 18 04 04 0e1d 01 00
   29 2016 252 12 25 26 000 0     144.89000000      21.69000000  0  3 f9 f0 18 04 04 0e1d 01 00
   29 2016 252 12 25 27 000 0     144.75000000      21.86000000  0  3 f9 f0 18 04 04 0e1d 01 00
   29 2016 252 12 25 28 000 0     144.60000000      22.03000000  0  3 f9 f0 18 04 04 0e1d 01 00
   29 2016 252 12 25 29 000 0     144.45000000      22.20000000  0  3 f9 f0 18 04 04 0e1d 01 00
   29 2016 252 12 25 30 000 0     144.30000000      22.37000000  0  3 f9 f0 18 04 04 0e1d 01 00
   29 2016 252 12 25 31 000 0     144.13000000      22.55000000  0  3 f9 f0 18 04 04 0e1d 01 00
   29 2016 252 12 25 32 000 0     143.96000000      22.74000000  0  3 f9 f0 18 04 04 0e1d 01 00
   30 2016 252 12 25 33 000 0     143.78000000      22.92000000  0  3 f9 f0 18 04 04 0e1e 01 00
   30 2016 252 12 25 34 000 0     143.61000000      23.11000000  0  3 f9 f0 18 04 04 0e1e 01 00
   30 2016 252 12 25 35 000 0     143.45000000      23.29000000  0  3 f9 f0 18 04 04 0e1e 01 00
   30 2016 252 12 25 36 000 0     143.28000000      23.47000000  0  3 f9 f0 18 04 04 0e1e 01 00
   30 2016 252 12 25 37 000 0     143.10000000      23.66000000  0  3 f9 f0 18 04 04 0e1e 01 00
   30 2016 252 12 25 38 000 0     142.93000000      23.85000000  0  3 f9 f0 18 04 04 0e1e 01 00
   30 2016 252 12 25 39 000 0     142.76000000      24.03000000  0  3 f9 f0 18 04 04 0e1e 01 00
   30 2016 252 12 25 40 000 0     142.60000000      24.21000000  0  3 f9 f0 18 04 04 0e1e 01 00
   30 2016 252 12 25 41 000 0     142.40000000      24.41000000  0  3 f9 f0 18 04 04 0e1e 01 00
   30 2016 252 12 25 42 000 0     142.21000000      24.61000000  0  3 f9 f0 18 04 04 0e1e 01 00
   31 2016 252 12 25 43 000 0     142.01000000      24.80000000  0  3 f9 f0 18 04 04 0e1f 01 00
   31 2016 252 12 25 44 000 0     141.82000000      25.00000000  0  3 f9 f0 18 04 04 0e1f 01 00
   31 2016 252 12 25 45 000 0     141.63000000      25.20000000  0  3 f9 f0 18 04 04 0e1f 01 00
   31 2016 252 12 25 46 000 0     141.43000000      25.40000000  0  3 f9 f0 18 04 04 0e1f 01 00
   31 2016 252 12 25 47 000 0     141.23000000      25.59000000  0  3 f9 f0 18 04 04 0e1f 01 00
   31 2016 252 12 25 48 000 0     141.03000000      25.80000000  0  3 f9 f0 18 04 04 0e1f 01 00
   31 2016 252 12 25 49 000 0     140.84000000      26.00000000  0  3 f9 f0 18 04 04 0e1f 01 00
   31 2016 252 12 25 50 000 0     140.65000000      26.19000000  0  3 f9 f0 18 04 04 0e1f 01 00
   31 2016 252 12 25 51 000 0     140.43000000      26.40000000  0  3 f9 f0 18 04 04 0e1f 01 00
   31 2016 252 12 25 52 000 0     140.20000000      26.61000000  0  3 f9 f0 18 04 04 0e1f 01 00
   32 2016 252 12 25 53 000 0     139.97000000      26.83000000  0  3 f9 f0 18 04 04 0e20 01 00
   32 2016 252 12 25 54 000 0     139.75000000      27.04000000  0  3 f9 f0 18 04 04 0e20 01 00
   32 2016 252 12 25 55 000 0     139.53000000      27.26000000  0  3 f9 f0 18 04 04 0e20 01 00
   32 2016 252 12 25 56 000 0     139.30000000      27.47000000  0  3 f9 f0 18 04 04 0e20 01 00
   32 2016 252 12 25 57 000 0     139.07000000      27.69000000  0  3 f9 f0 18 04 04 0e20 01 00
   32 2016 252 12 25 58 000 0     138.85000000      27.90000000  0  3 f9 f0 18 04 04 0e20 01 00
   32 2016 252 12 25 59 000 0     138.63000000      28.11000000  0  3 f9 f0 18 04 04 0e20 01 00
   32 2016 252 12 26 00 000 0     138.39000000      28.32000000  0  3 f9 f0 18 04 04 0e20 01 00
   32 2016 252 12 26 01 000 0     138.14000000      28.55000000  0  3 f9 f0 18 04 04 0e20 01 00
   32 2016 252 12 26 02 000 0     137.88000000      28.78000000  0  3 f9 f0 18 04 04 0e20 01 00
   33 2016 252 12 26 03 000 0     137.62000000      29.01000000  0  3 f9 f0 18 04 04 0e21 01 00
   33 2016 252 12 26 04 000 0     137.36000000      29.23000000  0  3 f9 f0 18 04 04 0e21 01 00
   33 2016 252 12 26 05 000 0     137.10000000      29.46000000  0  3 f9 f0 18 04 04 0e21 01 00
   33 2016 252 12 26 06 000 0     136.84000000      29.69000000  0  3 f9 f0 18 04 04 0e21 01 00
   33 2016 252 12 26 07 000 0     136.58000000      29.92000000  0  3 f9 f0 18 04 04 0e21 01 00
   33 2016 252 12 26 08 000 0     136.32000000      30.15000000  0  3 f9 f0 18 04 04 0e21 01 00
   33 2016 252 12 26 09 000 0     136.05000000      30.38000000  0  3 f9 f0 18 04 04 0e21 01 00
   33 2016 252 12 26 10 000 0     135.80000000      30.60000000  0  3 f9 f0 18 04 04 0e21 01 00
   33 2016 252 12 26 11 000 0     135.50000000      30.85000000  0  3 f9 f0 18 04 04 0e21 01 00
   33 2016 252 12 26 12 000 0     135.18000000      31.09000000  0  3 f9 f0 18 04 04 0e21 01 00
   34 2016 252 12 26 13 000 0     134.88000000      31.33000000  0  3 f9 f0 18 04 04 0e22 01 00
   34 2016 252 12 26 14 000 0     134.58000000      31.57000000  0  3 f9 f0 18 04 04 0e22 01 00
   34 2016 252 12 26 15 000 0     134.27000000      31.82000000  0  3 f9 f0 18 04 04 0e22 01 00
   34 2016 252 12 26 16 000 0     133.97000000      32.06000000  0  3 f9 f0 18 04 04 0e22 01 00
   34 2016 252 12 26 17 000 0     133.66000000      32.30000000  0  3 f9 f0 18 04 04 0e22 01 00
   34 2016 252 12 26 18 000 0     133.36000000      32.54000000  0  3 f9 f0 18 04 04 0e22 01 00
   34 2016 252 12 26 19 000 0     133.05000000      32.79000000  0  3 f9 f0 18 04 04 0e22 01 00
   34 2016 252 12 26 20 000 0     132.74000000      33.04000000  0  3 f9 f0 18 04 04 0e22 01 00
   34 2016 252 12 26 21 000 0     132.38000000      33.30000000  0  3 f9 f0 18 04 04 0e22 01 00
   34 2016 252 12 26 22 000 0     132.03000000      33.55000000  0  3 f9 f0 18 04 04 0e22 01 00
   35 2016 252 12 26 23 000 0     131.67000000      33.81000000  0  3 f9 f0 18 04 04 0e23 01 00
   35 2016 252 12 26 24 000 0     131.31000000      34.06000000  0  3 f9 f0 18 04 04 0e23 01 00
   35 2016 252 12 26 25 000 0     130.95000000      34.32000000  0  3 f9 f0 18 04 04 0e23 01 00
   35 2016 252 12 26 26 000 0     130.59000000      34.58000000  0  3 f9 f0 18 04 04 0e23 01 00
   35 2016 252 12 26 27 000 0     130.24000000      34.83000000  0  3 f9 f0 18 04 04 0e23 01 00
   35 2016 252 12 26 28 000 0     129.88000000      35.09000000  0  3 f9 f0 18 04 04 0e23 01 00
   35 2016 252 12 26 29 000 0     129.53000000      35.34000000  0  3 f9 f0 18 04 04 0e23 01 00
   35 2016 252 12 26 30 000 0     129.17000000      35.60000000  0  3 f9 f0 18 04 04 0e23 01 00
   35 2016 252 12 26 31 000 0     128.70000000      35.89000000  0  3 f9 f0 18 04 04 0e23 01 00
   35 2016 252 12 26 32 000 0     128.28000000      36.16000000  0  3 f9 f0 18 04 04 0e23 01 00
   36 2016 252 12 26 33 000 0     127.85000000      36.43000000  0  3 f9 f0 18 04 04 0e24 01 00
   36 2016 252 12 26 34 000 0     127.46000000      36.67000000  0  3 f9 f0 18 04 04 0e24 01 00
   36 2016 252 12 26 35 000 0     127.05000000      36.94000000  0  3 f9 f0 18 04 04 0e24 01 00
   36 2016 252 12 26 36 000 0     126.62000000      37.20000000  0  3 f9 f0 18 04 04 0e24 01 00
   36 2016 252 12 26 37 000 0     126.16000000      37.49000000  0  3 f9 f0 18 04 04 0e24 01 00
   36 2016 252 12 26 38 000 0     125.73000000      37.76000000  0  3 f9 f0 18 04 04 0e24 01 00
   36 2016 252 12 26 39 000 0     125.30000000      38.03000000  0  3 f9 f0 18 04 04 0e24 01 00
   36 2016 252 12 26 40 000 0     124.92000000      38.27000000  0  3 f9 f0 18 04 04 0e24 01 00
   36 2016 252 12 26 41 000 0     124.41000000      38.54000000  0  3 f9 f0 18 04 04 0e24 01 00
   36 2016 252 12 26 42 000 0     123.91000000      38.82000000  0  3 f9 f0 18 04 04 0e24 01 00
   37 2016 252 12 26 43 000 0     123.40000000      39.08000000  0  3 f9 f0 18 04 04 0e25 01 00
   37 2016 252 12 26 44 000 0     122.85000000      39.38000000  0  3 f9 f0 18 04 04 0e25 01 00
   37 2016 252 12 26 45 000 0     122.34000000      39.65000000  0  3 f9 f0 18 04 04 0e25 01 00
   37 2016 252 12 26 46 000 0     121.89000000      39.90000000  0  3 f9 f0 18 04 04 0e25 01 00
   37 2016 252 12 26 47 000 0     121.38000000      40.17000000  0  3 f9 f0 18 04 04 0e25 01 00
   37 2016 252 12 26 48 000 0     120.88000000      40.44000000  0  3 f9 f0 18 04 04 0e25 01 00
   37 2016 252 12 26 49 000 0     120.37000000      40.71000000  0  3 f9 f0 18 04 04 0e25 01 00
   37 2016 252 12 26 50 000 0     119.86000000      40.98000000  0  3 f9 f0 18 04 04 0e25 01 00
   37 2016 252 12 26 51 000 0     119.20000000      41.27000000  0  3 f9 f0 18 04 04 0e25 01 00
   37 2016 252 12 26 52 000 0     118.61000000      41.53000000  0  3 f9 f0 18 04 04 0e25 01 00
   38 2016 252 12 26 53 000 0     118.08000000      41.77000000  0  3 f9 f0 18 04 04 0e26 01 00
   38 2016 252 12 26 54 000 0     117.46000000      42.04000000  0  3 f9 f0 18 04 04 0e26 01 00
   38 2016 252 12 26 55 000 0     116.86000000      42.31000000  0  3 f9 f0 18 04 04 0e26 01 00
   38 2016 252 12 26 56 000 0     116.25000000      42.58000000  0  3 f9 f0 18 04 04 0e26 01 00
   38 2016 252 12 26 57 000 0     115.66000000      42.84000000  0  3 f9 f0 18 04 04 0e26 01 00
   38 2016 252 12 26 58 000 0     115.00000000      43.12000000  0  3 f9 f0 18 04 04 0e26 01 00
   38 2016 252 12 26 59 000 0     114.40000000      43.40000000  0  3 f9 f0 18 04 04 0e26 01 00
   38 2016 252 12 27 00 000 0     113.86000000      43.63000000  0  3 f9 f0 18 04 04 0e26 01 00
   38 2016 252 12 27 01 000 0     113.15000000      43.87000000  0  3 f9 f0 18 04 04 0e26 01 00
   38 2016 252 12 27 02 000 0     112.44000000      44.12000000  0  3 f9 f0 18 04 04 0e26 01 00
   39 2016 252 12 27 03 000 0     111.73000000      44.36000000  0  3 f9 f0 18 04 04 0e27 01 00
   39 2016 252 12 27 04 000 0     111.02000000      44.60000000  0  3 f9 f0 18 04 04 0e27 01 00
   39 2016 252 12 27 05 000 0     110.24000000      44.87000000  0  3 f9 f0 18 04 04 0e27 01 00
   39 2016 252 12 27 06 000 0     109.61000000      45.09000000  0  3 f9 f0 18 04 04 0e27 01 00
   39 2016 252 12 27 07 000 0     108.90000000      45.33000000  0  3 f9 f0 18 04 04 0e27 01 00
   39 2016 252 12 27 08 000 0     108.19000000      45.58000000  0  3 f9 f0 18 04 04 0e27 01 00
   39 2016 252 12 27 09 000 0     107.49000000      45.82000000  0  3 f9 f0 18 04 04 0e27 01 00
   39 2016 252 12 27 10 000 0     106.78000000      46.06000000  0  3 f9 f0 18 04 04 0e27 01 00
   39 2016 252 12 27 11 000 0     105.95000000      46.26000000  0  3 f9 f0 18 04 04 0e27 01 00
   39 2016 252 12 27 12 000 0     105.06000000      46.49000000  0  3 f9 f0 18 04 04 0e27 01 00
   40 2016 252 12 27 13 000 0     104.32000000      46.67000000  0  3 f9 f0 18 04 04 0e28 01 00
   40 2016 252 12 27 14 000 0     103.49000000      46.87000000  0  3 f9 f0 18 04 04 0e28 01 00
   40 2016 252 12 27 15 000 0     102.67000000      47.08000000  0  3 f9 f0 18 04 04 0e28 01 00
   40 2016 252 12 27 16 000 0     101.86000000      47.28000000  0  3 f9 f0 18 04 04 0e28 01 00
   40 2016 252 12 27 17 000 0     101.04000000      47.48000000  0  3 f9 f0 18 04 04 0e28 01 00
   40 2016 252 12 27 18 000 0     100.21000000      47.68000000  0  3 f9 f0 18 04 04 0e28 01 00
   40 2016 252 12 27 19 000 0      99.40000000      47.89000000  0  3 f9 f0 18 04 04 0e28 01 00
   40 2016 252 12 27 20 000 0      98.59000000      48.09000000  0  3 f9 f0 18 04 04 0e28 01 00
   40 2016 252 12 27 21 000 0      97.65000000      48.23000000  0  3 f9 f0 18 04 04 0e28 01 00
   40 2016 252 12 27 22 000 0      96.72000000      48.37000000  0  3 f9 f0 18 04 04 0e28 01 00
   41 2016 252 12 27 23 000 0      95.82000000      48.51000000  0  3 f9 f0 18 04 04 0e29 01 00
   41 2016 252 12 27 24 000 0      94.90000000      48.66000000  0  3 f9 f0 18 04 04 0e29 01 00
   41 2016 252 12 27 25 000 0      93.98000000      48.80000000  0  3 f9 f0 18 04 04 0e29 01 00
   41 2016 252 12 27 26 000 0      93.07000000      48.94000000  0  3 f9 f0 18 04 04 0e29 01 00
   41 2016 252 12 27 27 000 0      92.14000000      49.08000000  0  3 f9 f0 18 04 04 0e29 01 00
   41 2016 252 12 27 28 000 0      91.22000000      49.22000000  0  3 f9 f0 18 04 04 0e29 01 00
   41 2016 252 12 27 29 000 0      90.31000000      49.36000000  0  3 f9 f0 18 04 04 0e29 01 00
   41 2016 252 12 27 30 000 0      89.38000000      49.50000000  0  3 f9 f0 18 04 04 0e29 01 00
   41 2016 252 12 27 31 000 0      88.39000000      49.56000000  0  3 f9 f0 18 04 04 0e29 01 00
   41 2016 252 12 27 32 000 0      87.32000000      49.63000000  0  3 f9 f0 18 04 04 0e29 01 00
   42 2016 252 12 27 33 000 0      86.44000000      49.68000000  0  3 f9 f0 18 04 04 0e2a 01 00
   42 2016 252 12 27 34 000 0      85.45000000      49.74000000  0  3 f9 f0 18 04 04 0e2a 01 00
   42 2016 252 12 27 35 000 0      84.47000000      49.80000000  0  3 f9 f0 18 04 04 0e2a 01 00
   42 2016 252 12 27 36 000 0      83.48000000      49.86000000  0  3 f9 f0 18 04 04 0e2a 01 00
   42 2016 252 12 27 37 000 0      82.50000000      49.92000000  0  3 f9 f0 18 04 04 0e2a 01 00
   42 2016 252 12 27 38 000 0      81.52000000      49.98000000  0  3 f9 f0 18 04 04 0e2a 01 00
   42 2016 252 12 27 39 000 0      80.54000000      50.04000000  0  3 f9 f0 18 04 04 0e2a 01 00
   42 2016 252 12 27 40 000 0      79.56000000      50.10000000  0  3 f9 f0 18 04 04 0e2a 01 00
   42 2016 252 12 27 41 000 0      78.56000000      50.11000000  0  3 f9 f0 18 04 04 0e2a 01 00
   42 2016 252 12 27 42 000 0      77.57000000      50.08000000  0  3 f9 f0 18 04 04 0e2a 01 00
   43 2016 252 12 27 43 000 0      76.57000000      50.02000000  0  3 f9 f0 18 04 04 0e2b 01 00
   43 2016 252 12 27 44 000 0      75.57000000      49.99000000  0  3 f9 f0 18 04 04 0e2b 01 00
   43 2016 252 12 27 45 000 0      74.58000000      49.96000000  0  3 f9 f0 18 04 04 0e2b 01 00
   43 2016 252 12 27 46 000 0      73.59000000      49.93000000  0  3 f9 f0 18 04 04 0e2b 01 00
   43 2016 252 12 27 47 000 0      72.59000000      49.90000000  0  3 f9 f0 18 04 04 0e2b 01 00
   43 2016 252 12 27 48 000 0      71.61000000      49.87000000  0  3 f9 f0 18 04 04 0e2b 01 00
   43 2016 252 12 27 49 000 0      70.61000000      49.85000000  0  3 f9 f0 18 04 04 0e2b 01 00
   43 2016 252 12 27 50 000 0      69.60000000      49.82000000  0  3 f9 f0 18 04 04 0e2b 01 00
   43 2016 252 12 27 51 000 0      68.66000000      49.71000000  0  3 f9 f0 18 04 04 0e2b 01 00
   43 2016 252 12 27 52 000 0      67.70000000      49.59000000  0  3 f9 f0 18 04 04 0e2b 01 00
   44 2016 252 12 27 53 000 0      66.76000000      49.48000000  0  3 f9 f0 18 04 04 0e2c 01 00
   44 2016 252 12 27 54 000 0      65.83000000      49.37000000  0  3 f9 f0 18 04 04 0e2c 01 00
   44 2016 252 12 27 55 000 0      65.16000000      49.24000000  0  0 f9 f0 18 04 04 0e2c 01 00
   44 2016 252 12 27 56 000 0      64.04000000      49.14000000  0  0 f9 f0 18 04 04 0e2c 01 00
   44 2016 252 12 27 57 000 0      63.14000000      49.07000000  0  0 f9 f0 18 04 04 0e2c 01 00
   44 2016 252 12 27 58 000 0      62.26000000      48.98000000  0  0 f9 f0 18 04 04 0e2c 01 00
   44 2016 252 12 27 59 000 0      61.36000000      48.87000000  0  0 f9 f0 18 04 04 0e2c 01 00
   44 2016 252 12 28 00 000 0      60.48000000      48.75000000  0  0 f9 f0 18 04 04 0e2c 01 00
   44 2016 252 12 28 01 000 0      59.59000000      48.61000000  0  0 f9 f0 18 04 04 0e2c 01 00
   44 2016 252 12 28 02 000 0      58.67000000      48.47000000  0  0 f9 f0 18 04 04 0e2c 01 00
   45 2016 252 12 28 03 000 0      57.76000000      48.32000000  0  0 f9 f0 18 04 04 0e2d 01 00
   45 2016 252 12 28 04 000 0      56.89000000      48.17000000  0  0 f9 f0 18 04 04 0e2d 01 00
   45 2016 252 12 28 05 000 0      56.01000000      48.00000000  0  0 f9 f0 18 04 04 0e2d 01 00
   45 2016 252 12 28 06 000 0      55.16000000      47.83000000  0  0 f9 f0 18 04 04 0e2d 01 00
   45 2016 252 12 28 07 000 0      54.33000000      47.65000000  0  0 f9 f0 18 04 04 0e2d 01 00
   45 2016 252 12 28 08 000 0      53.49000000      47.45000000  0  0 f9 f0 18 04 04 0e2d 01 00
   45 2016 252 12 28 09 000 0      52.68000000      47.25000000  0  0 f9 f0 18 04 04 0e2d 01 00
   45 2016 252 12 28 10 000 0      51.85000000      47.04000000  0  0 f9 f0 18 04 04 0e2d 01 00
   45 2016 252 12 28 11 000 0      51.04000000      46.83000000  0  0 f9 f0 18 04 04 0e2d 01 00
   45 2016 252 12 28 12 000 0      50.25000000      46.61000000  0  0 f9 f0 18 04 04 0e2d 01 00
   46 2016 252 12 28 13 000 0      49.46000000      46.40000000  0  0 f9 f0 18 04 04 0e2e 01 00
   46 2016 252 12 28 14 000 0      48.70000000      46.17000000  0  0 f9 f0 18 04 04 0e2e 01 00
   46 2016 252 12 28 15 000 0      47.95000000      45.95000000  0  0 f9 f0 18 04 04 0e2e 01 00
   46 2016 252 12 28 16 000 0      47.20000000      45.73000000  0  0 f9 f0 18 04 04 0e2e 01 00
   46 2016 252 12 28 17 000 0      46.46000000      45.50000000  0  0 f9 f0 18 04 04 0e2e 01 00
   46 2016 252 12 28 18 000 0      45.74000000      45.27000000  0  0 f9 f0 18 04 04 0e2e 01 00
   46 2016 252 12 28 19 000 0      45.03000000      45.03000000  0  0 f9 f0 18 04 04 0e2e 01 00
   46 2016 252 12 28 20 000 0      44.33000000      44.79000000  0  0 f9 f0 18 04 04 0e2e 01 00
   46 2016 252 12 28 21 000 0      43.63000000      44.54000000  0  0 f9 f0 18 04 04 0e2e 01 00
   46 2016 252 12 28 22 000 0      42.95000000      44.29000000  0  0 f9 f0 18 04 04 0e2e 01 00
   47 2016 252 12 28 23 000 0      42.30000000      44.02000000  0  0 f9 f0 18 04 04 0e2f 01 00
   47 2016 252 12 28 24 000 0      41.63000000      43.76000000  0  0 f9 f0 18 04 04 0e2f 01 00
   47 2016 252 12 28 25 000 0      40.98000000      43.48000000  0  0 f9 f0 18 04 04 0e2f 01 00
   47 2016 252 12 28 26 000 0      40.35000000      43.19000000  0  0 f9 f0 18 04 04 0e2f 01 00
   47 2016 252 12 28 27 000 0      39.72000000      42.90000000  0  0 f9 f0 18 04 04 0e2f 01 00
   47 2016 252 12 28 28 000 0      39.11000000      42.61000000  0  0 f9 f0 18 04 04 0e2f 01 00
   47 2016 252 12 28 29 000 0      38.49000000      42.30000000  0  0 f9 f0 18 04 04 0e2f 01 00
   47 2016 252 12 28 30 000 0      37.91000000      41.98000000  0  0 f9 f0 18 04 04 0e2f 01 00
   47 2016 252 12 28 31 000 0      37.33000000      41.68000000  0  0 f9 f0 18 04 04 0e2f 01 00
   47 2016 252 12 28 32 000 0      36.76000000      41.40000000  0  0 f9 f0 18 04 04 0e2f 01 00
   48 2016 252 12 28 33 000 0      36.20000000      41.13000000  0  0 f9 f0 18 04 04 0e30 01 00
   48 2016 252 12 28 34 000 0      35.66000000      40.88000000  0  0 f9 f0 18 04 04 0e30 01 00
   48 2016 252 12 28 35 000 0      35.11000000      40.64000000  0  0 f9 f0 18 04 04 0e30 01 00
   48 2016 252 12 28 36 000 0      34.56000000      40.38000000  0  0 f9 f0 18 04 04 0e30 01 00
   48 2016 252 12 28 37 000 0      33.95000000      40.10000000  0  0 f9 f0 18 04 04 0e30 01 00
   48 2016 252 12 28 38 000 0      33.49000000      39.86000000  0  0 f9 f0 18 04 04 0e30 01 00
   48 2016 252 12 28 39 000 0      32.96000000      39.60000000  0  0 f9 f0 18 04 04 0e30 01 00
   48 2016 252 12 28 40 000 0      32.46000000      39.33000000  0  0 f9 f0 18 04 04 0e30 01 00
   48 2016 252 12 28 41 000 0      31.97000000      39.07000000  0  0 f9 f0 18 04 04 0e30 01 00
   48 2016 252 12 28 42 000 0      31.50000000      38.79000000  0  0 f9 f0 18 04 04 0e30 01 00
   49 2016 252 12 28 43 000 0      31.04000000      38.51000000  0  0 f9 f0 18 04 04 0e31 01 00
   49 2016 252 12 28 44 000 0      30.59000000      38.23000000  0  0 f9 f0 18 04 04 0e31 01 00
   49 2016 252 12 28 45 000 0      30.12000000      37.93000000  0  0 f9 f0 18 04 04 0e31 01 00
   49 2016 252 12 28 46 000 0      29.68000000      37.65000000  0  0 f9 f0 18 04 04 0e31 01 00
   49 2016 252 12 28 47 000 0      29.24000000      37.37000000  0  0 f9 f0 18 04 04 0e31 01 00
   49 2016 252 12 28 48 000 0      28.81000000      37.10000000  0  0 f9 f0 18 04 04 0e31 01 00
   49 2016 252 12 28 49 000 0      28.37000000      36.83000000  0  0 f9 f0 18 04 04 0e31 01 00
   49 2016 252 12 28 50 000 0      27.94000000      36.57000000  0  0 f9 f0 18 04 04 0e31 01 00
   49 2016 252 12 28 51 000 0      27.52000000      36.31000000  0  0 f9 f0 18 04 04 0e31 01 00
   49 2016 252 12 28 52 000 0      27.11000000      36.06000000  0  0 f9 f0 18 04 04 0e31 01 00
   50 2016 252 12 28 53 000 0      26.71000000      35.80000000  0  0 f9 f0 18 04 04 0e32 01 00
   50 2016 252 12 28 54 000 0      26.32000000      35.54000000  0  0 f9 f0 18 04 04 0e32 01 00
   50 2016 252 12 28 55 000 0      25.94000000      35.28000000  0  0 f9 f0 18 04 04 0e32 01 00
   50 2016 252 12 28 56 000 0      25.57000000      35.02000000  0  0 f9 f0 18 04 04 0e32 01 00
   50 2016 252 12 28 57 000 0      25.19000000      34.77000000  0  0 f9 f0 18 04 04 0e32 01 00
   50 2016 252 12 28 58 000 0      24.83000000      34.52000000  0  0 f9 f0 18 04 04 0e32 01 00
   50 2016 252 12 28 59 000 0      24.48000000      34.27000000  0  0 f9 f0 18 04 04 0e32 01 00
   50 2016 252 12 29 00 000 0      24.13000000      34.02000000  0  0 f9 f0 18 04 04 0e32 01 00
   50 2016 252 12 29 01 000 0      23.78000000      33.76000000  0  0 f9 f0 18 04 04 0e32 01 00
   50 2016 252 12 29 02 000 0      23.44000000      33.49000000  0  0 f9 f0 18 04 04 0e32 01 00
   51 2016 252 12 29 03 000 0      23.09000000      33.22000000  0  0 f9 f0 18 04 04 0e33 01 00
   51 2016 252 12 29 04 000 0      22.76000000      32.96000000  0  0 f9 f0 18 04 04 0e33 01 00
   51 2016 252 12 29 05 000 0      22.44000000      32.71000000  0  0 f9 f0 18 04 04 0e33 01 00
   51 2016 252 12 29 06 000 0      22.12000000      32.46000000  0  0 f9 f0 18 04 04 0e33 01 00
   51 2016 252 12 29 07 000 0      21.81000000      32.21000000  0  0 f9 f0 18 04 04 0e33 01 00
   51 2016 252 12 29 08 000 0      21.50000000      31.98000000  0  0 f9 f0 18 04 04 0e33 01 00
   51 2016 252 12 29 09 000 0      21.21000000      31.74000000  0  0 f9 f0 18 04 04 0e33 01 00
   51 2016 252 12 29 10 000 0      20.90000000      31.51000000  0  0 f9 f0 18 04 04 0e33 01 00
   51 2016 252 12 29 11 000 0      20.59000000      31.27000000  0  0 f9 f0 18 04 04 0e33 01 00
   51 2016 252 12 29 12 000 0      20.31000000      31.05000000  0  0 f9 f0 18 04 04 0e33 01 00
   52 2016 252 12 29 13 000 0      20.00000000      30.81000000  0  0 f9 f0 18 04 04 0e34 01 00
   52 2016 252 12 29 14 000 0      19.71000000      30.58000000  0  0 f9 f0 18 04 04 0e34 01 00
   52 2016 252 12 29 15 000 0      19.43000000      30.33000000  0  0 f9 f0 18 04 04 0e34 01 00
   52 2016 252 12 29 16 000 0      19.16000000      30.09000000  0  0 f9 f0 18 04 04 0e34 01 00
   52 2016 252 12 29 17 000 0      18.90000000      29.84000000  0  0 f9 f0 18 04 04 0e34 01 00
   52 2016 252 12 29 18 000 0      18.65000000      29.59000000  0  0 f9 f0 18 04 04 0e34 01 00
   52 2016 252 12 29 19 000 0      18.41000000      29.36000000  0  0 f9 f0 18 04 04 0e34 01 00
   52 2016 252 12 29 20 000 0      18.15000000      29.13000000  0  0 f9 f0 18 04 04 0e34 01 00
   52 2016 252 12 29 21 000 0      17.89000000      28.90000000  0  0 f9 f0 18 04 04 0e34 01 00
   52 2016 252 12 29 22 000 0      17.62000000      28.68000000  0  0 f9 f0 18 04 04 0e34 01 00
   53 2016 252 12 29 23 000 0      17.38000000      28.48000000  0  0 f9 f0 18 04 04 0e35 01 00
   53 2016 252 12 29 24 000 0      17.13000000      28.27000000  0  0 f9 f0 18 04 04 0e35 01 00
   53 2016 252 12 29 25 000 0      16.89000000      28.06000000  0  0 f9 f0 18 04 04 0e35 01 00
   53 2016 252 12 29 26 000 0      16.67000000      27.86000000  0  0 f9 f0 18 04 04 0e35 01 00
   53 2016 252 12 29 27 000 0      16.45000000      27.64000000  0  0 f9 f0 18 04 04 0e35 01 00
   53 2016 252 12 29 28 000 0      16.21000000      27.43000000  0  0 f9 f0 18 04 04 0e35 01 00
   53 2016 252 12 29 29 000 0      15.99000000      27.21000000  0  0 f9 f0 18 04 04 0e35 01 00
   53 2016 252 12 29 30 000 0      15.77000000      26.98000000  0  0 f9 f0 18 04 04 0e35 01 00
   53 2016 252 12 29 31 000 0      15.54000000      26.75000000  0  0 f9 f0 18 04 04 0e35 01 00
   53 2016 252 12 29 32 000 0      15.33000000      26.54000000  0  0 f9 f0 18 04 04 0e35 01 00
   54 2016 252 12 29 33 000 0      15.11000000      26.33000000  0  0 f9 f0 18 04 04 0e36 01 00
   54 2016 252 12 29 34 000 0      14.88000000      26.12000000  0  0 f9 f0 18 04 04 0e36 01 00
   54 2016 252 12 29 35 000 0      14.68000000      25.93000000  0  0 f9 f0 18 04 04 0e36 01 00
   54 2016 252 12 29 36 000 0      14.48000000      25.72000000  0  0 f9 f0 18 04 04 0e36 01 00
   54 2016 252 12 29 37 000 0      14.27000000      25.53000000  0  0 f9 f0 18 04 04 0e36 01 00
   54 2016 252 12 29 38 000 0      14.09000000      25.34000000  0  0 f9 f0 18 04 04 0e36 01 00
   54 2016 252 12 29 39 000 0      13.89000000      25.14000000  0  0 f9 f0 18 04 04 0e36 01 00
   54 2016 252 12 29 40 000 0      13.70000000      24.95000000  0  0 f9 f0 18 04 04 0e36 01 00
   54 2016 252 12 29 41 000 0      13.53000000      24.75000000  0  0 f9 f0 18 04 04 0e36 01 00
   54 2016 252 12 29 42 000 0      13.31000000      24.56000000  0  0 f9 f0 18 04 04 0e36 01 00
   55 2016 252 12 29 43 000 0      13.14000000      24.37000000  0  0 f9 f0 18 04 04 0e37 01 00
   55 2016 252 12 29 44 000 0      12.96000000      24.18000000  0  0 f9 f0 18 04 04 0e37 01 00
   55 2016 252 12 29 45 000 0      12.78000000      23.99000000  0  0 f9 f0 18 04 04 0e37 01 00
   55 2016 252 12 29 46 000 0      12.59000000      23.79000000  0  0 f9 f0 18 04 04 0e37 01 00
   55 2016 252 12 29 47 000 0      12.41000000      23.60000000  0  0 f9 f0 18 04 04 0e37 01 00
   55 2016 252 12 29 48 000 0      12.24000000      23.41000000  0  0 f9 f0 18 04 04 0e37 01 00
   55 2016 252 12 29 49 000 0      12.06000000      23.24000000  0  0 f9 f0 18 04 04 0e37 01 00
   55 2016 252 12 29 50 000 0      11.90000000      23.06000000  0  0 f9 f0 18 04 04 0e37 01 00
   55 2016 252 12 29 51 000 0      11.73000000      22.89000000  0  0 f9 f0 18 04 04 0e37 01 00
   55 2016 252 12 29 52 000 0      11.57000000      22.72000000  0  0 f9 f0 18 04 04 0e37 01 00
   56 2016 252 12 29 53 000 0      11.41000000      22.55000000  0  0 f9 f0 18 04 04 0e38 01 00
   56 2016 252 12 29 54 000 0      11.25000000      22.36000000  0  0 f9 f0 18 04 04 0e38 01 00
   56 2016 252 12 29 55 000 0      11.09000000      22.18000000  0  0 f9 f0 18 04 04 0e38 01 00
   56 2016 252 12 29 56 000 0      10.93000000      21.98000000  0  0 f9 f0 18 04 04 0e38 01 00
   56 2016 252 12 29 57 000 0      10.79000000      21.80000000  0  0 f9 f0 18 04 04 0e38 01 00
   56 2016 252 12 29 58 000 0      10.63000000      21.60000000  0  0 f9 f0 18 04 04 0e38 01 00
   56 2016 252 12 29 59 000 0      10.49000000      21.41000000  0  0 f9 f0 18 04 04 0e38 01 00
   56 2016 252 12 30 00 000 0      10.33000000      21.23000000  0  0 f9 f0 18 04 04 0e38 01 00
   56 2016 252 12 30 01 000 0      10.19000000      21.08000000  0  0 f9 f0 18 04 04 0e38 01 00
   56 2016 252 12 30 02 000 0      10.04000000      20.92000000  0  0 f9 f0 18 04 04 0e38 01 00
   57 2016 252 12 30 03 000 0       9.89000000      20.78000000  0  0 f9 f0 18 04 04 0e39 01 00
   57 2016 252 12 30 04 000 0       9.75000000      20.62000000  0  0 f9 f0 18 04 04 0e39 01 00
   57 2016 252 12 30 05 000 0       9.59000000      20.48000000  0  0 f9 f0 18 04 04 0e39 01 00
   57 2016 252 12 30 06 000 0       9.46000000      20.32000000  0  0 f9 f0 18 04 04 0e39 01 00
   57 2016 252 12 30 07 000 0       9.32000000      20.16000000  0  0 f9 f0 18 04 04 0e39 01 00
   57 2016 252 12 30 08 000 0       9.18000000      19.98000000  0  0 f9 f0 18 04 04 0e39 01 00
   57 2016 252 12 30 09 000 0       9.05000000      19.80000000  0  0 f9 f0 18 04 04 0e39 01 00
   57 2016 252 12 30 10 000 0       8.93000000      19.63000000  0  0 f9 f0 18 04 04 0e39 01 00
   57 2016 252 12 30 11 000 0       8.79000000      19.46000000  0  0 f9 f0 18 04 04 0e39 01 00
   57 2016 252 12 30 12 000 0       8.67000000      19.31000000  0  0 f9 f0 18 04 04 0e39 01 00
   58 2016 252 12 30 13 000 0       8.56000000      19.17000000  0  0 f9 f0 18 04 04 0e3a 01 00
   58 2016 252 12 30 14 000 0       8.43000000      19.02000000  0  0 f9 f0 18 04 04 0e3a 01 00
   58 2016 252 12 30 15 000 0       8.29000000      18.89000000  0  0 f9 f0 18 04 04 0e3a 01 00
   58 2016 252 12 30 16 000 0       8.18000000      18.74000000  0  0 f9 f0 18 04 04 0e3a 01 00
   58 2016 252 12 30 17 000 0       8.06000000      18.60000000  0  0 f9 f0 18 04 04 0e3a 01 00
   58 2016 252 12 30 18 000 0       7.94000000      18.45000000  0  0 f9 f0 18 04 04 0e3a 01 00
   58 2016 252 12 30 19 000 0       7.83000000      18.29000000  0  0 f9 f0 18 04 04 0e3a 01 00
   58 2016 252 12 30 20 000 0       7.71000000      18.12000000  0  0 f9 f0 18 04 04 0e3a 01 00
   58 2016 252 12 30 21 000 0       7.59000000      17.95000000  0  0 f9 f0 18 04 04 0e3a 01 00
   58 2016 252 12 30 22 000 0       7.46000000      17.79000000  0  0 f9 f0 18 04 04 0e3a 01 00
   59 2016 252 12 30 23 000 0       7.36000000      17.63000000  0  0 f9 f0 18 04 04 0e3b 01 00
   59 2016 252 12 30 24 000 0       7.25000000      17.49000000  0  0 f9 f0 18 04 04 0e3b 01 00
   59 2016 252 12 30 25 000 0       7.14000000      17.38000000  0  0 f9 f0 18 04 04 0e3b 01 00
   59 2016 252 12 30 26 000 0       7.03000000      17.26000000  0  0 f9 f0 18 04 04 0e3b 01 00
   59 2016 252 12 30 27 000 0       6.89000000      17.13000000  0  0 f9 f0 18 04 04 0e3b 01 00
   59 2016 252 12 30 28 000 0       6.79000000      17.01000000  0  0 f9 f0 18 04 04 0e3b 01 00
   59 2016 252 12 30 29 000 0       6.68000000      16.87000000  0  0 f9 f0 18 04 04 0e3b 01 00
   59 2016 252 12 30 30 000 0       6.57000000      16.72000000  0  0 f9 f0 18 04 04 0e3b 01 00
   59 2016 252 12 30 31 000 0       6.47000000      16.56000000  0  0 f9 f0 18 04 04 0e3b 01 00
   59 2016 252 12 30 32 000 0       6.36000000      16.39000000  0  0 f9 f0 18 04 04 0e3b 01 00
   60 2016 252 12 30 33 000 0       6.27000000      16.22000000  0  0 f9 f0 18 04 04 0e3c 01 00
   60 2016 252 12 30 34 000 0       6.17000000      16.07000000  0  0 f9 f0 18 04 04 0e3c 01 00
   60 2016 252 12 30 35 000 0       6.07000000      15.95000000  0  0 f9 f0 18 04 04 0e3c 01 00
   60 2016 252 12 30 36 000 0       5.98000000      15.82000000  0  0 f9 f0 18 04 04 0e3c 01 00
   60 2016 252 12 30 37 000 0       5.87000000      15.70000000  0  0 f9 f0 18 04 04 0e3c 01 00
   60 2016 252 12 30 38 000 0       5.79000000      15.58000000  0  0 f9 f0 18 04 04 0e3c 01 00
   60 2016 252 12 30 39 000 0       5.68000000      15.45000000  0  0 f9 f0 18 04 04 0e3c 01 00
   60 2016 252 12 30 40 000 0       5.59000000      15.32000000  0  0 f9 f0 18 04 04 0e3c 01 00
   60 2016 252 12 30 41 000 0       5.49000000      15.17000000  0  0 f9 f0 18 04 04 0e3c 01 00
   60 2016 252 12 30 42 000 0       5.41000000      15.04000000  0  0 f9 f0 18 04 04 0e3c 01 00
   61 2016 252 12 30 43 000 0       5.31000000      14.92000000  0  0 f9 f0 18 04 04 0e3d 01 00
   61 2016 252 12 30 44 000 0       5.21000000      14.78000000  0  0 f9 f0 18 04 04 0e3d 01 00
   61 2016 252 12 30 45 000 0       5.12000000      14.66000000  0  0 f9 f0 18 04 04 0e3d 01 00
   61 2016 252 12 30 46 000 0       5.04000000      14.56000000  0  0 f9 f0 18 04 04 0e3d 01 00
   61 2016 252 12 30 47 000 0       4.95000000      14.45000000  0  0 f9 f0 18 04 04 0e3d 01 00
   61 2016 252 12 30 48 000 0       4.88000000      14.34000000  0  0 f9 f0 18 04 04 0e3d 01 00
   61 2016 252 12 30 49 000 0       4.78000000      14.23000000  0  0 f9 f0 18 04 04 0e3d 01 00
   61 2016 252 12 30 50 000 0       4.70000000      14.09000000  0  0 f9 f0 18 04 04 0e3d 01 00
   61 2016 252 12 30 51 000 0       4.61000000      13.95000000  0  0 f9 f0 18 04 04 0e3d 01 00
   61 2016 252 12 30 52 000 0       4.53000000      13.81000000  0  0 f9 f0 18 04 04 0e3d 01 00
   62 2016 252 12 30 53 000 0       4.44000000      13.68000000  0  0 f9 f0 18 04 04 0e3e 01 00
   62 2016 252 12 30 54 000 0       4.37000000      13.56000000  0  0 f9 f0 18 04 04 0e3e 01 00
   62 2016 252 12 30 55 000 0       4.27000000      13.44000000  0  0 f9 f0 18 04 04 0e3e 01 00
   62 2016 252 12 30 56 000 0       4.21000000      13.34000000  0  0 f9 f0 18 04 04 0e3e 01 00
   62 2016 252 12 30 57 000 0       4.12000000      13.23000000  0  0 f9 f0 18 04 04 0e3e 01 00
   62 2016 252 12 30 58 000 0       4.05000000      13.11000000  0  0 f9 f0 18 04 04 0e3e 01 00
   62 2016 252 12 30 59 000 0       3.94000000      12.98000000  0  0 f9 f0 18 04 04 0e3e 01 00
   62 2016 252 12 31 00 000 0       3.88000000      12.86000000  0  0 f9 f0 18 04 04 0e3e 01 00
   62 2016 252 12 31 01 000 0       3.80000000      12.74000000  0  0 f9 f0 18 04 04 0e3e 01 00
   62 2016 252 12 31 02 000 0       3.72000000      12.60000000  0  0 f9 f0 18 04 04 0e3e 01 00
   63 2016 252 12 31 03 000 0       3.66000000      12.48000000  0  0 f9 f0 18 04 04 0e3f 01 00
   63 2016 252 12 31 04 000 0       3.57000000      12.36000000  0  0 f9 f0 18 04 04 0e3f 01 00
   63 2016 252 12 31 05 000 0       3.50000000      12.25000000  0  0 f9 f0 18 04 04 0e3f 01 00
   63 2016 252 12 31 06 000 0       3.42000000      12.16000000  0  0 f9 f0 18 04 04 0e3f 01 00
   63 2016 252 12 31 07 000 0       3.36000000      12.06000000  0  0 f9 f0 18 04 04 0e3f 01 00
   63 2016 252 12 31 08 000 0       3.29000000      11.97000000  0  0 f9 f0 18 04 04 0e3f 01 00
   63 2016 252 12 31 09 000 0       3.22000000      11.86000000  0  0 f9 f0 18 04 04 0e3f 01 00
   63 2016 252 12 31 10 000 0       3.15000000      11.75000000  0  0 f9 f0 18 04 04 0e3f 01 00
   63 2016 252 12 31 11 000 0       3.07000000      11.62000000  0  0 f9 f0 18 04 04 0e3f 01 00
   63 2016 252 12 31 12 000 0       3.01000000      11.49000000  0  0 f9 f0 18 04 04 0e3f 01 00
   64 2016 252 12 31 13 000 0       2.93000000      11.39000000  0  0 f9 f0 18 04 04 0e40 01 00
   64 2016 252 12 31 14 000 0       2.86000000      11.29000000  0  0 f9 f0 18 04 04 0e40 01 00
   64 2016 252 12 31 15 000 0       2.81000000      11.21000000  0  0 f9 f0 18 04 04 0e40 01 00
   64 2016 252 12 31 16 000 0       2.73000000      11.12000000  0  0 f9 f0 18 04 04 0e40 01 00
   64 2016 252 12 31 17 000 0       2.67000000      11.02000000  0  0 f9 f0 18 04 04 0e40 01 00
   64 2016 252 12 31 18 000 0       2.61000000      10.91000000  0  0 f9 f0 18 04 04 0e40 01 00
   64 2016 252 12 31 19 000 0       2.53000000      10.79000000  0  0 f9 f0 18 04 04 0e40 01 00
   64 2016 252 12 31 20 000 0       2.48000000      10.67000000  0  0 f9 f0 18 04 04 0e40 01 00
   64 2016 252 12 31 21 000 0       2.41000000      10.56000000  0  0 f9 f0 18 04 04 0e40 01 00
   64 2016 252 12 31 22 000 0       2.35000000      10.45000000  0  0 f9 f0 18 04 04 0e40 01 00
   65 2016 252 12 31 23 000 0       2.28000000      10.36000000  0  0 f9 f0 18 04 04 0e41 01 00
   65 2016 252 12 31 24 000 0       2.22000000      10.27000000  0  0 f9 f0 18 04 04 0e41 01 00
   65 2016 252 12 31 25 000 0       2.16000000      10.20000000  0  0 f9 f0 18 04 04 0e41 01 00
   65 2016 252 12 31 26 000 0       2.10000000      10.11000000  0  0 f9 f0 18 04 04 0e41 01 00
   65 2016 252 12 31 27 000 0       2.02000000      10.02000000  0  0 f9 f0 18 04 04 0e41 01 00
   65 2016 252 12 31 28 000 0       1.97000000       9.93000000  0  0 f9 f0 18 04 04 0e41 01 00
   65 2016 252 12 31 29 000 0       1.92000000       9.82000000  0  0 f9 f0 18 04 04 0e41 01 00
   65 2016 252 12 31 30 000 0       1.86000000       9.69000000  0  0 f9 f0 18 04 04 0e41 01 00
   65 2016 252 12 31 31 000 0       1.81000000       9.57000000  0  0 f9 f0 18 04 04 0e41 01 00
   65 2016 252 12 31 32 000 0       1.74000000       9.47000000  0  0 f9 f0 18 04 04 0e41 01 00
   66 2016 252 12 31 33 000 0       1.68000000       9.38000000  0  0 f9 f0 18 04 04 0e42 01 00
   66 2016 252 12 31 34 000 0       1.63000000       9.30000000  0  0 f9 f0 18 04 04 0e42 01 00
   66 2016 252 12 31 35 000 0       1.57000000       9.20000000  0  0 f9 f0 18 04 04 0e42 01 00
   66 2016 252 12 31 36 000 0       1.50000000       9.09000000  0  0 f9 f0 18 04 04 0e42 01 00
   66 2016 252 12 31 37 000 0       1.45000000       8.98000000  0  0 f9 f0 18 04 04 0e42 01 00
   66 2016 252 12 31 38 000 0       1.39000000       8.87000000  0  0 f9 f0 18 04 04 0e42 01 00
   66 2016 252 12 31 39 000 0       1.34000000       8.78000000  0  0 f9 f0 18 04 04 0e42 01 00
   66 2016 252 12 31 40 000 0       1.29000000       8.70000000  0  0 f9 f0 18 04 04 0e42 01 00
   66 2016 252 12 31 41 000 0       1.23000000       8.63000000  0  0 f9 f0 18 04 04 0e42 01 00
   66 2016 252 12 31 42 000 0       1.17000000       8.55000000  0  0 f9 f0 18 04 04 0e42 01 00
   67 2016 252 12 31 43 000 0       1.12000000       8.47000000  0  0 f9 f0 18 04 04 0e43 01 00
   67 2016 252 12 31 44 000 0       1.06000000       8.36000000  0  0 f9 f0 18 04 04 0e43 01 00
   67 2016 252 12 31 45 000 0       1.01000000       8.27000000  0  0 f9 f0 18 04 04 0e43 01 00
   67 2016 252 12 31 46 000 0       0.95000000       8.15000000  0  0 f9 f0 18 04 04 0e43 01 00
   67 2016 252 12 31 47 000 0       0.91000000       8.05000000  0  0 f9 f0 18 04 04 0e43 01 00
   67 2016 252 12 31 48 000 0       0.85000000       7.96000000  0  0 f9 f0 18 04 04 0e43 01 00
   67 2016 252 12 31 49 000 0       0.79000000       7.88000000  0  0 f9 f0 18 04 04 0e43 01 00
   67 2016 252 12 31 50 000 0       0.75000000       7.81000000  0  0 f9 f0 18 04 04 0e43 01 00
   67 2016 252 12 31 51 000 0       0.70000000       7.73000000  0  0 f9 f0 18 04 04 0e43 01 00
   67 2016 252 12 31 52 000 0       0.64000000       7.65000000  0  0 f9 f0 18 04 04 0e43 01 00
   68 2016 252 12 31 53 000 0       0.60000000       7.57000000  0  0 f9 f0 18 04 04 0e44 01 00
   68 2016 252 12 31 54 000 0       0.57000000       7.48000000  0  0 f9 f0 18 04 04 0e44 01 00
   68 2016 252 12 31 55 000 0       0.51000000       7.39000000  0  0 f9 f0 18 04 04 0e44 01 00
   68 2016 252 12 31 56 000 0       0.46000000       7.31000000  0  0 f9 f0 18 04 04 0e44 01 00
   68 2016 252 12 31 57 000 0       0.41000000       7.23000000  0  0 f9 f0 18 04 04 0e44 01 00
   68 2016 252 12 31 58 000 0       0.38000000       7.17000000  0  0 f9 f0 18 04 04 0e44 01 00
   68 2016 252 12 31 59 000 0       0.32000000       7.10000000  0  0 f9 f0 18 04 04 0e44 01 00
   68 2016 252 12 32 00 000 0       0.26000000       7.03000000  0  0 f9 f0 18 04 04 0e44 01 00
   68 2016 252 12 32 01 000 0       0.22000000       6.95000000  0  0 f9 f0 18 04 04 0e44 01 00
   68 2016 252 12 32 02 000 0       0.18000000       6.86000000  0  0 f9 f0 18 04 04 0e44 01 00
   69 2016 252 12 32 03 000 0       0.12000000       6.76000000  0  0 f9 f0 18 04 04 0e45 01 00
   69 2016 252 12 32 04 000 0       0.08000000       6.67000000  0  0 f9 f0 18 04 04 0e45 01 00
   69 2016 252 12 32 05 000 0       0.04000000       6.57000000  0  0 f9 f0 18 04 04 0e45 01 00
   69 2016 252 12 32 06 000 0     359.99000000       6.49000000  0  0 f9 f0 18 04 04 0e45 01 00
   69 2016 252 12 32 07 000 0     359.94000000       6.43000000  0  0 f9 f0 18 04 04 0e45 01 00
   69 2016 252 12 32 08 000 0     359.91000000       6.36000000  0  0 f9 f0 18 04 04 0e45 01 00
   69 2016 252 12 32 09 000 0     359.87000000       6.29000000  0  0 f9 f0 18 04 04 0e45 01 00
   69 2016 252 12 32 10 000 0     359.83000000       6.21000000  0  0 f9 f0 18 04 04 0e45 01 00
   69 2016 252 12 32 11 000 0     359.78000000       6.14000000  0  0 f9 f0 18 04 04 0e45 01 00
   69 2016 252 12 32 12 000 0     359.73000000       6.04000000  0  0 f9 f0 18 04 04 0e45 01 00
   70 2016 252 12 32 13 000 0     359.71000000       5.97000000  0  0 f9 f0 18 04 04 0e46 01 00
   70 2016 252 12 32 14 000 0     359.66000000       5.89000000  0  0 f9 f0 18 04 04 0e46 01 00
   70 2016 252 12 32 15 000 0     359.61000000       5.83000000  0  0 f9 f0 18 04 04 0e46 01 00
   70 2016 252 12 32 16 000 0     359.57000000       5.76000000  0  0 f9 f0 18 04 04 0e46 01 00
   70 2016 252 12 32 17 000 0     359.54000000       5.70000000  0  0 f9 f0 18 04 04 0e46 01 00
   70 2016 252 12 32 18 000 0     359.51000000       5.63000000  0  0 f9 f0 18 04 04 0e46 01 00
   70 2016 252 12 32 19 000 0     359.46000000       5.55000000  0  0 f9 f0 18 04 04 0e46 01 00
   70 2016 252 12 32 20 000 0     359.42000000       5.48000000  0  0 f9 f0 18 04 04 0e46 01 00
   70 2016 252 12 32 21 000 0     359.38000000       5.39000000  0  0 f9 f0 18 04 04 0e46 01 00
   70 2016 252 12 32 22 000 0     359.33000000       5.32000000  0  0 f9 f0 18 04 04 0e46 01 00
   71 2016 252 12 32 23 000 0     359.29000000       5.26000000  0  0 f9 f0 18 04 04 0e47 01 00
   71 2016 252 12 32 24 000 0     359.24000000       5.19000000  0  0 f9 f0 18 04 04 0e47 01 00
   71 2016 252 12 32 25 000 0     359.21000000       5.10000000  0  3 f9 f0 18 04 04 0e47 01 00
   71 2016 252 12 32 26 000 0     359.16000000       4.84000000  0  3 f9 f0 18 04 04 0e47 01 00
   71 2016 252 12 32 27 000 0     359.13000000       4.78000000  0  3 f9 f0 18 04 04 0e47 01 00
   71 2016 252 12 32 28 000 0     359.09000000       4.72000000  0  3 f9 f0 18 04 04 0e47 01 00
   71 2016 252 12 32 29 000 0     359.04000000       4.64000000  0  3 f9 f0 18 04 04 0e47 01 00
   71 2016 252 12 32 30 000 0     359.01000000       4.56000000  0  3 f9 f0 18 04 04 0e47 01 00
   71 2016 252 12 32 31 000 0     358.97000000       4.48000000  0  3 f9 f0 18 04 04 0e47 01 00
   71 2016 252 12 32 32 000 0     358.94000000       4.41000000  0  3 f9 f0 18 04 04 0e47 01 00
   72 2016 252 12 32 33 000 0     358.90000000       4.33000000  0  3 f9 f0 18 04 04 0e48 01 00
   72 2016 252 12 32 34 000 0     358.87000000       4.26000000  0  3 f9 f0 18 04 04 0e48 01 00
   72 2016 252 12 32 35 000 0     358.85000000       4.22000000  0  3 f9 f0 18 04 04 0e48 01 00
   72 2016 252 12 32 36 000 0     358.84000000       4.12000000  0  3 f9 f0 18 04 04 0e48 01 00
   72 2016 252 12 32 37 000 0     358.76000000       4.02000000  0  3 f9 f0 18 04 04 0e48 01 00
   72 2016 252 12 32 38 000 0     358.71000000       3.94000000  0  3 f9 f0 18 04 04 0e48 01 00
   72 2016 252 12 32 39 000 0     358.68000000       3.87000000  0  3 f9 f0 18 04 04 0e48 01 00
   72 2016 252 12 32 40 000 0     358.65000000       3.80000000  0  3 f9 f0 18 04 04 0e48 01 00
   72 2016 252 12 32 41 000 0     358.62000000       3.73000000  0  3 f9 f0 18 04 04 0e48 01 00
   72 2016 252 12 32 42 000 0     358.59000000       3.65000000  0  3 f9 f0 18 04 04 0e48 01 00
   73 2016 252 12 32 43 000 0     358.55000000       3.58000000  0  3 f9 f0 18 04 04 0e49 01 00
   73 2016 252 12 32 44 000 0     358.51000000       3.51000000  0  3 f9 f0 18 04 04 0e49 01 00
   73 2016 252 12 32 45 000 0     358.48000000       3.43000000  0  3 f9 f0 18 04 04 0e49 01 00
   73 2016 252 12 32 46 000 0     358.45000000       3.37000000  0  3 f9 f0 18 04 04 0e49 01 00
   73 2016 252 12 32 47 000 0     358.41000000       3.30000000  0  3 f9 f0 18 04 04 0e49 01 00
   73 2016 252 12 32 48 000 0     358.38000000       3.23000000  0  3 f9 f0 18 04 04 0e49 01 00
   73 2016 252 12 32 49 000 0     358.34000000       3.15000000  0  3 f9 f0 18 04 04 0e49 01 00
   73 2016 252 12 32 50 000 0     358.31000000       3.08000000  0  3 f9 f0 18 04 04 0e49 01 00
   73 2016 252 12 32 51 000 0     358.27000000       3.00000000  0  3 f9 f0 18 04 04 0e49 01 00
   73 2016 252 12 32 52 000 0     358.24000000       2.93000000  0  3 f9 f0 18 04 04 0e49 01 00
   74 2016 252 12 32 53 000 0     358.21000000       2.86000000  0  3 f9 f0 18 04 04 0e4a 01 00
   74 2016 252 12 32 54 000 0     358.18000000       2.80000000  0  3 f9 f0 18 04 04 0e4a 01 00
   74 2016 252 12 32 55 000 0     358.15000000       2.72000000  0  3 f9 f0 18 04 04 0e4a 01 00
   74 2016 252 12 32 56 000 0     358.12000000       2.65000000  0  3 f9 f0 18 04 04 0e4a 01 00
   74 2016 252 12 32 57 000 0     358.08000000       2.58000000  0  3 f9 f0 18 04 04 0e4a 01 00
   74 2016 252 12 32 58 000 0     358.06000000       2.52000000  0  3 f9 f0 18 04 04 0e4a 01 00
   74 2016 252 12 32 59 000 0     358.02000000       2.44000000  0  3 f9 f0 18 04 04 0e4a 01 00
   74 2016 252 12 33 00 000 0     357.99000000       2.37000000  0  3 f9 f0 18 04 04 0e4a 01 00
   74 2016 252 12 33 01 000 0     357.96000000       2.30000000  0  3 f9 f0 18 04 04 0e4a 01 00
   74 2016 252 12 33 02 000 0     357.93000000       2.23000000  0  3 f9 f0 18 04 04 0e4a 01 00
   75 2016 252 12 33 03 000 0     357.90000000       2.17000000  0  3 f9 f0 18 04 04 0e4b 01 00
   75 2016 252 12 33 04 000 0     357.87000000       2.10000000  0  3 f9 f0 18 04 04 0e4b 01 00
   75 2016 252 12 33 05 000 0     357.83000000       2.03000000  0  3 f9 f0 18 04 04 0e4b 01 00
   75 2016 252 12 33 06 000 0     357.81000000       1.96000000  0  3 f9 f0 18 04 04 0e4b 01 00
   75 2016 252 12 33 07 000 0     357.78000000       1.89000000  0  3 f9 f0 18 04 04 0e4b 01 00
   75 2016 252 12 33 08 000 0     357.75000000       1.83000000  0  3 f9 f0 18 04 04 0e4b 01 00
   75 2016 252 12 33 09 000 0     357.72000000       1.76000000  0  3 f9 f0 18 04 04 0e4b 01 00
   75 2016 252 12 33 10 000 0     357.69000000       1.69000000  0  3 f9 f0 18 04 04 0e4b 01 00
   75 2016 252 12 33 11 000 0     357.66000000       1.67000000  0  3 f9 f0 18 04 04 0e4b 01 00
   75 2016 252 12 33 12 000 0     357.63000000       1.66000000  0  3 f9 f0 18 04 04 0e4b 01 00
   76 2016 252 12 33 13 000 0     357.61000000       1.65000000  0  3 f9 f0 18 04 04 0e4c 01 00
   76 2016 252 12 33 14 000 0     357.58000000       1.64000000  0  3 f9 f0 18 04 04 0e4c 01 00
   76 2016 252 12 33 15 000 0     357.55000000       1.62000000  0  3 f9 f0 18 04 04 0e4c 01 00
   76 2016 252 12 33 16 000 0     357.52000000       1.60000000  0  3 f9 f0 18 04 04 0e4c 01 00
   76 2016 252 12 33 17 000 0     357.49000000       1.59000000  0  3 f9 f0 18 04 04 0e4c 01 00
   76 2016 252 12 33 18 000 0     357.47000000       1.59000000  0  3 f9 f0 18 04 04 0e4c 01 00
   76 2016 252 12 33 19 000 0     357.43000000       1.57000000  0  3 f9 f0 18 04 04 0e4c 01 00
   76 2016 252 12 33 20 000 0     357.41000000       1.54000000  0  3 f9 f0 18 04 04 0e4c 01 00
   76 2016 252 12 33 21 000 0     357.38000000       1.54000000  0  3 f9 f0 18 04 04 0e4c 01 00
   76 2016 252 12 33 22 000 0     357.35000000       1.54000000  0  3 f9 f0 18 04 04 0e4c 01 00
   77 2016 252 12 33 23 000 0     357.33000000       1.54000000  0  3 f9 f0 18 04 04 0e4d 01 00
   77 2016 252 12 33 24 000 0     357.30000000       1.54000000  0  3 f9 f0 18 04 04 0e4d 01 00
   77 2016 252 12 33 25 000 0     357.27000000       1.53000000  0  3 f9 f0 18 04 04 0e4d 01 00
   77 2016 252 12 33 26 000 0     357.25000000       1.55000000  0  3 f9 f0 18 04 04 0e4d 01 00
   77 2016 252 12 33 27 000 0     357.22000000       1.56000000  0  3 f9 f0 18 04 04 0e4d 01 00
   77 2016 252 12 33 28 000 0     357.20000000       1.56000000  0  3 f9 f0 18 04 04 0e4d 01 00
   77 2016 252 12 33 29 000 0     357.17000000       1.56000000  0  3 f9 f0 18 04 04 0e4d 01 00
   77 2016 252 12 33 30 000 0     357.14000000       1.56000000  0  3 f9 f0 18 04 04 0e4d 01 00
   77 2016 252 12 33 31 000 0     357.13000000       1.56000000  0  5 f9 f0 18 04 04 0e4d 01 00
   77 2016 252 12 33 32 000 0     357.13000000       1.56000000  0  5 f9 f0 18 04 04 0e4d 01 00
