 BkNo Year Day hh mm ss mss ns      Range (km)    RangCalib(km) Tv DvTSnRSnDTpSTpSId BkCtSRtInTim
    1 2016 240 17 07 40 751 0    2749.04347719       0.00000000  0  0 f8 f0 08 04 01 0001 01 01
    1 2016 240 17 07 41 751 0    2742.43530193       0.00000000  0  0 f8 f0 08 04 01 0001 01 01
    1 2016 240 17 07 42 751 0    2735.82757636       0.00000000  0  0 f8 f0 08 04 01 0001 01 01
    1 2016 240 17 07 43 751 0    2729.22179945       0.00000000  0  0 f8 f0 08 04 01 0001 01 01
    1 2016 240 17 07 44 751 0    2722.61662212       0.00000000  0  0 f8 f0 08 04 01 0001 01 01
    1 2016 240 17 07 45 751 0    2716.01219427       0.00000000  0  0 f8 f0 08 04 01 0001 01 01
    1 2016 240 17 07 46 751 0    2709.40896559       0.00000000  0  0 f8 f0 08 04 01 0001 01 01
    1 2016 240 17 07 47 751 0    2702.80678618       0.00000000  0  0 f8 f0 08 04 01 0001 01 01
    1 2016 240 17 07 48 751 0    2696.20625563       0.00000000  0  0 f8 f0 08 04 01 0001 01 01
    1 2016 240 17 07 49 751 0    2689.60647457       0.00000000  0  0 f8 f0 08 04 01 0001 01 01
    2 2016 240 17 07 50 751 0    2683.00714319       0.00000000  0  0 f8 f0 08 04 01 0002 01 01
    2 2016 240 17 07 51 751 0    2676.41036005       0.00000000  0  0 f8 f0 08 04 01 0002 01 01
    2 2016 240 17 07 52 751 0    2669.81372680       0.00000000  0  0 f8 f0 08 04 01 0002 01 01
    2 2016 240 17 07 53 751 0    2663.21844262       0.00000000  0  0 f8 f0 08 04 01 0002 01 01
    2 2016 240 17 07 54 751 0    2656.62510709       0.00000000  0  0 f8 f0 08 04 01 0002 01 01
    2 2016 240 17 07 55 751 0    2650.03222125       0.00000000  0  0 f8 f0 08 04 01 0002 01 01
    2 2016 240 17 07 56 751 0    2643.44098427       0.00000000  0  0 f8 f0 08 04 01 0002 01 01
    2 2016 240 17 07 57 751 0    2636.84974729       0.00000000  0  0 f8 f0 08 04 01 0002 01 01
    2 2016 240 17 07 58 751 0    2630.26165813       0.00000000  0  0 f8 f0 08 04 01 0002 01 01
    2 2016 240 17 07 59 751 0    2623.67521783       0.00000000  0  0 f8 f0 08 04 01 0002 01 01
    3 2016 240 17 08 00 751 0    2617.08922721       0.00000000  0  0 f8 f0 08 04 01 0003 01 01
    3 2016 240 17 08 01 751 0    2610.50428587       0.00000000  0  0 f8 f0 08 04 01 0003 01 01
    3 2016 240 17 08 02 751 0    2603.92024391       0.00000000  0  0 f8 f0 08 04 01 0003 01 01
    3 2016 240 17 08 03 751 0    2597.33740112       0.00000000  0  0 f8 f0 08 04 01 0003 01 01
    3 2016 240 17 08 04 751 0    2590.75635708       0.00000000  0  0 f8 f0 08 04 01 0003 01 01
    3 2016 240 17 08 05 751 0    2584.17771138       0.00000000  0  0 f8 f0 08 04 01 0003 01 01
    3 2016 240 17 08 06 751 0    2577.60041475       0.00000000  0  0 f8 f0 08 04 01 0003 01 01
    3 2016 240 17 08 07 751 0    2571.02386760       0.00000000  0  0 f8 f0 08 04 01 0003 01 01
    3 2016 240 17 08 08 751 0    2564.44792003       0.00000000  0  0 f8 f0 08 04 01 0003 01 01
    3 2016 240 17 08 09 751 0    2557.87422091       0.00000000  0  0 f8 f0 08 04 01 0003 01 01
    4 2016 240 17 08 10 751 0    2551.30262033       0.00000000  0  0 f8 f0 08 04 01 0004 01 01
    4 2016 240 17 08 11 751 0    2544.73206903       0.00000000  0  0 f8 f0 08 04 01 0004 01 01
    4 2016 240 17 08 12 751 0    2538.16301669       0.00000000  0  0 f8 f0 08 04 01 0004 01 01
    4 2016 240 17 08 13 751 0    2531.59606290       0.00000000  0  0 f8 f0 08 04 01 0004 01 01
    4 2016 240 17 08 14 751 0    2525.03015838       0.00000000  0  0 f8 f0 08 04 01 0004 01 01
    4 2016 240 17 08 15 751 0    2518.46530313       0.00000000  0  0 f8 f0 08 04 01 0004 01 01
    4 2016 240 17 08 16 751 0    2511.90329592       0.00000000  0  0 f8 f0 08 04 01 0004 01 01
    4 2016 240 17 08 17 751 0    2505.34248787       0.00000000  0  0 f8 f0 08 04 01 0004 01 01
    4 2016 240 17 08 18 751 0    2498.78317879       0.00000000  0  0 f8 f0 08 04 01 0004 01 01
    4 2016 240 17 08 19 751 0    2492.22446929       0.00000000  0  0 f8 f0 08 04 01 0004 01 01
    5 2016 240 17 08 20 751 0    2485.66965709       0.00000000  0  0 f8 f0 08 04 01 0005 01 01
    5 2016 240 17 08 21 751 0    2479.11499479       0.00000000  0  0 f8 f0 08 04 01 0005 01 01
    5 2016 240 17 08 22 751 0    2472.56318051       0.00000000  0  0 f8 f0 08 04 01 0005 01 01
    5 2016 240 17 08 23 751 0    2466.01181593       0.00000000  0  0 f8 f0 08 04 01 0005 01 01
    5 2016 240 17 08 24 751 0    2459.46239999       0.00000000  0  0 f8 f0 08 04 01 0005 01 01
    5 2016 240 17 08 25 751 0    2452.91508261       0.00000000  0  0 f8 f0 08 04 01 0005 01 01
    5 2016 240 17 08 26 751 0    2446.36986377       0.00000000  0  0 f8 f0 08 04 01 0005 01 01
    5 2016 240 17 08 27 751 0    2439.82674348       0.00000000  0  0 f8 f0 08 04 01 0005 01 01
    5 2016 240 17 08 28 751 0    2433.28542194       0.00000000  0  0 f8 f0 08 04 01 0005 01 01
    5 2016 240 17 08 29 751 0    2426.74604905       0.00000000  0  0 f8 f0 08 04 01 0005 01 01
    6 2016 240 17 08 30 751 0    2420.20847492       0.00000000  0  0 f8 f0 08 04 01 0006 01 01
    6 2016 240 17 08 31 751 0    2413.67180017       0.00000000  0  0 f8 f0 08 04 01 0006 01 01
    6 2016 240 17 08 32 751 0    2407.13842313       0.00000000  0  0 f8 f0 08 04 01 0006 01 01
    6 2016 240 17 08 33 751 0    2400.60639516       0.00000000  0  0 f8 f0 08 04 01 0006 01 01
    6 2016 240 17 08 34 751 0    2394.07586615       0.00000000  0  0 f8 f0 08 04 01 0006 01 01
    6 2016 240 17 08 35 751 0    2387.54818517       0.00000000  0  0 f8 f0 08 04 01 0006 01 01
    6 2016 240 17 08 36 751 0    2381.02260274       0.00000000  0  0 f8 f0 08 04 01 0006 01 01
    6 2016 240 17 08 37 751 0    2374.49806958       0.00000000  0  0 f8 f0 08 04 01 0006 01 01
    6 2016 240 17 08 38 751 0    2367.97773351       0.00000000  0  0 f8 f0 08 04 01 0006 01 01
    6 2016 240 17 08 39 751 0    2361.45814693       0.00000000  0  0 f8 f0 08 04 01 0006 01 01
    7 2016 240 17 08 40 751 0    2354.94065889       0.00000000  0  0 f8 f0 08 04 01 0007 01 01
    7 2016 240 17 08 41 751 0    2348.42496961       0.00000000  0  0 f8 f0 08 04 01 0007 01 01
    7 2016 240 17 08 42 751 0    2341.91287784       0.00000000  0  0 f8 f0 08 04 01 0007 01 01
    7 2016 240 17 08 43 751 0    2335.40198523       0.00000000  0  0 f8 f0 08 04 01 0007 01 01
    7 2016 240 17 08 44 751 0    2328.89364087       0.00000000  0  0 f8 f0 08 04 01 0007 01 01
    7 2016 240 17 08 45 751 0    2322.38754494       0.00000000  0  0 f8 f0 08 04 01 0007 01 01
    7 2016 240 17 08 46 751 0    2315.88384736       0.00000000  0  0 f8 f0 08 04 01 0007 01 01
    7 2016 240 17 08 47 751 0    2309.38194853       0.00000000  0  0 f8 f0 08 04 01 0007 01 01
    7 2016 240 17 08 48 751 0    2302.88304762       0.00000000  0  0 f8 f0 08 04 01 0007 01 01
    7 2016 240 17 08 49 751 0    2296.38594548       0.00000000  0  0 f8 f0 08 04 01 0007 01 01
    8 2016 240 17 08 50 751 0    2289.89139156       0.00000000  0  0 f8 f0 08 04 01 0008 01 01
    8 2016 240 17 08 51 751 0    2283.39983557       0.00000000  0  0 f8 f0 08 04 01 0008 01 01
    8 2016 240 17 08 52 751 0    2276.91097771       0.00000000  0  0 f8 f0 08 04 01 0008 01 01
    8 2016 240 17 08 53 751 0    2270.42376872       0.00000000  0  0 f8 f0 08 04 01 0008 01 01
    8 2016 240 17 08 54 751 0    2263.93910795       0.00000000  0  0 f8 f0 08 04 01 0008 01 01
    8 2016 240 17 08 55 751 0    2257.45654574       0.00000000  0  0 f8 f0 08 04 01 0008 01 01
    8 2016 240 17 08 56 751 0    2250.97818062       0.00000000  0  0 f8 f0 08 04 01 0008 01 01
    8 2016 240 17 08 57 751 0    2244.50161425       0.00000000  0  0 f8 f0 08 04 01 0008 01 01
    8 2016 240 17 08 58 751 0    2238.02774602       0.00000000  0  0 f8 f0 08 04 01 0008 01 01
    8 2016 240 17 08 59 751 0    2231.55672581       0.00000000  0  0 f8 f0 08 04 01 0008 01 01
    9 2016 240 17 09 00 751 0    2225.08810394       0.00000000  0  0 f8 f0 08 04 01 0009 01 01
    9 2016 240 17 09 01 751 0    2218.62203031       0.00000000  0  0 f8 f0 08 04 01 0009 01 01
    9 2016 240 17 09 02 751 0    2212.15835502       0.00000000  0  0 f8 f0 08 04 01 0009 01 01
    9 2016 240 17 09 03 751 0    2205.69857703       0.00000000  0  0 f8 f0 08 04 01 0009 01 01
    9 2016 240 17 09 04 751 0    2199.24164707       0.00000000  0  0 f8 f0 08 04 01 0009 01 01
    9 2016 240 17 09 05 751 0    2192.78726535       0.00000000  0  0 f8 f0 08 04 01 0009 01 01
    9 2016 240 17 09 06 751 0    2186.33543186       0.00000000  0  0 f8 f0 08 04 01 0009 01 01
    9 2016 240 17 09 07 751 0    2179.88674619       0.00000000  0  0 f8 f0 08 04 01 0009 01 01
    9 2016 240 17 09 08 751 0    2173.44075866       0.00000000  0  0 f8 f0 08 04 01 0009 01 01
    9 2016 240 17 09 09 751 0    2166.99806884       0.00000000  0  0 f8 f0 08 04 01 0009 01 01
   10 2016 240 17 09 10 751 0    2160.55867674       0.00000000  0  0 f8 f0 08 04 01 000a 01 01
   10 2016 240 17 09 11 751 0    2154.12168297       0.00000000  0  0 f8 f0 08 04 01 000a 01 01
   10 2016 240 17 09 12 751 0    2147.68888631       0.00000000  0  0 f8 f0 08 04 01 000a 01 01
   10 2016 240 17 09 13 751 0    2141.25878777       0.00000000  0  0 f8 f0 08 04 01 000a 01 01
   10 2016 240 17 09 14 751 0    2134.83138737       0.00000000  0  0 f8 f0 08 04 01 000a 01 01
   10 2016 240 17 09 15 751 0    2128.40773437       0.00000000  0  0 f8 f0 08 04 01 000a 01 01
   10 2016 240 17 09 16 751 0    2121.98722919       0.00000000  0  0 f8 f0 08 04 01 000a 01 01
   10 2016 240 17 09 17 751 0    2115.56987184       0.00000000  0  0 f8 f0 08 04 01 000a 01 01
   10 2016 240 17 09 18 751 0    2109.15581220       0.00000000  0  0 f8 f0 08 04 01 000a 01 01
   10 2016 240 17 09 19 751 0    2102.74639934       0.00000000  0  0 f8 f0 08 04 01 000a 01 01
   11 2016 240 17 09 20 751 0    2096.33863535       0.00000000  0  0 f8 f0 08 04 01 000b 01 01
   11 2016 240 17 09 21 751 0    2089.93461875       0.00000000  0  0 f8 f0 08 04 01 000b 01 01
   11 2016 240 17 09 22 751 0    2083.53389988       0.00000000  0  0 f8 f0 08 04 01 000b 01 01
   11 2016 240 17 09 23 751 0    2077.13752800       0.00000000  0  0 f8 f0 08 04 01 000b 01 01
   11 2016 240 17 09 24 751 0    2070.74430393       0.00000000  0  0 f8 f0 08 04 01 000b 01 01
   11 2016 240 17 09 25 751 0    2064.35497717       0.00000000  0  0 f8 f0 08 04 01 000b 01 01
   11 2016 240 17 09 26 751 0    2057.96969761       0.00000000  0  0 f8 f0 08 04 01 000b 01 01
   11 2016 240 17 09 27 751 0    2051.58801556       0.00000000  0  0 f8 f0 08 04 01 000b 01 01
   11 2016 240 17 09 28 751 0    2045.20933143       0.00000000  0  0 f8 f0 08 04 01 000b 01 01
   11 2016 240 17 09 29 751 0    2038.83409491       0.00000000  0  0 f8 f0 08 04 01 000b 01 01
   12 2016 240 17 09 30 751 0    2032.46305549       0.00000000  0  0 f8 f0 08 04 01 000c 01 01
   12 2016 240 17 09 31 751 0    2026.09621316       0.00000000  0  0 f8 f0 08 04 01 000c 01 01
   12 2016 240 17 09 32 751 0    2019.73296835       0.00000000  0  0 f8 f0 08 04 01 000c 01 01
   12 2016 240 17 09 33 751 0    2013.37377073       0.00000000  0  0 f8 f0 08 04 01 000c 01 01
   12 2016 240 17 09 34 751 0    2007.01877020       0.00000000  0  0 f8 f0 08 04 01 000c 01 01
   12 2016 240 17 09 35 751 0    2000.66751708       0.00000000  0  0 f8 f0 08 04 01 000c 01 01
   12 2016 240 17 09 36 751 0    1994.32151033       0.00000000  0  0 f8 f0 08 04 01 000c 01 01
   12 2016 240 17 09 37 751 0    1987.97835161       0.00000000  0  0 f8 f0 08 04 01 000c 01 01
   12 2016 240 17 09 38 751 0    1981.63909019       0.00000000  0  0 f8 f0 08 04 01 000c 01 01
   12 2016 240 17 09 39 751 0    1975.30477534       0.00000000  0  0 f8 f0 08 04 01 000c 01 01
   13 2016 240 17 09 40 751 0    1968.97450770       0.00000000  0  0 f8 f0 08 04 01 000d 01 01
   13 2016 240 17 09 41 751 0    1962.64903673       0.00000000  0  0 f8 f0 08 04 01 000d 01 01
   13 2016 240 17 09 42 751 0    1956.32716327       0.00000000  0  0 f8 f0 08 04 01 000d 01 01
   13 2016 240 17 09 43 751 0    1950.01023639       0.00000000  0  0 f8 f0 08 04 01 000d 01 01
   13 2016 240 17 09 44 751 0    1943.69705691       0.00000000  0  0 f8 f0 08 04 01 000d 01 01
   13 2016 240 17 09 45 751 0    1937.38957349       0.00000000  0  0 f8 f0 08 04 01 000d 01 01
   13 2016 240 17 09 46 751 0    1931.08613727       0.00000000  0  0 f8 f0 08 04 01 000d 01 01
   13 2016 240 17 09 47 751 0    1924.78704804       0.00000000  0  0 f8 f0 08 04 01 000d 01 01
   13 2016 240 17 09 48 751 0    1918.49170621       0.00000000  0  0 f8 f0 08 04 01 000d 01 01
   13 2016 240 17 09 49 751 0    1912.20236024       0.00000000  0  0 f8 f0 08 04 01 000d 01 01
   14 2016 240 17 09 50 751 0    1905.91826063       0.00000000  0  0 f8 f0 08 04 01 000e 01 01
   14 2016 240 17 09 51 751 0    1899.63895770       0.00000000  0  0 f8 f0 08 04 01 000e 01 01
   14 2016 240 17 09 52 751 0    1893.36340218       0.00000000  0  0 f8 f0 08 04 01 000e 01 01
   14 2016 240 17 09 53 751 0    1887.09309302       0.00000000  0  0 f8 f0 08 04 01 000e 01 01
   14 2016 240 17 09 54 751 0    1880.82788034       0.00000000  0  0 f8 f0 08 04 01 000e 01 01
   14 2016 240 17 09 55 751 0    1874.56761423       0.00000000  0  0 f8 f0 08 04 01 000e 01 01
   14 2016 240 17 09 56 751 0    1868.31364376       0.00000000  0  0 f8 f0 08 04 01 000e 01 01
   14 2016 240 17 09 57 751 0    1862.06357060       0.00000000  0  0 f8 f0 08 04 01 000e 01 01
   14 2016 240 17 09 58 751 0    1855.81904359       0.00000000  0  0 f8 f0 08 04 01 000e 01 01
   14 2016 240 17 09 59 751 0    1849.58006275       0.00000000  0  0 f8 f0 08 04 01 000e 01 01
   15 2016 240 17 10 00 751 0    1843.34617838       0.00000000  0  0 f8 f0 08 04 01 000f 01 01
   15 2016 240 17 10 01 751 0    1837.11784017       0.00000000  0  0 f8 f0 08 04 01 000f 01 01
   15 2016 240 17 10 02 751 0    1830.89504812       0.00000000  0  0 f8 f0 08 04 01 000f 01 01
   15 2016 240 17 10 03 751 0    1824.67780223       0.00000000  0  0 f8 f0 08 04 01 000f 01 01
   15 2016 240 17 10 04 751 0    1818.46565281       0.00000000  0  0 f8 f0 08 04 01 000f 01 01
   15 2016 240 17 10 05 751 0    1812.26009882       0.00000000  0  0 f8 f0 08 04 01 000f 01 01
   15 2016 240 17 10 06 751 0    1806.05949142       0.00000000  0  0 f8 f0 08 04 01 000f 01 01
   15 2016 240 17 10 07 751 0    1799.86502975       0.00000000  0  0 f8 f0 08 04 01 000f 01 01
   15 2016 240 17 10 08 751 0    1793.67671383       0.00000000  0  0 f8 f0 08 04 01 000f 01 01
   15 2016 240 17 10 09 751 0    1787.49409397       0.00000000  0  0 f8 f0 08 04 01 000f 01 01
   16 2016 240 17 10 10 751 0    1781.31702027       0.00000000  0  0 f8 f0 08 04 01 0010 01 01
   16 2016 240 17 10 11 751 0    1775.14699169       0.00000000  0  0 f8 f0 08 04 01 0010 01 01
   16 2016 240 17 10 12 751 0    1768.98265917       0.00000000  0  0 f8 f0 08 04 01 0010 01 01
   16 2016 240 17 10 13 751 0    1762.82402271       0.00000000  0  0 f8 f0 08 04 01 0010 01 01
   16 2016 240 17 10 14 751 0    1756.67198168       0.00000000  0  0 f8 f0 08 04 01 0010 01 01
   16 2016 240 17 10 15 751 0    1750.52653608       0.00000000  0  0 f8 f0 08 04 01 0010 01 01
   16 2016 240 17 10 16 751 0    1744.38768592       0.00000000  0  0 f8 f0 08 04 01 0010 01 01
   16 2016 240 17 10 17 751 0    1738.25528129       0.00000000  0  0 f8 f0 08 04 01 0010 01 01
   16 2016 240 17 10 18 751 0    1732.12917231       0.00000000  0  0 f8 f0 08 04 01 0010 01 01
   16 2016 240 17 10 19 751 0    1726.00995855       0.00000000  0  0 f8 f0 08 04 01 0010 01 01
   17 2016 240 17 10 20 751 0    1719.89778992       0.00000000  0  0 f8 f0 08 04 01 0011 01 01
   17 2016 240 17 10 21 751 0    1713.79176703       0.00000000  0  0 f8 f0 08 04 01 0011 01 01
   17 2016 240 17 10 22 751 0    1707.69248947       0.00000000  0  0 f8 f0 08 04 01 0011 01 01
   17 2016 240 17 10 23 751 0    1701.60100652       0.00000000  0  0 f8 f0 08 04 01 0011 01 01
   17 2016 240 17 10 24 751 0    1695.51671859       0.00000000  0  0 f8 f0 08 04 01 0011 01 01
   17 2016 240 17 10 25 751 0    1689.43917598       0.00000000  0  0 f8 f0 08 04 01 0011 01 01
   17 2016 240 17 10 26 751 0    1683.36897829       0.00000000  0  0 f8 f0 08 04 01 0011 01 01
   17 2016 240 17 10 27 751 0    1677.30597562       0.00000000  0  0 f8 f0 08 04 01 0011 01 01
   17 2016 240 17 10 28 751 0    1671.25031786       0.00000000  0  0 f8 f0 08 04 01 0011 01 01
   17 2016 240 17 10 29 751 0    1665.20260461       0.00000000  0  0 f8 f0 08 04 01 0011 01 01
   18 2016 240 17 10 30 751 0    1659.16223627       0.00000000  0  0 f8 f0 08 04 01 0012 01 01
   18 2016 240 17 10 31 751 0    1653.12876316       0.00000000  0  0 f8 f0 08 04 01 0012 01 01
   18 2016 240 17 10 32 751 0    1647.10383413       0.00000000  0  0 f8 f0 08 04 01 0012 01 01
   18 2016 240 17 10 33 751 0    1641.08684960       0.00000000  0  0 f8 f0 08 04 01 0012 01 01
   18 2016 240 17 10 34 751 0    1635.07765967       0.00000000  0  0 f8 f0 08 04 01 0012 01 01
   18 2016 240 17 10 35 751 0    1629.07686394       0.00000000  0  0 f8 f0 08 04 01 0012 01 01
   18 2016 240 17 10 36 751 0    1623.08416260       0.00000000  0  0 f8 f0 08 04 01 0012 01 01
   18 2016 240 17 10 37 751 0    1617.09910597       0.00000000  0  0 f8 f0 08 04 01 0012 01 01
   18 2016 240 17 10 38 751 0    1611.12274332       0.00000000  0  0 f8 f0 08 04 01 0012 01 01
   18 2016 240 17 10 39 751 0    1605.15507465       0.00000000  0  0 f8 f0 08 04 01 0012 01 01
   19 2016 240 17 10 40 751 0    1599.19580017       0.00000000  0  0 f8 f0 08 04 01 0013 01 01
   19 2016 240 17 10 41 751 0    1593.24506977       0.00000000  0  0 f8 f0 08 04 01 0013 01 01
   19 2016 240 17 10 42 751 0    1587.30258367       0.00000000  0  0 f8 f0 08 04 01 0013 01 01
   19 2016 240 17 10 43 751 0    1581.36984082       0.00000000  0  0 f8 f0 08 04 01 0013 01 01
   19 2016 240 17 10 44 751 0    1575.44624165       0.00000000  0  0 f8 f0 08 04 01 0013 01 01
   19 2016 240 17 10 45 751 0    1569.53103666       0.00000000  0  0 f8 f0 08 04 01 0013 01 01
   19 2016 240 17 10 46 751 0    1563.62527513       0.00000000  0  0 f8 f0 08 04 01 0013 01 01
   19 2016 240 17 10 47 751 0    1557.72880717       0.00000000  0  0 f8 f0 08 04 01 0013 01 01
   19 2016 240 17 10 48 751 0    1551.84178267       0.00000000  0  0 f8 f0 08 04 01 0013 01 01
   19 2016 240 17 10 49 751 0    1545.96405174       0.00000000  0  0 f8 f0 08 04 01 0013 01 01
   20 2016 240 17 10 50 751 0    1540.09636386       0.00000000  0  0 f8 f0 08 04 01 0014 01 01
   20 2016 240 17 10 51 751 0    1534.23796954       0.00000000  0  0 f8 f0 08 04 01 0014 01 01
   20 2016 240 17 10 52 751 0    1528.38991806       0.00000000  0  0 f8 f0 08 04 01 0014 01 01
   20 2016 240 17 10 53 751 0    1522.55175973       0.00000000  0  0 f8 f0 08 04 01 0014 01 01
   20 2016 240 17 10 54 751 0    1516.72364445       0.00000000  0  0 f8 f0 08 04 01 0014 01 01
   20 2016 240 17 10 55 751 0    1510.90602191       0.00000000  0  0 f8 f0 08 04 01 0014 01 01
   20 2016 240 17 10 56 751 0    1505.09829252       0.00000000  0  0 f8 f0 08 04 01 0014 01 01
   20 2016 240 17 10 57 751 0    1499.30150555       0.00000000  0  0 f8 f0 08 04 01 0014 01 01
   20 2016 240 17 10 58 751 0    1493.51491153       0.00000000  0  0 f8 f0 08 04 01 0014 01 01
   20 2016 240 17 10 59 751 0    1487.73925993       0.00000000  0  0 f8 f0 08 04 01 0014 01 01
   21 2016 240 17 11 00 751 0    1481.97470065       0.00000000  0  0 f8 f0 08 04 01 0015 01 01
   21 2016 240 17 11 01 751 0    1476.22123369       0.00000000  0  0 f8 f0 08 04 01 0015 01 01
   21 2016 240 17 11 02 751 0    1470.47795968       0.00000000  0  0 f8 f0 08 04 01 0015 01 01
   21 2016 240 17 11 03 751 0    1464.74682726       0.00000000  0  0 f8 f0 08 04 01 0015 01 01
   21 2016 240 17 11 04 751 0    1459.02663726       0.00000000  0  0 f8 f0 08 04 01 0015 01 01
   21 2016 240 17 11 05 751 0    1453.31888865       0.00000000  0  0 f8 f0 08 04 01 0015 01 01
   21 2016 240 17 11 06 751 0    1447.62223237       0.00000000  0  0 f8 f0 08 04 01 0015 01 01
   21 2016 240 17 11 07 751 0    1441.93786757       0.00000000  0  0 f8 f0 08 04 01 0015 01 01
   21 2016 240 17 11 08 751 0    1436.26564437       0.00000000  0  0 f8 f0 08 04 01 0015 01 01
   21 2016 240 17 11 09 751 0    1430.60541287       0.00000000  0  0 f8 f0 08 04 01 0015 01 01
   22 2016 240 17 11 10 751 0    1424.95702316       0.00000000  0  0 f8 f0 08 04 01 0016 01 01
   22 2016 240 17 11 11 751 0    1419.32107485       0.00000000  0  0 f8 f0 08 04 01 0016 01 01
   22 2016 240 17 11 12 751 0    1413.69801761       0.00000000  0  0 f8 f0 08 04 01 0016 01 01
   22 2016 240 17 11 13 751 0    1408.08875083       0.00000000  0  0 f8 f0 08 04 01 0016 01 01
   22 2016 240 17 11 14 751 0    1402.49102605       0.00000000  0  0 f8 f0 08 04 01 0016 01 01
   22 2016 240 17 11 15 751 0    1396.90709173       0.00000000  0  0 f8 f0 08 04 01 0016 01 01
   22 2016 240 17 11 16 751 0    1391.33649817       0.00000000  0  0 f8 f0 08 04 01 0016 01 01
   22 2016 240 17 11 17 751 0    1385.77879569       0.00000000  0  0 f8 f0 08 04 01 0016 01 01
   22 2016 240 17 11 18 751 0    1380.23398428       0.00000000  0  0 f8 f0 08 04 01 0016 01 01
   22 2016 240 17 11 19 751 0    1374.70476208       0.00000000  0  0 f8 f0 08 04 01 0016 01 01
   23 2016 240 17 11 20 751 0    1369.18858085       0.00000000  0  0 f8 f0 08 04 01 0017 01 01
   23 2016 240 17 11 21 751 0    1363.68708946       0.00000000  0  0 f8 f0 08 04 01 0017 01 01
   23 2016 240 17 11 22 751 0    1358.19923862       0.00000000  0  0 f8 f0 08 04 01 0017 01 01
   23 2016 240 17 11 23 751 0    1352.72607761       0.00000000  0  0 f8 f0 08 04 01 0017 01 01
   23 2016 240 17 11 24 751 0    1347.26790622       0.00000000  0  0 f8 f0 08 04 01 0017 01 01
   23 2016 240 17 11 25 751 0    1341.82442467       0.00000000  0  0 f8 f0 08 04 01 0017 01 01
   23 2016 240 17 11 26 751 0    1336.39578284       0.00000000  0  0 f8 f0 08 04 01 0017 01 01
   23 2016 240 17 11 27 751 0    1330.98183084       0.00000000  0  0 f8 f0 08 04 01 0017 01 01
   23 2016 240 17 11 28 751 0    1325.58466722       0.00000000  0  0 f8 f0 08 04 01 0017 01 01
   23 2016 240 17 11 29 751 0    1320.20234332       0.00000000  0  0 f8 f0 08 04 01 0017 01 01
   24 2016 240 17 11 30 751 0    1314.83545874       0.00000000  0  0 f8 f0 08 04 01 0018 01 01
   24 2016 240 17 11 31 751 0    1309.48566232       0.00000000  0  0 f8 f0 08 04 01 0018 01 01
   24 2016 240 17 11 32 751 0    1304.15085553       0.00000000  0  0 f8 f0 08 04 01 0018 01 01
   24 2016 240 17 11 33 751 0    1298.83358660       0.00000000  0  0 f8 f0 08 04 01 0018 01 01
   24 2016 240 17 11 34 751 0    1293.53190688       0.00000000  0  0 f8 f0 08 04 01 0018 01 01
   24 2016 240 17 11 35 751 0    1288.24731533       0.00000000  0  0 f8 f0 08 04 01 0018 01 01
   24 2016 240 17 11 36 751 0    1282.98101111       0.00000000  0  0 f8 f0 08 04 01 0018 01 01
   24 2016 240 17 11 37 751 0    1277.73119548       0.00000000  0  0 f8 f0 08 04 01 0018 01 01
   24 2016 240 17 11 38 751 0    1272.49831813       0.00000000  0  0 f8 f0 08 04 01 0018 01 01
   24 2016 240 17 11 39 751 0    1267.28402791       0.00000000  0  0 f8 f0 08 04 01 0018 01 01
   25 2016 240 17 11 40 751 0    1262.08772523       0.00000000  0  0 f8 f0 08 04 01 0019 01 01
   25 2016 240 17 11 41 751 0    1256.90911031       0.00000000  0  0 f8 f0 08 04 01 0019 01 01
   25 2016 240 17 11 42 751 0    1251.74923242       0.00000000  0  0 f8 f0 08 04 01 0019 01 01
   25 2016 240 17 11 43 751 0    1246.60869115       0.00000000  0  0 f8 f0 08 04 01 0019 01 01
   25 2016 240 17 11 44 751 0    1241.48613742       0.00000000  0  0 f8 f0 08 04 01 0019 01 01
   25 2016 240 17 11 45 751 0    1236.38292030       0.00000000  0  0 f8 f0 08 04 01 0019 01 01
   25 2016 240 17 11 46 751 0    1231.29918969       0.00000000  0  0 f8 f0 08 04 01 0019 01 01
   25 2016 240 17 11 47 751 0    1226.23479570       0.00000000  0  0 f8 f0 08 04 01 0019 01 01
   25 2016 240 17 11 48 751 0    1221.19018801       0.00000000  0  0 f8 f0 08 04 01 0019 01 01
   25 2016 240 17 11 49 751 0    1216.16656579       0.00000000  0  0 f8 f0 08 04 01 0019 01 01
   26 2016 240 17 11 50 751 0    1211.16257998       0.00000000  0  0 f8 f0 08 04 01 001a 01 01
   26 2016 240 17 11 51 751 0    1206.17898005       0.00000000  0  0 f8 f0 08 04 01 001a 01 01
   26 2016 240 17 11 52 751 0    1201.21666539       0.00000000  0  0 f8 f0 08 04 01 001a 01 01
   26 2016 240 17 11 53 751 0    1196.27533620       0.00000000  0  0 f8 f0 08 04 01 001a 01 01
   26 2016 240 17 11 54 751 0    1191.35574197       0.00000000  0  0 f8 f0 08 04 01 001a 01 01
   26 2016 240 17 11 55 751 0    1186.45758289       0.00000000  0  0 f8 f0 08 04 01 001a 01 01
   26 2016 240 17 11 56 751 0    1181.58160846       0.00000000  0  0 f8 f0 08 04 01 001a 01 01
   26 2016 240 17 11 57 751 0    1176.72751887       0.00000000  0  0 f8 f0 08 04 01 001a 01 01
   26 2016 240 17 11 58 751 0    1171.89651331       0.00000000  0  0 f8 f0 08 04 01 001a 01 01
   26 2016 240 17 11 59 751 0    1167.08769239       0.00000000  0  0 f8 f0 08 04 01 001a 01 01
   27 2016 240 17 12 00 751 0    1162.30225528       0.00000000  0  0 f8 f0 08 04 01 001b 01 01
   27 2016 240 17 12 01 751 0    1157.54080156       0.00000000  0  0 f8 f0 08 04 01 001b 01 01
   27 2016 240 17 12 02 751 0    1152.80258176       0.00000000  0  0 f8 f0 08 04 01 001b 01 01
   27 2016 240 17 12 03 751 0    1148.08864515       0.00000000  0  0 f8 f0 08 04 01 001b 01 01
   27 2016 240 17 12 04 751 0    1143.39794246       0.00000000  0  0 f8 f0 08 04 01 001b 01 01
   27 2016 240 17 12 05 751 0    1138.73272213       0.00000000  0  0 f8 f0 08 04 01 001b 01 01
   27 2016 240 17 12 06 751 0    1134.09223467       0.00000000  0  0 f8 f0 08 04 01 001b 01 01
   27 2016 240 17 12 07 751 0    1129.47692978       0.00000000  0  0 f8 f0 08 04 01 001b 01 01
   27 2016 240 17 12 08 751 0    1124.88725714       0.00000000  0  0 f8 f0 08 04 01 001b 01 01
   27 2016 240 17 12 09 751 0    1120.32351655       0.00000000  0  0 f8 f0 08 04 01 001b 01 01
   28 2016 240 17 12 10 751 0    1115.78585791       0.00000000  0  0 f8 f0 08 04 01 001c 01 01
   28 2016 240 17 12 11 751 0    1111.27488079       0.00000000  0  0 f8 f0 08 04 01 001c 01 01
   28 2016 240 17 12 12 751 0    1106.79073510       0.00000000  0  0 f8 f0 08 04 01 001c 01 01
   28 2016 240 17 12 13 751 0    1102.33342084       0.00000000  0  0 f8 f0 08 04 01 001c 01 01
   28 2016 240 17 12 14 751 0    1097.90413717       0.00000000  0  0 f8 f0 08 04 01 001c 01 01
   28 2016 240 17 12 15 751 0    1093.50243440       0.00000000  0  0 f8 f0 08 04 01 001c 01 01
   28 2016 240 17 12 16 751 0    1089.12951171       0.00000000  0  0 f8 f0 08 04 01 001c 01 01
   28 2016 240 17 12 17 751 0    1084.78461962       0.00000000  0  0 f8 f0 08 04 01 001c 01 01
   28 2016 240 17 12 18 751 0    1080.46850760       0.00000000  0  0 f8 f0 08 04 01 001c 01 01
   28 2016 240 17 12 19 751 0    1076.18207504       0.00000000  0  0 f8 f0 08 04 01 001c 01 01
   29 2016 240 17 12 20 751 0    1071.92502213       0.00000000  0  0 f8 f0 08 04 01 001d 01 01
   29 2016 240 17 12 21 751 0    1067.69779858       0.00000000  0  0 f8 f0 08 04 01 001d 01 01
   29 2016 240 17 12 22 751 0    1063.50070417       0.00000000  0  0 f8 f0 08 04 01 001d 01 01
   29 2016 240 17 12 23 751 0    1059.33478817       0.00000000  0  0 f8 f0 08 04 01 001d 01 01
   29 2016 240 17 12 24 751 0    1055.19975080       0.00000000  0  0 f8 f0 08 04 01 001d 01 01
   29 2016 240 17 12 25 751 0    1051.09619163       0.00000000  0  0 f8 f0 08 04 01 001d 01 01
   29 2016 240 17 12 26 751 0    1047.02426057       0.00000000  0  0 f8 f0 08 04 01 001d 01 01
   29 2016 240 17 12 27 751 0    1042.98455720       0.00000000  0  0 f8 f0 08 04 01 001d 01 01
   29 2016 240 17 12 28 751 0    1038.97753121       0.00000000  0  0 f8 f0 08 04 01 001d 01 01
   29 2016 240 17 12 29 751 0    1035.00303269       0.00000000  0  0 f8 f0 08 04 01 001d 01 01
   30 2016 240 17 12 30 751 0    1031.06211094       0.00000000  0  0 f8 f0 08 04 01 001e 01 01
   30 2016 240 17 12 31 751 0    1027.15506573       0.00000000  0  0 f8 f0 08 04 01 001e 01 01
   30 2016 240 17 12 32 751 0    1023.28219686       0.00000000  0  0 f8 f0 08 04 01 001e 01 01
   30 2016 240 17 12 33 751 0    1019.44335444       0.00000000  0  0 f8 f0 08 04 01 001e 01 01
   30 2016 240 17 12 34 751 0    1015.63958773       0.00000000  0  0 f8 f0 08 04 01 001e 01 01
   30 2016 240 17 12 35 751 0    1011.87134643       0.00000000  0  0 f8 f0 08 04 01 001e 01 01
   30 2016 240 17 12 36 751 0    1008.13893033       0.00000000  0  0 f8 f0 08 04 01 001e 01 01
   30 2016 240 17 12 37 751 0    1004.44233942       0.00000000  0  0 f8 f0 08 04 01 001e 01 01
   30 2016 240 17 12 38 751 0    1000.78217330       0.00000000  0  0 f8 f0 08 04 01 001e 01 01
   30 2016 240 17 12 39 751 0     997.15858186       0.00000000  0  0 f8 f0 08 04 01 001e 01 01
   31 2016 240 17 12 40 751 0     993.57276427       0.00000000  0  0 f8 f0 08 04 01 001f 01 01
   31 2016 240 17 12 41 751 0     990.02502032       0.00000000  0  0 f8 f0 08 04 01 001f 01 01
   31 2016 240 17 12 42 751 0     986.51505023       0.00000000  0  0 f8 f0 08 04 01 001f 01 01
   31 2016 240 17 12 43 751 0     983.04345356       0.00000000  0  0 f8 f0 08 04 01 001f 01 01
   31 2016 240 17 12 44 751 0     979.61112971       0.00000000  0  0 f8 f0 08 04 01 001f 01 01
   31 2016 240 17 12 45 751 0     976.21852836       0.00000000  0  0 f8 f0 08 04 01 001f 01 01
   31 2016 240 17 12 46 751 0     972.86579941       0.00000000  0  0 f8 f0 08 04 01 001f 01 01
   31 2016 240 17 12 47 751 0     969.55324264       0.00000000  0  0 f8 f0 08 04 01 001f 01 01
   31 2016 240 17 12 48 751 0     966.28160755       0.00000000  0  0 f8 f0 08 04 01 001f 01 01
   31 2016 240 17 12 49 751 0     963.05119392       0.00000000  0  0 f8 f0 08 04 01 001f 01 01
   32 2016 240 17 12 50 751 0     959.86170196       0.00000000  0  0 f8 f0 08 04 01 0020 01 01
   32 2016 240 17 12 51 751 0     956.71373125       0.00000000  0  0 f8 f0 08 04 01 0020 01 01
   32 2016 240 17 12 52 751 0     953.60863087       0.00000000  0  0 f8 f0 08 04 01 0020 01 01
   32 2016 240 17 12 53 751 0     950.54625091       0.00000000  0  0 f8 f0 08 04 01 0020 01 01
   32 2016 240 17 12 54 751 0     947.52674127       0.00000000  0  0 f8 f0 08 04 01 0020 01 01
   32 2016 240 17 12 55 751 0     944.55085144       0.00000000  0  0 f8 f0 08 04 01 0020 01 01
   32 2016 240 17 12 56 751 0     941.61918099       0.00000000  0  0 f8 f0 08 04 01 0020 01 01
   32 2016 240 17 12 57 751 0     938.73202972       0.00000000  0  0 f8 f0 08 04 01 0020 01 01
   32 2016 240 17 12 58 751 0     935.88924774       0.00000000  0  0 f8 f0 08 04 01 0020 01 01
   32 2016 240 17 12 59 751 0     933.09173442       0.00000000  0  0 f8 f0 08 04 01 0020 01 01
   33 2016 240 17 13 00 751 0     930.33993945       0.00000000  0  0 f8 f0 08 04 01 0021 01 01
   33 2016 240 17 13 01 751 0     927.63371293       0.00000000  0  0 f8 f0 08 04 01 0021 01 01
   33 2016 240 17 13 02 751 0     924.97425403       0.00000000  0  0 f8 f0 08 04 01 0021 01 01
   33 2016 240 17 13 03 751 0     922.36126297       0.00000000  0  0 f8 f0 08 04 01 0021 01 01
   33 2016 240 17 13 04 751 0     919.79593891       0.00000000  0  0 f8 f0 08 04 01 0021 01 01
   33 2016 240 17 13 05 751 0     917.27858164       0.00000000  0  0 f8 f0 08 04 01 0021 01 01
   33 2016 240 17 13 06 751 0     914.80934106       0.00000000  0  0 f8 f0 08 04 01 0021 01 01
   33 2016 240 17 13 07 751 0     912.38776748       0.00000000  0  0 f8 f0 08 04 01 0021 01 01
   33 2016 240 17 13 08 751 0     910.01535986       0.00000000  0  0 f8 f0 08 04 01 0021 01 01
   33 2016 240 17 13 09 751 0     907.69256790       0.00000000  0  0 f8 f0 08 04 01 0021 01 01
   34 2016 240 17 13 10 751 0     905.41909179       0.00000000  0  0 f8 f0 08 04 01 0022 01 01
   34 2016 240 17 13 11 751 0     903.19613071       0.00000000  0  0 f8 f0 08 04 01 0022 01 01
   34 2016 240 17 13 12 751 0     901.02353477       0.00000000  0  0 f8 f0 08 04 01 0022 01 01
   34 2016 240 17 13 13 751 0     898.90115406       0.00000000  0  0 f8 f0 08 04 01 0022 01 01
   34 2016 240 17 13 14 751 0     896.83018776       0.00000000  0  0 f8 f0 08 04 01 0022 01 01
   34 2016 240 17 13 15 751 0     894.81033608       0.00000000  0  0 f8 f0 08 04 01 0022 01 01
   34 2016 240 17 13 16 751 0     892.84264828       0.00000000  0  0 f8 f0 08 04 01 0022 01 01
   34 2016 240 17 13 17 751 0     890.92682458       0.00000000  0  0 f8 f0 08 04 01 0022 01 01
   34 2016 240 17 13 18 751 0     889.06346456       0.00000000  0  0 f8 f0 08 04 01 0022 01 01
   34 2016 240 17 13 19 751 0     887.25301790       0.00000000  0  0 f8 f0 08 04 01 0022 01 01
   35 2016 240 17 13 20 751 0     885.49608420       0.00000000  0  0 f8 f0 08 04 01 0023 01 01
   35 2016 240 17 13 21 751 0     883.79206387       0.00000000  0  0 f8 f0 08 04 01 0023 01 01
   35 2016 240 17 13 22 751 0     882.14200618       0.00000000  0  0 f8 f0 08 04 01 0023 01 01
   35 2016 240 17 13 23 751 0     880.54591113       0.00000000  0  0 f8 f0 08 04 01 0023 01 01
   35 2016 240 17 13 24 751 0     879.00437832       0.00000000  0  0 f8 f0 08 04 01 0023 01 01
   35 2016 240 17 13 25 751 0     877.51770752       0.00000000  0  0 f8 f0 08 04 01 0023 01 01
   35 2016 240 17 13 26 751 0     876.08589874       0.00000000  0  0 f8 f0 08 04 01 0023 01 01
   35 2016 240 17 13 27 751 0     874.70955156       0.00000000  0  0 f8 f0 08 04 01 0023 01 01
   35 2016 240 17 13 28 751 0     873.38836620       0.00000000  0  0 f8 f0 08 04 01 0023 01 01
   35 2016 240 17 13 29 751 0     872.12279234       0.00000000  0  0 f8 f0 08 04 01 0023 01 01
   36 2016 240 17 13 30 751 0     870.91342956       0.00000000  0  0 f8 f0 08 04 01 0024 01 01
   36 2016 240 17 13 31 751 0     869.75997808       0.00000000  0  0 f8 f0 08 04 01 0024 01 01
   36 2016 240 17 13 32 751 0     868.66333727       0.00000000  0  0 f8 f0 08 04 01 0024 01 01
   36 2016 240 17 13 33 751 0     867.62320734       0.00000000  0  0 f8 f0 08 04 01 0024 01 01
   36 2016 240 17 13 34 751 0     866.64003797       0.00000000  0  0 f8 f0 08 04 01 0024 01 01
   36 2016 240 17 13 35 751 0     865.71352938       0.00000000  0  0 f8 f0 08 04 01 0024 01 01
   36 2016 240 17 13 36 751 0     864.84398135       0.00000000  0  0 f8 f0 08 04 01 0024 01 01
   36 2016 240 17 13 37 751 0     864.03229327       0.00000000  0  0 f8 f0 08 04 01 0024 01 01
   36 2016 240 17 13 38 751 0     863.27846514       0.00000000  0  0 f8 f0 08 04 01 0024 01 01
   36 2016 240 17 13 39 751 0     862.58234705       0.00000000  0  0 f8 f0 08 04 01 0024 01 01
   37 2016 240 17 13 40 751 0     861.94408891       0.00000000  0  0 f8 f0 08 04 01 0025 01 01
   37 2016 240 17 13 41 751 0     861.36339092       0.00000000  0  0 f8 f0 08 04 01 0025 01 01
   37 2016 240 17 13 42 751 0     860.84085266       0.00000000  0  0 f8 f0 08 04 01 0025 01 01
   37 2016 240 17 13 43 751 0     860.37662404       0.00000000  0  0 f8 f0 08 04 01 0025 01 01
   37 2016 240 17 13 44 751 0     859.97040526       0.00000000  0  0 f8 f0 08 04 01 0025 01 01
   37 2016 240 17 13 45 751 0     859.62309570       0.00000000  0  0 f8 f0 08 04 01 0025 01 01
   37 2016 240 17 13 46 751 0     859.33274670       0.00000000  0  0 f8 f0 08 04 01 0025 01 01
   37 2016 240 17 13 47 751 0     859.10190651       0.00000000  0  0 f8 f0 08 04 01 0025 01 01
   37 2016 240 17 13 48 751 0     858.93042522       0.00000000  0  0 f8 f0 08 04 01 0025 01 01
   37 2016 240 17 13 49 751 0     858.81725357       0.00000000  0  0 f8 f0 08 04 01 0025 01 01
   38 2016 240 17 13 50 751 0     858.76254145       0.00000000  0  0 f8 f0 08 04 01 0026 01 01
   38 2016 240 17 13 51 751 0     858.76703833       0.00000000  0  0 f8 f0 08 04 01 0026 01 01
   38 2016 240 17 13 52 751 0     858.82984485       0.00000000  0  0 f8 f0 08 04 01 0026 01 01
   38 2016 240 17 13 53 751 0     858.95126080       0.00000000  0  0 f8 f0 08 04 01 0026 01 01
   38 2016 240 17 13 54 751 0     859.13128617       0.00000000  0  0 f8 f0 08 04 01 0026 01 01
   38 2016 240 17 13 55 751 0     859.36992097       0.00000000  0  0 f8 f0 08 04 01 0026 01 01
   38 2016 240 17 13 56 751 0     859.66686540       0.00000000  0  0 f8 f0 08 04 01 0026 01 01
   38 2016 240 17 13 57 751 0     860.02241925       0.00000000  0  0 f8 f0 08 04 01 0026 01 01
   38 2016 240 17 13 58 751 0     860.43613284       0.00000000  0  0 f8 f0 08 04 01 0026 01 01
   38 2016 240 17 13 59 751 0     860.90905545       0.00000000  0  0 f8 f0 08 04 01 0026 01 01
   39 2016 240 17 14 00 751 0     861.43953820       0.00000000  0  0 f8 f0 08 04 01 0027 01 01
   39 2016 240 17 14 01 751 0     862.02878028       0.00000000  0  0 f8 f0 08 04 01 0027 01 01
   39 2016 240 17 14 02 751 0     862.67693157       0.00000000  0  0 f8 f0 08 04 01 0027 01 01
   39 2016 240 17 14 03 751 0     863.38204343       0.00000000  0  0 f8 f0 08 04 01 0027 01 01
   39 2016 240 17 14 04 751 0     864.14441565       0.00000000  0  0 f8 f0 08 04 01 0027 01 01
   39 2016 240 17 14 05 751 0     864.96449792       0.00000000  0  0 f8 f0 08 04 01 0027 01 01
   39 2016 240 17 14 06 751 0     865.84259003       0.00000000  0  0 f8 f0 08 04 01 0027 01 01
   39 2016 240 17 14 07 751 0     866.77704312       0.00000000  0  0 f8 f0 08 04 01 0027 01 01
   39 2016 240 17 14 08 751 0     867.76845678       0.00000000  0  0 f8 f0 08 04 01 0027 01 01
   39 2016 240 17 14 09 751 0     868.81713080       0.00000000  0  0 f8 f0 08 04 01 0027 01 01
   40 2016 240 17 14 10 751 0     869.92231570       0.00000000  0  0 f8 f0 08 04 01 0028 01 01
   40 2016 240 17 14 11 751 0     871.08446116       0.00000000  0  0 f8 f0 08 04 01 0028 01 01
   40 2016 240 17 14 12 751 0     872.30236802       0.00000000  0  0 f8 f0 08 04 01 0028 01 01
   40 2016 240 17 14 13 751 0     873.57603628       0.00000000  0  0 f8 f0 08 04 01 0028 01 01
   40 2016 240 17 14 14 751 0     874.90531604       0.00000000  0  0 f8 f0 08 04 01 0028 01 01
   40 2016 240 17 14 15 751 0     876.29005740       0.00000000  0  0 f8 f0 08 04 01 0028 01 01
   40 2016 240 17 14 16 751 0     877.73056016       0.00000000  0  0 f8 f0 08 04 01 0028 01 01
   40 2016 240 17 14 17 751 0     879.22532536       0.00000000  0  0 f8 f0 08 04 01 0028 01 01
   40 2016 240 17 14 18 751 0     880.77495257       0.00000000  0  0 f8 f0 08 04 01 0028 01 01
   40 2016 240 17 14 19 751 0     882.37869233       0.00000000  0  0 f8 f0 08 04 01 0028 01 01
   41 2016 240 17 14 20 751 0     884.03624483       0.00000000  0  0 f8 f0 08 04 01 0029 01 01
   41 2016 240 17 14 21 751 0     885.74761007       0.00000000  0  0 f8 f0 08 04 01 0029 01 01
   41 2016 240 17 14 22 751 0     887.51263817       0.00000000  0  0 f8 f0 08 04 01 0029 01 01
   41 2016 240 17 14 23 751 0     889.33072953       0.00000000  0  0 f8 f0 08 04 01 0029 01 01
   41 2016 240 17 14 24 751 0     891.20143447       0.00000000  0  0 f8 f0 08 04 01 0029 01 01
   41 2016 240 17 14 25 751 0     893.12475298       0.00000000  0  0 f8 f0 08 04 01 0029 01 01
   41 2016 240 17 14 26 751 0     895.10053518       0.00000000  0  0 f8 f0 08 04 01 0029 01 01
   41 2016 240 17 14 27 751 0     897.12788168       0.00000000  0  0 f8 f0 08 04 01 0029 01 01
   41 2016 240 17 14 28 751 0     899.20619289       0.00000000  0  0 f8 f0 08 04 01 0029 01 01
   41 2016 240 17 14 29 751 0     901.33606841       0.00000000  0  0 f8 f0 08 04 01 0029 01 01
   42 2016 240 17 14 30 751 0     903.51660885       0.00000000  0  0 f8 f0 08 04 01 002a 01 01
   42 2016 240 17 14 31 751 0     905.74781422       0.00000000  0  0 f8 f0 08 04 01 002a 01 01
   42 2016 240 17 14 32 751 0     908.02848534       0.00000000  0  0 f8 f0 08 04 01 002a 01 01
   42 2016 240 17 14 33 751 0     910.35817254       0.00000000  0  0 f8 f0 08 04 01 002a 01 01
   42 2016 240 17 14 34 751 0     912.73717559       0.00000000  0  0 f8 f0 08 04 01 002a 01 01
   42 2016 240 17 14 35 751 0     915.16564439       0.00000000  0  0 f8 f0 08 04 01 002a 01 01
   42 2016 240 17 14 36 751 0     917.64267958       0.00000000  0  0 f8 f0 08 04 01 002a 01 01
   42 2016 240 17 14 37 751 0     920.16738176       0.00000000  0  0 f8 f0 08 04 01 002a 01 01
   42 2016 240 17 14 38 751 0     922.73975095       0.00000000  0  0 f8 f0 08 04 01 002a 01 01
   42 2016 240 17 14 39 751 0     925.35933745       0.00000000  0  0 f8 f0 08 04 01 002a 01 01
   43 2016 240 17 14 40 751 0     928.02599136       0.00000000  0  0 f8 f0 08 04 01 002b 01 01
   43 2016 240 17 14 41 751 0     930.73851352       0.00000000  0  0 f8 f0 08 04 01 002b 01 01
   43 2016 240 17 14 42 751 0     933.49720372       0.00000000  0  0 f8 f0 08 04 01 002b 01 01
   43 2016 240 17 14 43 751 0     936.30116258       0.00000000  0  0 f8 f0 08 04 01 002b 01 01
   43 2016 240 17 14 44 751 0     939.15113958       0.00000000  0  0 f8 f0 08 04 01 002b 01 01
   43 2016 240 17 14 45 751 0     942.04518607       0.00000000  0  0 f8 f0 08 04 01 002b 01 01
   43 2016 240 17 14 46 751 0     944.98465112       0.00000000  0  0 f8 f0 08 04 01 002b 01 01
   43 2016 240 17 14 47 751 0     947.96683660       0.00000000  0  0 f8 f0 08 04 01 002b 01 01
   43 2016 240 17 14 48 751 0     950.99294167       0.00000000  0  0 f8 f0 08 04 01 002b 01 01
   43 2016 240 17 14 49 751 0     954.06236675       0.00000000  0  0 f8 f0 08 04 01 002b 01 01
   44 2016 240 17 14 50 751 0     957.17406257       0.00000000  0  0 f8 f0 08 04 01 002c 01 01
   44 2016 240 17 14 51 751 0     960.32787923       0.00000000  0  0 f8 f0 08 04 01 002c 01 01
   44 2016 240 17 14 52 751 0     963.52351693       0.00000000  0  0 f8 f0 08 04 01 002c 01 01
   44 2016 240 17 14 53 751 0     966.76082579       0.00000000  0  0 f8 f0 08 04 01 002c 01 01
   44 2016 240 17 14 54 751 0     970.03920622       0.00000000  0  0 f8 f0 08 04 01 002c 01 01
   44 2016 240 17 14 55 751 0     973.35760893       0.00000000  0  0 f8 f0 08 04 01 002c 01 01
   44 2016 240 17 14 56 751 0     976.71633374       0.00000000  0  0 f8 f0 08 04 01 002c 01 01
   44 2016 240 17 14 57 751 0     980.11613011       0.00000000  0  0 f8 f0 08 04 01 002c 01 01
   44 2016 240 17 14 58 751 0     983.55564898       0.00000000  0  0 f8 f0 08 04 01 002c 01 01
   44 2016 240 17 14 59 751 0     987.03324149       0.00000000  0  0 f8 f0 08 04 01 002c 01 01
   45 2016 240 17 15 00 751 0     990.54995692       0.00000000  0  0 f8 f0 08 04 01 002d 01 01
   45 2016 240 17 15 01 751 0     994.10489589       0.00000000  0  0 f8 f0 08 04 01 002d 01 01
   45 2016 240 17 15 02 751 0     997.69880787       0.00000000  0  0 f8 f0 08 04 01 002d 01 01
   45 2016 240 17 15 03 751 0    1001.32944443       0.00000000  0  0 f8 f0 08 04 01 002d 01 01
   45 2016 240 17 15 04 751 0    1004.99605609       0.00000000  0  0 f8 f0 08 04 01 002d 01 01
   45 2016 240 17 15 05 751 0    1008.69894264       0.00000000  0  0 f8 f0 08 04 01 002d 01 01
   45 2016 240 17 15 06 751 0    1012.43810407       0.00000000  0  0 f8 f0 08 04 01 002d 01 01
   45 2016 240 17 15 07 751 0    1016.21354039       0.00000000  0  0 f8 f0 08 04 01 002d 01 01
   45 2016 240 17 15 08 751 0    1020.02405243       0.00000000  0  0 f8 f0 08 04 01 002d 01 01
   45 2016 240 17 15 09 751 0    1023.86904060       0.00000000  0  0 f8 f0 08 04 01 002d 01 01
   46 2016 240 17 15 10 751 0    1027.74775542       0.00000000  0  0 f8 f0 08 04 01 002e 01 01
   46 2016 240 17 15 11 751 0    1031.66109627       0.00000000  0  0 f8 f0 08 04 01 002e 01 01
   46 2016 240 17 15 12 751 0    1035.60861346       0.00000000  0  0 f8 f0 08 04 01 002e 01 01
   46 2016 240 17 15 13 751 0    1039.58910782       0.00000000  0  0 f8 f0 08 04 01 002e 01 01
   46 2016 240 17 15 14 751 0    1043.60272925       0.00000000  0  0 f8 f0 08 04 01 002e 01 01
   46 2016 240 17 15 15 751 0    1047.64947774       0.00000000  0  0 f8 f0 08 04 01 002e 01 01
   46 2016 240 17 15 16 751 0    1051.72740465       0.00000000  0  0 f8 f0 08 04 01 002e 01 01
   46 2016 240 17 15 17 751 0    1055.83725946       0.00000000  0  0 f8 f0 08 04 01 002e 01 01
   46 2016 240 17 15 18 751 0    1059.97829268       0.00000000  0  0 f8 f0 08 04 01 002e 01 01
   46 2016 240 17 15 19 751 0    1064.15110390       0.00000000  0  0 f8 f0 08 04 01 002e 01 01
   47 2016 240 17 15 20 751 0    1068.35374448       0.00000000  0  0 f8 f0 08 04 01 002f 01 01
   47 2016 240 17 15 21 751 0    1072.58741357       0.00000000  0  0 f8 f0 08 04 01 002f 01 01
   47 2016 240 17 15 22 751 0    1076.85061222       0.00000000  0  0 f8 f0 08 04 01 002f 01 01
   47 2016 240 17 15 23 751 0    1081.14334042       0.00000000  0  0 f8 f0 08 04 01 002f 01 01
   47 2016 240 17 15 24 751 0    1085.46484871       0.00000000  0  0 f8 f0 08 04 01 002f 01 01
   47 2016 240 17 15 25 751 0    1089.81513706       0.00000000  0  0 f8 f0 08 04 01 002f 01 01
   47 2016 240 17 15 26 751 0    1094.19450529       0.00000000  0  0 f8 f0 08 04 01 002f 01 01
   47 2016 240 17 15 27 751 0    1098.60190411       0.00000000  0  0 f8 f0 08 04 01 002f 01 01
   47 2016 240 17 15 28 751 0    1103.03718363       0.00000000  0  0 f8 f0 08 04 01 002f 01 01
   47 2016 240 17 15 29 751 0    1107.49944447       0.00000000  0  0 f8 f0 08 04 01 002f 01 01
   48 2016 240 17 15 30 751 0    1111.98928622       0.00000000  0  0 f8 f0 08 04 01 0030 01 01
   48 2016 240 17 15 31 751 0    1116.50580950       0.00000000  0  0 f8 f0 08 04 01 0030 01 01
   48 2016 240 17 15 32 751 0    1121.04871451       0.00000000  0  0 f8 f0 08 04 01 0030 01 01
   48 2016 240 17 15 33 751 0    1125.61830105       0.00000000  0  0 f8 f0 08 04 01 0030 01 01
   48 2016 240 17 15 34 751 0    1130.21366974       0.00000000  0  0 f8 f0 08 04 01 0030 01 01
   48 2016 240 17 15 35 751 0    1134.83467069       0.00000000  0  0 f8 f0 08 04 01 0030 01 01
   48 2016 240 17 15 36 751 0    1139.48040452       0.00000000  0  0 f8 f0 08 04 01 0030 01 01
   48 2016 240 17 15 37 751 0    1144.15087122       0.00000000  0  0 f8 f0 08 04 01 0030 01 01
   48 2016 240 17 15 38 751 0    1148.84622070       0.00000000  0  0 f8 f0 08 04 01 0030 01 01
   48 2016 240 17 15 39 751 0    1153.56615315       0.00000000  0  0 f8 f0 08 04 01 0030 01 01
   49 2016 240 17 15 40 751 0    1158.30976922       0.00000000  0  0 f8 f0 08 04 01 0031 01 01
   49 2016 240 17 15 41 751 0    1163.07721878       0.00000000  0  0 f8 f0 08 04 01 0031 01 01
   49 2016 240 17 15 42 751 0    1167.86745257       0.00000000  0  0 f8 f0 08 04 01 0031 01 01
   49 2016 240 17 15 43 751 0    1172.68107017       0.00000000  0  0 f8 f0 08 04 01 0031 01 01
   49 2016 240 17 15 44 751 0    1177.51717221       0.00000000  0  0 f8 f0 08 04 01 0031 01 01
   49 2016 240 17 15 45 751 0    1182.37635826       0.00000000  0  0 f8 f0 08 04 01 0031 01 01
   49 2016 240 17 15 46 751 0    1187.25817865       0.00000000  0  0 f8 f0 08 04 01 0031 01 01
   49 2016 240 17 15 47 751 0    1192.16128430       0.00000000  0  0 f8 f0 08 04 01 0031 01 01
   49 2016 240 17 15 48 751 0    1197.08612490       0.00000000  0  0 f8 f0 08 04 01 0031 01 01
   49 2016 240 17 15 49 751 0    1202.03210088       0.00000000  0  0 f8 f0 08 04 01 0031 01 01
   50 2016 240 17 15 50 751 0    1206.99921222       0.00000000  0  0 f8 f0 08 04 01 0032 01 01
   50 2016 240 17 15 51 751 0    1211.98715913       0.00000000  0  0 f8 f0 08 04 01 0032 01 01
   50 2016 240 17 15 52 751 0    1216.99609152       0.00000000  0  0 f8 f0 08 04 01 0032 01 01
   50 2016 240 17 15 53 751 0    1222.02525990       0.00000000  0  0 f8 f0 08 04 01 0032 01 01
   50 2016 240 17 15 54 751 0    1227.07481417       0.00000000  0  0 f8 f0 08 04 01 0032 01 01
   50 2016 240 17 15 55 751 0    1232.14415474       0.00000000  0  0 f8 f0 08 04 01 0032 01 01
   50 2016 240 17 15 56 751 0    1237.23358140       0.00000000  0  0 f8 f0 08 04 01 0032 01 01
   50 2016 240 17 15 57 751 0    1242.34324405       0.00000000  0  0 f8 f0 08 04 01 0032 01 01
   50 2016 240 17 15 58 751 0    1247.47119405       0.00000000  0  0 f8 f0 08 04 01 0032 01 01
   50 2016 240 17 15 59 751 0    1252.61788107       0.00000000  0  0 f8 f0 08 04 01 0032 01 01
   51 2016 240 17 16 00 751 0    1257.78315523       0.00000000  0  0 f8 f0 08 04 01 0033 01 01
   51 2016 240 17 16 01 751 0    1262.96881527       0.00000000  0  0 f8 f0 08 04 01 0033 01 01
   51 2016 240 17 16 02 751 0    1268.17216306       0.00000000  0  0 f8 f0 08 04 01 0033 01 01
   51 2016 240 17 16 03 751 0    1273.39229924       0.00000000  0  0 f8 f0 08 04 01 0033 01 01
   51 2016 240 17 16 04 751 0    1278.63012317       0.00000000  0  0 f8 f0 08 04 01 0033 01 01
   51 2016 240 17 16 05 751 0    1283.88473548       0.00000000  0  0 f8 f0 08 04 01 0033 01 01
   51 2016 240 17 16 06 751 0    1289.15733533       0.00000000  0  0 f8 f0 08 04 01 0033 01 01
   51 2016 240 17 16 07 751 0    1294.44672356       0.00000000  0  0 f8 f0 08 04 01 0033 01 01
   51 2016 240 17 16 08 751 0    1299.75349976       0.00000000  0  0 f8 f0 08 04 01 0033 01 01
   51 2016 240 17 16 09 751 0    1305.07676454       0.00000000  0  0 f8 f0 08 04 01 0033 01 01
   52 2016 240 17 16 10 751 0    1310.41651791       0.00000000  0  0 f8 f0 08 04 01 0034 01 01
   52 2016 240 17 16 11 751 0    1315.77216027       0.00000000  0  0 f8 f0 08 04 01 0034 01 01
   52 2016 240 17 16 12 751 0    1321.14414133       0.00000000  0  0 f8 f0 08 04 01 0034 01 01
   52 2016 240 17 16 13 751 0    1326.53171159       0.00000000  0  0 f8 f0 08 04 01 0034 01 01
   52 2016 240 17 16 14 751 0    1331.93472116       0.00000000  0  0 f8 f0 08 04 01 0034 01 01
   52 2016 240 17 16 15 751 0    1337.35331995       0.00000000  0  0 f8 f0 08 04 01 0034 01 01
   52 2016 240 17 16 16 751 0    1342.78780773       0.00000000  0  0 f8 f0 08 04 01 0034 01 01
   52 2016 240 17 16 17 751 0    1348.23758493       0.00000000  0  0 f8 f0 08 04 01 0034 01 01
   52 2016 240 17 16 18 751 0    1353.70070289       0.00000000  0  0 f8 f0 08 04 01 0034 01 01
   52 2016 240 17 16 19 751 0    1359.17926016       0.00000000  0  0 f8 f0 08 04 01 0034 01 01
   53 2016 240 17 16 20 751 0    1364.67220747       0.00000000  0  0 f8 f0 08 04 01 0035 01 01
   53 2016 240 17 16 21 751 0    1370.17864545       0.00000000  0  0 f8 f0 08 04 01 0035 01 01
   53 2016 240 17 16 22 751 0    1375.69962335       0.00000000  0  0 f8 f0 08 04 01 0035 01 01
   53 2016 240 17 16 23 751 0    1381.23484140       0.00000000  0  0 f8 f0 08 04 01 0035 01 01
   53 2016 240 17 16 24 751 0    1386.78370001       0.00000000  0  0 f8 f0 08 04 01 0035 01 01
   53 2016 240 17 16 25 751 0    1392.34664886       0.00000000  0  0 f8 f0 08 04 01 0035 01 01
   53 2016 240 17 16 26 751 0    1397.92143951       0.00000000  0  0 f8 f0 08 04 01 0035 01 01
   53 2016 240 17 16 27 751 0    1403.51032041       0.00000000  0  0 f8 f0 08 04 01 0035 01 01
   53 2016 240 17 16 28 751 0    1409.11224228       0.00000000  0  0 f8 f0 08 04 01 0035 01 01
   53 2016 240 17 16 29 751 0    1414.72795460       0.00000000  0  0 f8 f0 08 04 01 0035 01 01
   54 2016 240 17 16 30 751 0    1420.35580852       0.00000000  0  0 f8 f0 08 04 01 0036 01 01
   54 2016 240 17 16 31 751 0    1425.99640362       0.00000000  0  0 f8 f0 08 04 01 0036 01 01
   54 2016 240 17 16 32 751 0    1431.64944010       0.00000000  0  0 f8 f0 08 04 01 0036 01 01
   54 2016 240 17 16 33 751 0    1437.31491797       0.00000000  0  0 f8 f0 08 04 01 0036 01 01
   54 2016 240 17 16 34 751 0    1442.99223765       0.00000000  0  0 f8 f0 08 04 01 0036 01 01
   54 2016 240 17 16 35 751 0    1448.68244839       0.00000000  0  0 f8 f0 08 04 01 0036 01 01
   54 2016 240 17 16 36 751 0    1454.38390136       0.00000000  0  0 f8 f0 08 04 01 0036 01 01
   54 2016 240 17 16 37 751 0    1460.09674644       0.00000000  0  0 f8 f0 08 04 01 0036 01 01
   54 2016 240 17 16 38 751 0    1465.82143332       0.00000000  0  0 f8 f0 08 04 01 0036 01 01
   54 2016 240 17 16 39 751 0    1471.55796201       0.00000000  0  0 f8 f0 08 04 01 0036 01 01
   55 2016 240 17 16 40 751 0    1477.30513332       0.00000000  0  0 f8 f0 08 04 01 0037 01 01
   55 2016 240 17 16 41 751 0    1483.06384665       0.00000000  0  0 f8 f0 08 04 01 0037 01 01
   55 2016 240 17 16 42 751 0    1488.83335250       0.00000000  0  0 f8 f0 08 04 01 0037 01 01
   55 2016 240 17 16 43 751 0    1494.61380078       0.00000000  0  0 f8 f0 08 04 01 0037 01 01
   55 2016 240 17 16 44 751 0    1500.40519148       0.00000000  0  0 f8 f0 08 04 01 0037 01 01
   55 2016 240 17 16 45 751 0    1506.20797430       0.00000000  0  0 f8 f0 08 04 01 0037 01 01
   55 2016 240 17 16 46 751 0    1512.02095006       0.00000000  0  0 f8 f0 08 04 01 0037 01 01
   55 2016 240 17 16 47 751 0    1517.84276970       0.00000000  0  0 f8 f0 08 04 01 0037 01 01
   55 2016 240 17 16 48 751 0    1523.67568166       0.00000000  0  0 f8 f0 08 04 01 0037 01 01
   55 2016 240 17 16 49 751 0    1529.51983584       0.00000000  0  0 f8 f0 08 04 01 0037 01 01
   56 2016 240 17 16 50 751 0    1535.37313368       0.00000000  0  0 f8 f0 08 04 01 0038 01 01
   56 2016 240 17 16 51 751 0    1541.23647458       0.00000000  0  0 f8 f0 08 04 01 0038 01 01
   56 2016 240 17 16 52 751 0    1547.10925893       0.00000000  0  0 f8 f0 08 04 01 0038 01 01
   56 2016 240 17 16 53 751 0    1552.99118696       0.00000000  0  0 f8 f0 08 04 01 0038 01 01
   56 2016 240 17 16 54 751 0    1558.88420730       0.00000000  0  0 f8 f0 08 04 01 0038 01 01
   56 2016 240 17 16 55 751 0    1564.78577174       0.00000000  0  0 f8 f0 08 04 01 0038 01 01
   56 2016 240 17 16 56 751 0    1570.69558046       0.00000000  0  0 f8 f0 08 04 01 0038 01 01
   56 2016 240 17 16 57 751 0    1576.61648151       0.00000000  0  0 f8 f0 08 04 01 0038 01 01
   56 2016 240 17 16 58 751 0    1582.54547695       0.00000000  0  0 f8 f0 08 04 01 0038 01 01
   56 2016 240 17 16 59 751 0    1588.48241689       0.00000000  0  0 f8 f0 08 04 01 0038 01 01
   57 2016 240 17 17 00 751 0    1594.42880029       0.00000000  0  0 f8 f0 08 04 01 0039 01 01
   57 2016 240 17 17 01 751 0    1600.38522675       0.00000000  0  0 f8 f0 08 04 01 0039 01 01
   57 2016 240 17 17 02 751 0    1606.34929791       0.00000000  0  0 f8 f0 08 04 01 0039 01 01
   57 2016 240 17 17 03 751 0    1612.32251274       0.00000000  0  0 f8 f0 08 04 01 0039 01 01
   57 2016 240 17 17 04 751 0    1618.30397186       0.00000000  0  0 f8 f0 08 04 01 0039 01 01
   57 2016 240 17 17 05 751 0    1624.29337548       0.00000000  0  0 f8 f0 08 04 01 0039 01 01
   57 2016 240 17 17 06 751 0    1630.29147308       0.00000000  0  0 f8 f0 08 04 01 0039 01 01
   57 2016 240 17 17 07 751 0    1636.29961373       0.00000000  0  0 f8 f0 08 04 01 0039 01 01
   57 2016 240 17 17 08 751 0    1642.31375023       0.00000000  0  0 f8 f0 08 04 01 0039 01 01
   57 2016 240 17 17 09 751 0    1648.33598113       0.00000000  0  0 f8 f0 08 04 01 0039 01 01
   58 2016 240 17 17 10 751 0    1654.36735570       0.00000000  0  0 f8 f0 08 04 01 003a 01 01
   58 2016 240 17 17 11 751 0    1660.40547559       0.00000000  0  0 f8 f0 08 04 01 003a 01 01
   58 2016 240 17 17 12 751 0    1666.45094040       0.00000000  0  0 f8 f0 08 04 01 003a 01 01
   58 2016 240 17 17 13 751 0    1672.50509920       0.00000000  0  0 f8 f0 08 04 01 003a 01 01
   58 2016 240 17 17 14 751 0    1678.56525384       0.00000000  0  0 f8 f0 08 04 01 003a 01 01
   58 2016 240 17 17 15 751 0    1684.63455215       0.00000000  0  0 f8 f0 08 04 01 003a 01 01
   58 2016 240 17 17 16 751 0    1690.71059579       0.00000000  0  0 f8 f0 08 04 01 003a 01 01
   58 2016 240 17 17 17 751 0    1696.79338477       0.00000000  0  0 f8 f0 08 04 01 003a 01 01
   58 2016 240 17 17 18 751 0    1702.88471783       0.00000000  0  0 f8 f0 08 04 01 003a 01 01
   58 2016 240 17 17 19 751 0    1708.98249642       0.00000000  0  0 f8 f0 08 04 01 003a 01 01
   59 2016 240 17 17 20 751 0    1715.08627087       0.00000000  0  0 f8 f0 08 04 01 003b 01 01
   59 2016 240 17 17 21 751 0    1721.19679064       0.00000000  0  0 f8 f0 08 04 01 003b 01 01
   59 2016 240 17 17 22 751 0    1727.31585450       0.00000000  0  0 f8 f0 08 04 01 003b 01 01
   59 2016 240 17 17 23 751 0    1733.44241317       0.00000000  0  0 f8 f0 08 04 01 003b 01 01
   59 2016 240 17 17 24 751 0    1739.57511759       0.00000000  0  0 f8 f0 08 04 01 003b 01 01
   59 2016 240 17 17 25 751 0    1745.71291848       0.00000000  0  0 f8 f0 08 04 01 003b 01 01
   59 2016 240 17 17 26 751 0    1751.85821418       0.00000000  0  0 f8 f0 08 04 01 003b 01 01
   59 2016 240 17 17 27 751 0    1758.00935583       0.00000000  0  0 f8 f0 08 04 01 003b 01 01
   59 2016 240 17 17 28 751 0    1764.16694302       0.00000000  0  0 f8 f0 08 04 01 003b 01 01
   59 2016 240 17 17 29 751 0    1770.33157534       0.00000000  0  0 f8 f0 08 04 01 003b 01 01
   60 2016 240 17 17 30 751 0    1776.50205360       0.00000000  0  0 f8 f0 08 04 01 003c 01 01
   60 2016 240 17 17 31 751 0    1782.67807803       0.00000000  0  0 f8 f0 08 04 01 003c 01 01
   60 2016 240 17 17 32 751 0    1788.86129748       0.00000000  0  0 f8 f0 08 04 01 003c 01 01
   60 2016 240 17 17 33 751 0    1795.04961340       0.00000000  0  0 f8 f0 08 04 01 003c 01 01
   60 2016 240 17 17 34 751 0    1801.24377527       0.00000000  0  0 f8 f0 08 04 01 003c 01 01
   60 2016 240 17 17 35 751 0    1807.44468247       0.00000000  0  0 f8 f0 08 04 01 003c 01 01
   60 2016 240 17 17 36 751 0    1813.65053624       0.00000000  0  0 f8 f0 08 04 01 003c 01 01
   60 2016 240 17 17 37 751 0    1819.86253577       0.00000000  0  0 f8 f0 08 04 01 003c 01 01
   60 2016 240 17 17 38 751 0    1826.08098083       0.00000000  0  0 f8 f0 08 04 01 003c 01 01
   60 2016 240 17 17 39 751 0    1832.30422257       0.00000000  0  0 f8 f0 08 04 01 003c 01 01
   61 2016 240 17 17 40 751 0    1838.53301047       0.00000000  0  0 f8 f0 08 04 01 003d 01 01
   61 2016 240 17 17 41 751 0    1844.76749442       0.00000000  0  0 f8 f0 08 04 01 003d 01 01
   61 2016 240 17 17 42 751 0    1851.00722475       0.00000000  0  0 f8 f0 08 04 01 003d 01 01
   61 2016 240 17 17 43 751 0    1857.25280103       0.00000000  0  0 f8 f0 08 04 01 003d 01 01
   61 2016 240 17 17 44 751 0    1863.50362367       0.00000000  0  0 f8 f0 08 04 01 003d 01 01
   61 2016 240 17 17 45 751 0    1869.75939289       0.00000000  0  0 f8 f0 08 04 01 003d 01 01
   61 2016 240 17 17 46 751 0    1876.02010869       0.00000000  0  0 f8 f0 08 04 01 003d 01 01
   61 2016 240 17 17 47 751 0    1882.28667044       0.00000000  0  0 f8 f0 08 04 01 003d 01 01
   61 2016 240 17 17 48 751 0    1888.55802887       0.00000000  0  0 f8 f0 08 04 01 003d 01 01
   61 2016 240 17 17 49 751 0    1894.83313470       0.00000000  0  0 f8 f0 08 04 01 003d 01 01
   62 2016 240 17 17 50 751 0    1901.11528566       0.00000000  0  0 f8 f0 08 04 01 003e 01 01
   62 2016 240 17 17 51 751 0    1907.40163371       0.00000000  0  0 f8 f0 08 04 01 003e 01 01
   62 2016 240 17 17 52 751 0    1913.69157927       0.00000000  0  0 f8 f0 08 04 01 003e 01 01
   62 2016 240 17 17 53 751 0    1919.98707099       0.00000000  0  0 f8 f0 08 04 01 003e 01 01
   62 2016 240 17 17 54 751 0    1926.28840867       0.00000000  0  0 f8 f0 08 04 01 003e 01 01
   62 2016 240 17 17 55 751 0    1932.59454302       0.00000000  0  0 f8 f0 08 04 01 003e 01 01
   62 2016 240 17 17 56 751 0    1938.90337551       0.00000000  0  0 f8 f0 08 04 01 003e 01 01
   62 2016 240 17 17 57 751 0    1945.21760426       0.00000000  0  0 f8 f0 08 04 01 003e 01 01
   62 2016 240 17 17 58 751 0    1951.53662969       0.00000000  0  0 f8 f0 08 04 01 003e 01 01
   62 2016 240 17 17 59 751 0    1957.86060169       0.00000000  0  0 f8 f0 08 04 01 003e 01 01
   63 2016 240 17 18 00 751 0    1964.18772152       0.00000000  0  0 f8 f0 08 04 01 003f 01 01
   63 2016 240 17 18 01 751 0    1970.51993782       0.00000000  0  0 f8 f0 08 04 01 003f 01 01
   63 2016 240 17 18 02 751 0    1976.85725059       0.00000000  0  0 f8 f0 08 04 01 003f 01 01
   63 2016 240 17 18 03 751 0    1983.19771118       0.00000000  0  0 f8 f0 08 04 01 003f 01 01
   63 2016 240 17 18 04 751 0    1989.54296845       0.00000000  0  0 f8 f0 08 04 01 003f 01 01
   63 2016 240 17 18 05 751 0    1995.89212302       0.00000000  0  0 f8 f0 08 04 01 003f 01 01
   63 2016 240 17 18 06 751 0    2002.24562458       0.00000000  0  0 f8 f0 08 04 01 003f 01 01
   63 2016 240 17 18 07 751 0    2008.60302345       0.00000000  0  0 f8 f0 08 04 01 003f 01 01
   63 2016 240 17 18 08 751 0    2014.96446951       0.00000000  0  0 f8 f0 08 04 01 003f 01 01
   63 2016 240 17 18 09 751 0    2021.33071225       0.00000000  0  0 f8 f0 08 04 01 003f 01 01
   64 2016 240 17 18 10 751 0    2027.70025271       0.00000000  0  0 f8 f0 08 04 01 0040 01 01
   64 2016 240 17 18 11 751 0    2034.07324078       0.00000000  0  0 f8 f0 08 04 01 0040 01 01
   64 2016 240 17 18 12 751 0    2040.45042595       0.00000000  0  0 f8 f0 08 04 01 0040 01 01
   64 2016 240 17 18 13 751 0    2046.83210800       0.00000000  0  0 f8 f0 08 04 01 0040 01 01
   64 2016 240 17 18 14 751 0    2053.21663808       0.00000000  0  0 f8 f0 08 04 01 0040 01 01
   64 2016 240 17 18 15 751 0    2059.60521536       0.00000000  0  0 f8 f0 08 04 01 0040 01 01
   64 2016 240 17 18 16 751 0    2065.99709036       0.00000000  0  0 f8 f0 08 04 01 0040 01 01
   64 2016 240 17 18 17 751 0    2072.39376204       0.00000000  0  0 f8 f0 08 04 01 0040 01 01
   64 2016 240 17 18 18 751 0    2078.79373143       0.00000000  0  0 f8 f0 08 04 01 0040 01 01
   64 2016 240 17 18 19 751 0    2085.19684864       0.00000000  0  0 f8 f0 08 04 01 0040 01 01
   65 2016 240 17 18 20 751 0    2091.60356337       0.00000000  0  0 f8 f0 08 04 01 0041 01 01
   65 2016 240 17 18 21 751 0    2098.01372571       0.00000000  0  0 f8 f0 08 04 01 0041 01 01
   65 2016 240 17 18 22 751 0    2104.42733566       0.00000000  0  0 f8 f0 08 04 01 0041 01 01
   65 2016 240 17 18 23 751 0    2110.84514270       0.00000000  0  0 f8 f0 08 04 01 0041 01 01
   65 2016 240 17 18 24 751 0    2117.26534808       0.00000000  0  0 f8 f0 08 04 01 0041 01 01
   65 2016 240 17 18 25 751 0    2123.68960067       0.00000000  0  0 f8 f0 08 04 01 0041 01 01
   65 2016 240 17 18 26 751 0    2130.11730086       0.00000000  0  0 f8 f0 08 04 01 0041 01 01
   65 2016 240 17 18 27 751 0    2136.54679981       0.00000000  0  0 f8 f0 08 04 01 0041 01 01
   65 2016 240 17 18 28 751 0    2142.97974638       0.00000000  0  0 f8 f0 08 04 01 0041 01 01
   65 2016 240 17 18 29 751 0    2149.41778941       0.00000000  0  0 f8 f0 08 04 01 0041 01 01
   66 2016 240 17 18 30 751 0    2155.85883037       0.00000000  0  0 f8 f0 08 04 01 0042 01 01
   66 2016 240 17 18 31 751 0    2162.30256946       0.00000000  0  0 f8 f0 08 04 01 0042 01 01
   66 2016 240 17 18 32 751 0    2168.74825721       0.00000000  0  0 f8 f0 08 04 01 0042 01 01
   66 2016 240 17 18 33 751 0    2175.19709277       0.00000000  0  0 f8 f0 08 04 01 0042 01 01
   66 2016 240 17 18 34 751 0    2181.64952585       0.00000000  0  0 f8 f0 08 04 01 0042 01 01
   66 2016 240 17 18 35 751 0    2188.10495684       0.00000000  0  0 f8 f0 08 04 01 0042 01 01
   66 2016 240 17 18 36 751 0    2194.56428514       0.00000000  0  0 f8 f0 08 04 01 0042 01 01
   66 2016 240 17 18 37 751 0    2201.02556209       0.00000000  0  0 f8 f0 08 04 01 0042 01 01
   66 2016 240 17 18 38 751 0    2207.48953718       0.00000000  0  0 f8 f0 08 04 01 0042 01 01
   66 2016 240 17 18 39 751 0    2213.95651019       0.00000000  0  0 f8 f0 08 04 01 0042 01 01
   67 2016 240 17 18 40 751 0    2220.42618133       0.00000000  0  0 f8 f0 08 04 01 0043 01 01
   67 2016 240 17 18 41 751 0    2226.89930008       0.00000000  0  0 f8 f0 08 04 01 0043 01 01
   67 2016 240 17 18 42 751 0    2233.37466728       0.00000000  0  0 f8 f0 08 04 01 0043 01 01
   67 2016 240 17 18 43 751 0    2239.85318229       0.00000000  0  0 f8 f0 08 04 01 0043 01 01
   67 2016 240 17 18 44 751 0    2246.33364596       0.00000000  0  0 f8 f0 08 04 01 0043 01 01
   67 2016 240 17 18 45 751 0    2252.81815683       0.00000000  0  0 f8 f0 08 04 01 0043 01 01
   67 2016 240 17 18 46 751 0    2259.30386686       0.00000000  0  0 f8 f0 08 04 01 0043 01 01
   67 2016 240 17 18 47 751 0    2265.79287462       0.00000000  0  0 f8 f0 08 04 01 0043 01 01
   67 2016 240 17 18 48 751 0    2272.28443061       0.00000000  0  0 f8 f0 08 04 01 0043 01 01
   67 2016 240 17 18 49 751 0    2278.77793525       0.00000000  0  0 f8 f0 08 04 01 0043 01 01
   68 2016 240 17 18 50 751 0    2285.27428792       0.00000000  0  0 f8 f0 08 04 01 0044 01 01
   68 2016 240 17 18 51 751 0    2291.77363851       0.00000000  0  0 f8 f0 08 04 01 0044 01 01
   68 2016 240 17 18 52 751 0    2298.27553734       0.00000000  0  0 f8 f0 08 04 01 0044 01 01
   68 2016 240 17 18 53 751 0    2304.77953471       0.00000000  0  0 f8 f0 08 04 01 0044 01 01
   68 2016 240 17 18 54 751 0    2311.28667991       0.00000000  0  0 f8 f0 08 04 01 0044 01 01
   68 2016 240 17 18 55 751 0    2317.79517417       0.00000000  0  0 f8 f0 08 04 01 0044 01 01
   68 2016 240 17 18 56 751 0    2324.30576698       0.00000000  0  0 f8 f0 08 04 01 0044 01 01
   68 2016 240 17 18 57 751 0    2330.81875813       0.00000000  0  0 f8 f0 08 04 01 0044 01 01
   68 2016 240 17 18 58 751 0    2337.33534679       0.00000000  0  0 f8 f0 08 04 01 0044 01 01
   68 2016 240 17 18 59 751 0    2343.85313462       0.00000000  0  0 f8 f0 08 04 01 0044 01 01
   69 2016 240 17 19 00 751 0    2350.37362059       0.00000000  0  0 f8 f0 08 04 01 0045 01 01
   69 2016 240 17 19 01 751 0    2356.89575541       0.00000000  0  0 f8 f0 08 04 01 0045 01 01
   69 2016 240 17 19 02 751 0    2363.42028857       0.00000000  0  0 f8 f0 08 04 01 0045 01 01
   69 2016 240 17 19 03 751 0    2369.94751986       0.00000000  0  0 f8 f0 08 04 01 0045 01 01
   69 2016 240 17 19 04 751 0    2376.47684970       0.00000000  0  0 f8 f0 08 04 01 0045 01 01
   69 2016 240 17 19 05 751 0    2383.00857787       0.00000000  0  0 f8 f0 08 04 01 0045 01 01
   69 2016 240 17 19 06 751 0    2389.54075574       0.00000000  0  0 f8 f0 08 04 01 0045 01 01
   69 2016 240 17 19 07 751 0    2396.07623133       0.00000000  0  0 f8 f0 08 04 01 0045 01 01
   69 2016 240 17 19 08 751 0    2402.61380546       0.00000000  0  0 f8 f0 08 04 01 0045 01 01
   69 2016 240 17 19 09 751 0    2409.15377793       0.00000000  0  0 f8 f0 08 04 01 0045 01 01
   70 2016 240 17 19 10 751 0    2415.69524936       0.00000000  0  0 f8 f0 08 04 01 0046 01 01
   70 2016 240 17 19 11 751 0    2422.23911914       0.00000000  0  0 f8 f0 08 04 01 0046 01 01
   70 2016 240 17 19 12 751 0    2428.78343860       0.00000000  0  0 f8 f0 08 04 01 0046 01 01
   70 2016 240 17 19 13 751 0    2435.33090588       0.00000000  0  0 f8 f0 08 04 01 0046 01 01
   70 2016 240 17 19 14 751 0    2441.88092140       0.00000000  0  0 f8 f0 08 04 01 0046 01 01
   70 2016 240 17 19 15 751 0    2448.43273567       0.00000000  0  0 f8 f0 08 04 01 0046 01 01
   70 2016 240 17 19 16 751 0    2454.98529943       0.00000000  0  0 f8 f0 08 04 01 0046 01 01
   70 2016 240 17 19 17 751 0    2461.53981183       0.00000000  0  0 f8 f0 08 04 01 0046 01 01
   70 2016 240 17 19 18 751 0    2468.09597310       0.00000000  0  0 f8 f0 08 04 01 0046 01 01
   70 2016 240 17 19 19 751 0    2474.65393312       0.00000000  0  0 f8 f0 08 04 01 0046 01 01
   71 2016 240 17 19 20 751 0    2481.21429147       0.00000000  0  0 f8 f0 08 04 01 0047 01 01
   71 2016 240 17 19 21 751 0    2487.77584900       0.00000000  0  0 f8 f0 08 04 01 0047 01 01
   71 2016 240 17 19 22 751 0    2494.34055435       0.00000000  0  0 f8 f0 08 04 01 0047 01 01
   71 2016 240 17 19 23 751 0    2500.90630897       0.00000000  0  0 f8 f0 08 04 01 0047 01 01
   71 2016 240 17 19 24 751 0    2507.47431204       0.00000000  0  0 f8 f0 08 04 01 0047 01 01
   71 2016 240 17 19 25 751 0    2514.04306459       0.00000000  0  0 f8 f0 08 04 01 0047 01 01
   71 2016 240 17 19 26 751 0    2520.61346599       0.00000000  0  0 f8 f0 08 04 01 0047 01 01
   71 2016 240 17 19 27 751 0    2527.18506657       0.00000000  0  0 f8 f0 08 04 01 0047 01 01
   71 2016 240 17 19 28 751 0    2533.75741663       0.00000000  0  0 f8 f0 08 04 01 0047 01 01
   71 2016 240 17 19 29 751 0    2540.33306440       0.00000000  0  0 f8 f0 08 04 01 0047 01 01
   72 2016 240 17 19 30 751 0    2546.91081072       0.00000000  0  0 f8 f0 08 04 01 0048 01 01
   72 2016 240 17 19 31 751 0    2553.48975621       0.00000000  0  0 f8 f0 08 04 01 0048 01 01
   72 2016 240 17 19 32 751 0    2560.07035056       0.00000000  0  0 f8 f0 08 04 01 0048 01 01
   72 2016 240 17 19 33 751 0    2566.65244387       0.00000000  0  0 f8 f0 08 04 01 0048 01 01
   72 2016 240 17 19 34 751 0    2573.23423739       0.00000000  0  0 f8 f0 08 04 01 0048 01 01
   72 2016 240 17 19 35 751 0    2579.81962842       0.00000000  0  0 f8 f0 08 04 01 0048 01 01
   72 2016 240 17 19 36 751 0    2586.40441986       0.00000000  0  0 f8 f0 08 04 01 0048 01 01
   72 2016 240 17 19 37 751 0    2592.99220923       0.00000000  0  0 f8 f0 08 04 01 0048 01 01
   72 2016 240 17 19 38 751 0    2599.58194725       0.00000000  0  0 f8 f0 08 04 01 0048 01 01
   72 2016 240 17 19 39 751 0    2606.17153537       0.00000000  0  0 f8 f0 08 04 01 0048 01 01
   73 2016 240 17 19 40 751 0    2612.76232267       0.00000000  0  0 f8 f0 08 04 01 0049 01 01
   73 2016 240 17 19 41 751 0    2619.35715716       0.00000000  0  0 f8 f0 08 04 01 0049 01 01
   73 2016 240 17 19 42 751 0    2625.95124217       0.00000000  0  0 f8 f0 08 04 01 0049 01 01
   73 2016 240 17 19 43 751 0    2632.54652635       0.00000000  0  0 f8 f0 08 04 01 0049 01 01
   73 2016 240 17 19 44 751 0    2639.14405897       0.00000000  0  0 f8 f0 08 04 01 0049 01 01
   73 2016 240 17 19 45 751 0    2645.74324045       0.00000000  0  0 f8 f0 08 04 01 0049 01 01
   73 2016 240 17 19 46 751 0    2652.34227204       0.00000000  0  0 f8 f0 08 04 01 0049 01 01
   73 2016 240 17 19 47 751 0    2658.94295248       0.00000000  0  0 f8 f0 08 04 01 0049 01 01
   73 2016 240 17 19 48 751 0    2665.54378282       0.00000000  0  0 f8 f0 08 04 01 0049 01 01
   73 2016 240 17 19 49 751 0    2672.14836057       0.00000000  0  0 f8 f0 08 04 01 0049 01 01
   74 2016 240 17 19 50 751 0    2678.75353790       0.00000000  0  0 f8 f0 08 04 01 004a 01 01
   74 2016 240 17 19 51 751 0    2685.35931481       0.00000000  0  0 f8 f0 08 04 01 004a 01 01
   74 2016 240 17 19 52 751 0    2691.96569132       0.00000000  0  0 f8 f0 08 04 01 004a 01 01
   74 2016 240 17 19 53 751 0    2698.57521564       0.00000000  0  0 f8 f0 08 04 01 004a 01 01
   74 2016 240 17 19 54 751 0    2705.18473996       0.00000000  0  0 f8 f0 08 04 01 004a 01 01
   74 2016 240 17 19 55 751 0    2711.79546345       0.00000000  0  0 f8 f0 08 04 01 004a 01 01
   74 2016 240 17 19 56 751 0    2718.40663663       0.00000000  0  0 f8 f0 08 04 01 004a 01 01
   74 2016 240 17 19 57 751 0    2725.01885908       0.00000000  0  0 f8 f0 08 04 01 004a 01 01
   74 2016 240 17 19 58 751 0    2731.63303019       0.00000000  0  0 f8 f0 08 04 01 004a 01 01
   74 2016 240 17 19 59 751 0    2738.24765098       0.00000000  0  0 f8 f0 08 04 01 004a 01 01
   75 2016 240 17 20 00 751 0    2744.86347094       0.00000000  0  0 f8 f0 08 04 01 004b 01 01
   75 2016 240 17 20 01 751 0    2751.48049008       0.00000000  0  0 f8 f0 08 04 01 004b 01 01
   75 2016 240 17 20 02 751 0    2758.09885828       0.00000000  0  0 f8 f0 08 04 01 004b 01 01
   75 2016 240 17 20 03 751 0    2764.71932502       0.00000000  0  0 f8 f0 08 04 01 004b 01 01
   75 2016 240 17 20 04 751 0    2771.33904229       0.00000000  0  0 f8 f0 08 04 01 004b 01 01
   75 2016 240 17 20 05 751 0    2777.96115789       0.00000000  0  0 f8 f0 08 04 01 004b 01 01
   75 2016 240 17 20 06 751 0    2784.58327350       0.00000000  0  0 f8 f0 08 04 01 004b 01 01
   75 2016 240 17 20 07 751 0    2791.20523921       0.00000000  0  0 f8 f0 08 04 01 004b 01 01
   75 2016 240 17 20 08 751 0    2797.82735481       0.00000000  0  0 f8 f0 08 04 01 004b 01 01
   75 2016 240 17 20 09 751 0    2804.45186876       0.00000000  0  0 f8 f0 08 04 01 004b 01 01
   76 2016 240 17 20 10 751 0    2811.07893094       0.00000000  0  0 f8 f0 08 04 01 004c 01 01
   76 2016 240 17 20 11 751 0    2817.70674260       0.00000000  0  0 f8 f0 08 04 01 004c 01 01
   76 2016 240 17 20 12 751 0    2824.33425447       0.00000000  0  0 f8 f0 08 04 01 004c 01 01
   76 2016 240 17 20 13 751 0    2830.96251582       0.00000000  0  0 f8 f0 08 04 01 004c 01 01
   76 2016 240 17 20 14 751 0    2837.59152665       0.00000000  0  0 f8 f0 08 04 01 004c 01 01
   76 2016 240 17 20 15 751 0    2844.22248613       0.00000000  0  0 f8 f0 08 04 01 004c 01 01
   76 2016 240 17 20 16 751 0    2850.85494457       0.00000000  0  0 f8 f0 08 04 01 004c 01 01
   76 2016 240 17 20 17 751 0    2857.48755292       0.00000000  0  0 f8 f0 08 04 01 004c 01 01
   76 2016 240 17 20 18 751 0    2864.11926188       0.00000000  0  0 f8 f0 08 04 01 004c 01 01
   76 2016 240 17 20 19 751 0    2870.75306939       0.00000000  0  0 f8 f0 08 04 01 004c 01 01
   77 2016 240 17 20 20 751 0    2877.38717669       0.00000000  0  0 f8 f0 08 04 01 004d 01 01
   77 2016 240 17 20 21 751 0    2884.02083431       0.00000000  0  0 f8 f0 08 04 01 004d 01 01
   77 2016 240 17 20 22 751 0    2890.65704016       0.00000000  0  0 f8 f0 08 04 01 004d 01 01
   77 2016 240 17 20 23 751 0    2897.29324601       0.00000000  0  0 f8 f0 08 04 01 004d 01 01
   77 2016 240 17 20 24 751 0    2903.93155040       0.00000000  0  0 f8 f0 08 04 01 004d 01 01
   77 2016 240 17 20 25 751 0    2910.56910532       0.00000000  0  0 f8 f0 08 04 01 004d 01 01
   77 2016 240 17 20 26 751 0    2917.20935837       0.00000000  0  0 f8 f0 08 04 01 004d 01 01
   77 2016 240 17 20 27 751 0    2923.84811246       0.00000000  0  0 f8 f0 08 04 01 004d 01 01
   77 2016 240 17 20 28 751 0    2930.48836550       0.00000000  0  0 f8 f0 08 04 01 004d 01 01
   77 2016 240 17 20 29 751 0    2937.12846866       0.00000000  0  0 f8 f0 08 04 01 004d 01 01
   78 2016 240 17 20 30 751 0    2943.77082025       0.00000000  0  0 f8 f0 08 04 01 004e 01 01
   78 2016 240 17 20 31 751 0    2950.41302195       0.00000000  0  0 f8 f0 08 04 01 004e 01 01
   78 2016 240 17 20 32 751 0    2957.05672261       0.00000000  0  0 f8 f0 08 04 01 004e 01 01
   78 2016 240 17 20 33 751 0    2963.69952390       0.00000000  0  0 f8 f0 08 04 01 004e 01 01
   78 2016 240 17 20 34 751 0    2970.34337446       0.00000000  0  0 f8 f0 08 04 01 004e 01 01
   78 2016 240 17 20 35 751 0    2976.98752481       0.00000000  0  0 f8 f0 08 04 01 004e 01 01
   78 2016 240 17 20 36 751 0    2983.63287433       0.00000000  0  0 f8 f0 08 04 01 004e 01 01
   78 2016 240 17 20 37 751 0    2990.27867354       0.00000000  0  0 f8 f0 08 04 01 004e 01 01
   78 2016 240 17 20 38 751 0    2996.92492243       0.00000000  0  0 f8 f0 08 04 01 004e 01 01
   78 2016 240 17 20 39 751 0    3003.57117133       0.00000000  0  0 f8 f0 08 04 01 004e 01 01
   79 2016 240 17 20 40 751 0    3010.21951878       0.00000000  0  0 f8 f0 08 04 01 004f 01 01
   79 2016 240 17 20 41 751 0    3016.87116394       0.00000000  0  0 f8 f0 08 04 01 004f 01 01
   79 2016 240 17 20 42 751 0    3023.51801242       0.00000000  0  0 f8 f0 08 04 01 004f 01 01
   79 2016 240 17 20 43 751 0    3030.16665966       0.00000000  0  0 f8 f0 08 04 01 004f 01 01
   79 2016 240 17 20 44 751 0    3036.81755534       0.00000000  0  0 f8 f0 08 04 01 004f 01 01
   79 2016 240 17 20 45 751 0    3043.46650237       0.00000000  0  0 f8 f0 08 04 01 004f 01 01
   79 2016 240 17 20 46 751 0    3050.12024608       0.00000000  0  0 f8 f0 08 04 01 004f 01 01
   79 2016 240 17 20 47 751 0    3056.76949290       0.00000000  0  0 f8 f0 08 04 01 004f 01 01
   79 2016 240 17 20 48 751 0    3063.42038858       0.00000000  0  0 f8 f0 08 04 01 004f 01 01
   79 2016 240 17 20 49 751 0    3070.07143416       0.00000000  0  0 f8 f0 08 04 01 004f 01 01
   80 2016 240 17 20 50 751 0    3076.72592735       0.00000000  0  0 f8 f0 08 04 01 0050 01 01
   80 2016 240 17 20 51 751 0    3083.37847189       0.00000000  0  0 f8 f0 08 04 01 0050 01 01
   80 2016 240 17 20 52 751 0    3090.03266528       0.00000000  0  0 f8 f0 08 04 01 0050 01 01
   80 2016 240 17 20 53 751 0    3096.68580941       0.00000000  0  0 f8 f0 08 04 01 0050 01 01
   80 2016 240 17 20 54 751 0    3103.34045249       0.00000000  0  0 f8 f0 08 04 01 0050 01 01
   80 2016 240 17 20 55 751 0    3109.99254735       0.00000000  0  0 f8 f0 08 04 01 0050 01 01
   80 2016 240 17 20 56 751 0    3116.64779002       0.00000000  0  0 f8 f0 08 04 01 0050 01 01
   80 2016 240 17 20 57 751 0    3123.30707989       0.00000000  0  0 f8 f0 08 04 01 0050 01 01
   80 2016 240 17 20 58 751 0    3129.96532048       0.00000000  0  0 f8 f0 08 04 01 0050 01 01
   80 2016 240 17 20 59 751 0    3136.62206212       0.00000000  0  0 f8 f0 08 04 01 0050 01 01
   81 2016 240 17 21 00 751 0    3143.27445676       0.00000000  0  0 f8 f0 08 04 01 0051 01 01
   81 2016 240 17 21 01 751 0    3149.93179798       0.00000000  0  0 f8 f0 08 04 01 0051 01 01
   81 2016 240 17 21 02 751 0    3156.59273671       0.00000000  0  0 f8 f0 08 04 01 0051 01 01
   81 2016 240 17 21 03 751 0    3163.24947834       0.00000000  0  0 f8 f0 08 04 01 0051 01 01
   81 2016 240 17 21 04 751 0    3169.90621997       0.00000000  0  0 f8 f0 08 04 01 0051 01 01
   81 2016 240 17 21 05 751 0    3176.56461046       0.00000000  0  0 f8 f0 08 04 01 0051 01 01
   81 2016 240 17 21 06 751 0    3183.22255127       0.00000000  0  0 f8 f0 08 04 01 0051 01 01
   81 2016 240 17 21 07 751 0    3189.87989249       0.00000000  0  0 f8 f0 08 04 01 0051 01 01
   81 2016 240 17 21 08 751 0    3196.54098111       0.00000000  0  0 f8 f0 08 04 01 0051 01 01
   81 2016 240 17 21 09 751 0    3203.20147015       0.00000000  0  0 f8 f0 08 04 01 0051 01 01
   82 2016 240 17 21 10 751 0    3209.85956085       0.00000000  0  0 f8 f0 08 04 01 0052 01 01
   82 2016 240 17 21 11 751 0    3216.52229833       0.00000000  0  0 f8 f0 08 04 01 0052 01 01
   82 2016 240 17 21 12 751 0    3223.18578530       0.00000000  0  0 f8 f0 08 04 01 0052 01 01
   82 2016 240 17 21 13 751 0    3229.84267683       0.00000000  0  0 f8 f0 08 04 01 0052 01 01
   82 2016 240 17 21 14 751 0    3236.50211659       0.00000000  0  0 f8 f0 08 04 01 0052 01 01
   82 2016 240 17 21 15 751 0    3243.16305532       0.00000000  0  0 f8 f0 08 04 01 0052 01 01
   82 2016 240 17 21 16 751 0    3249.82519322       0.00000000  0  0 f8 f0 08 04 01 0052 01 01
   82 2016 240 17 21 17 751 0    3256.48298413       0.00000000  0  0 f8 f0 08 04 01 0052 01 01
   82 2016 240 17 21 18 751 0    3263.14811995       0.00000000  0  0 f8 f0 08 04 01 0052 01 01
   82 2016 240 17 21 19 751 0    3269.80681023       0.00000000  0  0 f8 f0 08 04 01 0052 01 01
