 BkNo Year Day hh mm ss mss ns RangeRate(km/s)                  Tv DvTSnRSnDTpSTpSId BkCtSRtInTim
    1 2016 248 16 38 56 800 0      -5.41118365       0.00000000  0  0 f8 f0 0a 04 08 0001 01 01
    2 2016 248 16 38 59 000 0      -5.41129037       0.00000000  0  0 f8 f0 0a 04 08 0002 01 01
    2 2016 248 16 39 00 000 0      -5.41187690       0.00000000  0  0 f8 f0 0a 04 08 0002 01 01
    2 2016 248 16 39 01 000 0      -5.41218869       0.00000000  0  0 f8 f0 0a 04 08 0002 01 01
    2 2016 248 16 39 02 000 0      -5.41171715       0.00000000  0  0 f8 f0 0a 04 08 0002 01 01
    2 2016 248 16 39 03 000 0      -5.41130490       0.00000000  0  0 f8 f0 0a 04 08 0002 01 01
    2 2016 248 16 39 04 000 0      -5.41145906       0.00000000  0  0 f8 f0 0a 04 08 0002 01 01
    2 2016 248 16 39 05 000 0      -5.41079805       0.00000000  0  0 f8 f0 0a 04 08 0002 01 01
    2 2016 248 16 39 06 000 0      -5.41120190       0.00000000  0  0 f8 f0 0a 04 08 0002 01 01
    2 2016 248 16 39 07 000 0      -5.41164426       0.00000000  0  0 f8 f0 0a 04 08 0002 01 01
    2 2016 248 16 39 08 000 0      -5.41140230       0.00000000  0  0 f8 f0 0a 04 08 0002 01 01
    3 2016 248 16 39 09 000 0      -5.41090571       0.00000000  0  0 f8 f0 0a 04 08 0003 01 01
    3 2016 248 16 39 10 000 0      -5.41190555       0.00000000  0  0 f8 f0 0a 04 08 0003 01 01
    3 2016 248 16 39 11 000 0      -5.41095834       0.00000000  0  0 f8 f0 0a 04 08 0003 01 01
    3 2016 248 16 39 12 000 0      -5.41112542       0.00000000  0  0 f8 f0 0a 04 08 0003 01 01
    3 2016 248 16 39 13 000 0      -5.41190968       0.00000000  0  0 f8 f0 0a 04 08 0003 01 01
    3 2016 248 16 39 14 000 0      -5.41105414       0.00000000  0  0 f8 f0 0a 04 08 0003 01 01
    3 2016 248 16 39 15 000 0      -5.41155219       0.00000000  0  0 f8 f0 0a 04 08 0003 01 01
    3 2016 248 16 39 16 000 0      -5.41175259       0.00000000  0  0 f8 f0 0a 04 08 0003 01 01
    3 2016 248 16 39 17 000 0      -5.41143148       0.00000000  0  0 f8 f0 0a 04 08 0003 01 01
    3 2016 248 16 39 18 000 0      -5.41047427       0.00000000  0  0 f8 f0 0a 04 08 0003 01 01
    4 2016 248 16 39 19 000 0      -5.41143507       0.00000000  0  0 f8 f0 0a 04 08 0004 01 01
    4 2016 248 16 39 20 000 0      -5.41174579       0.00000000  0  0 f8 f0 0a 04 08 0004 01 01
    4 2016 248 16 39 21 000 0      -5.41161362       0.00000000  0  0 f8 f0 0a 04 08 0004 01 01
    4 2016 248 16 39 22 000 0      -5.41063096       0.00000000  0  0 f8 f0 0a 04 08 0004 01 01
    4 2016 248 16 39 23 000 0      -5.41205025       0.00000000  0  0 f8 f0 0a 04 08 0004 01 01
    4 2016 248 16 39 24 000 0      -5.41148038       0.00000000  0  0 f8 f0 0a 04 08 0004 01 01
    4 2016 248 16 39 25 000 0      -5.41162401       0.00000000  0  0 f8 f0 0a 04 08 0004 01 01
    4 2016 248 16 39 26 000 0      -5.41148557       0.00000000  0  0 f8 f0 0a 04 08 0004 01 01
    4 2016 248 16 39 27 000 0      -5.41225531       0.00000000  0  0 f8 f0 0a 04 08 0004 01 01
    4 2016 248 16 39 28 000 0      -5.41147052       0.00000000  0  0 f8 f0 0a 04 08 0004 01 01
    5 2016 248 16 39 29 000 0      -5.41162508       0.00000000  0  0 f8 f0 0a 04 08 0005 01 01
    5 2016 248 16 39 30 000 0      -5.41158391       0.00000000  0  0 f8 f0 0a 04 08 0005 01 01
    5 2016 248 16 39 31 000 0      -5.41077620       0.00000000  0  0 f8 f0 0a 04 08 0005 01 01
    5 2016 248 16 39 32 000 0      -5.41162508       0.00000000  0  0 f8 f0 0a 04 08 0005 01 01
    5 2016 248 16 39 33 000 0      -5.41099938       0.00000000  0  0 f8 f0 0a 04 08 0005 01 01
    5 2016 248 16 39 34 000 0      -5.41146479       0.00000000  0  0 f8 f0 0a 04 08 0005 01 01
    5 2016 248 16 39 35 000 0      -5.41127066       0.00000000  0  0 f8 f0 0a 04 08 0005 01 01
    5 2016 248 16 39 36 000 0      -5.41176245       0.00000000  0  0 f8 f0 0a 04 08 0005 01 01
    5 2016 248 16 39 37 000 0      -5.41143507       0.00000000  0  0 f8 f0 0a 04 08 0005 01 01
    5 2016 248 16 39 38 000 0      -5.41144907       0.00000000  0  0 f8 f0 0a 04 08 0005 01 01
    6 2016 248 16 39 39 000 0      -5.41085468       0.00000000  0  0 f8 f0 0a 04 08 0006 01 01
    6 2016 248 16 39 40 000 0      -5.41161828       0.00000000  0  0 f8 f0 0a 04 08 0006 01 01
    6 2016 248 16 39 41 000 0      -5.41146732       0.00000000  0  0 f8 f0 0a 04 08 0006 01 01
    6 2016 248 16 39 42 000 0      -5.41144493       0.00000000  0  0 f8 f0 0a 04 08 0006 01 01
    6 2016 248 16 39 43 000 0      -5.41069385       0.00000000  0  0 f8 f0 0a 04 08 0006 01 01
    6 2016 248 16 39 44 000 0      -5.41120297       0.00000000  0  0 f8 f0 0a 04 08 0006 01 01
    6 2016 248 16 39 45 000 0      -5.41135233       0.00000000  0  0 f8 f0 0a 04 08 0006 01 01
    6 2016 248 16 39 46 000 0      -5.41142148       0.00000000  0  0 f8 f0 0a 04 08 0006 01 01
    6 2016 248 16 39 47 000 0      -5.41101816       0.00000000  0  0 f8 f0 0a 04 08 0006 01 01
    6 2016 248 16 39 48 000 0      -5.41062990       0.00000000  0  0 f8 f0 0a 04 08 0006 01 01
    7 2016 248 16 39 49 000 0      -5.41070172       0.00000000  0  0 f8 f0 0a 04 08 0007 01 01
    7 2016 248 16 39 50 000 0      -5.41120190       0.00000000  0  0 f8 f0 0a 04 08 0007 01 01
    7 2016 248 16 39 51 000 0      -5.41084948       0.00000000  0  0 f8 f0 0a 04 08 0007 01 01
    7 2016 248 16 39 52 000 0      -5.41133674       0.00000000  0  0 f8 f0 0a 04 08 0007 01 01
    7 2016 248 16 39 53 000 0      -5.41167504       0.00000000  0  0 f8 f0 0a 04 08 0007 01 01
    7 2016 248 16 39 54 000 0      -5.41114674       0.00000000  0  0 f8 f0 0a 04 08 0007 01 01
    7 2016 248 16 39 55 000 0      -5.41148397       0.00000000  0  0 f8 f0 0a 04 08 0007 01 01
    7 2016 248 16 39 56 000 0      -5.41113888       0.00000000  0  0 f8 f0 0a 04 08 0007 01 01
    7 2016 248 16 39 57 000 0      -5.41155939       0.00000000  0  0 f8 f0 0a 04 08 0007 01 01
    7 2016 248 16 39 58 000 0      -5.41132155       0.00000000  0  0 f8 f0 0a 04 08 0007 01 01
    8 2016 248 16 39 59 000 0      -5.41167078       0.00000000  0  0 f8 f0 0a 04 08 0008 01 01
    8 2016 248 16 40 00 000 0      -5.41191914       0.00000000  0  0 f8 f0 0a 04 08 0008 01 01
    8 2016 248 16 40 01 000 0      -5.41160842       0.00000000  0  0 f8 f0 0a 04 08 0008 01 01
    8 2016 248 16 40 02 000 0      -5.41132062       0.00000000  0  0 f8 f0 0a 04 08 0008 01 01
    8 2016 248 16 40 03 000 0      -5.41173327       0.00000000  0  0 f8 f0 0a 04 08 0008 01 01
    8 2016 248 16 40 04 000 0      -5.41204612       0.00000000  0  0 f8 f0 0a 04 08 0008 01 01
    8 2016 248 16 40 05 000 0      -5.41064549       0.00000000  0  0 f8 f0 0a 04 08 0008 01 01
    8 2016 248 16 40 06 000 0      -5.41087186       0.00000000  0  0 f8 f0 0a 04 08 0008 01 01
    8 2016 248 16 40 07 000 0      -5.41131276       0.00000000  0  0 f8 f0 0a 04 08 0008 01 01
    8 2016 248 16 40 08 000 0      -5.41127838       0.00000000  0  0 f8 f0 0a 04 08 0008 01 01
    9 2016 248 16 40 09 000 0      -5.41114981       0.00000000  0  0 f8 f0 0a 04 08 0009 01 01
    9 2016 248 16 40 10 000 0      -5.41133981       0.00000000  0  0 f8 f0 0a 04 08 0009 01 01
    9 2016 248 16 40 11 000 0      -5.41100777       0.00000000  0  0 f8 f0 0a 04 08 0009 01 01
    9 2016 248 16 40 12 000 0      -5.41095727       0.00000000  0  0 f8 f0 0a 04 08 0009 01 01
    9 2016 248 16 40 13 000 0      -5.41117485       0.00000000  0  0 f8 f0 0a 04 08 0009 01 01
    9 2016 248 16 40 14 000 0      -5.41136379       0.00000000  0  0 f8 f0 0a 04 08 0009 01 01
    9 2016 248 16 40 15 000 0      -5.41134554       0.00000000  0  0 f8 f0 0a 04 08 0009 01 01
    9 2016 248 16 40 16 000 0      -5.41112169       0.00000000  0  0 f8 f0 0a 04 08 0009 01 01
    9 2016 248 16 40 17 000 0      -5.41096353       0.00000000  0  0 f8 f0 0a 04 08 0009 01 01
    9 2016 248 16 40 18 000 0      -5.41082097       0.00000000  0  0 f8 f0 0a 04 08 0009 01 01
   10 2016 248 16 40 19 000 0      -5.41040192       0.00000000  0  0 f8 f0 0a 04 08 000a 01 01
   10 2016 248 16 40 20 000 0      -5.41151888       0.00000000  0  0 f8 f0 0a 04 08 000a 01 01
   10 2016 248 16 40 21 000 0      -5.41141269       0.00000000  0  0 f8 f0 0a 04 08 000a 01 01
   10 2016 248 16 40 22 000 0      -5.41138817       0.00000000  0  0 f8 f0 0a 04 08 000a 01 01
   10 2016 248 16 40 23 000 0      -5.41140749       0.00000000  0  0 f8 f0 0a 04 08 000a 01 01
   10 2016 248 16 40 24 000 0      -5.41110091       0.00000000  0  0 f8 f0 0a 04 08 000a 01 01
   10 2016 248 16 40 25 000 0      -5.41052637       0.00000000  0  0 f8 f0 0a 04 08 000a 01 01
   10 2016 248 16 40 26 000 0      -5.41179416       0.00000000  0  0 f8 f0 0a 04 08 000a 01 01
   10 2016 248 16 40 27 000 0      -5.41201068       0.00000000  0  0 f8 f0 0a 04 08 000a 01 01
   10 2016 248 16 40 28 000 0      -5.41162081       0.00000000  0  0 f8 f0 0a 04 08 000a 01 01
   11 2016 248 16 40 29 000 0      -5.41257695       0.00000000  0  0 f8 f0 0a 04 08 000b 01 01
   11 2016 248 16 40 30 000 0      -5.41070638       0.00000000  0  0 f8 f0 0a 04 08 000b 01 01
   11 2016 248 16 40 31 000 0      -5.41131276       0.00000000  0  0 f8 f0 0a 04 08 000b 01 01
   11 2016 248 16 40 32 000 0      -5.41074289       0.00000000  0  0 f8 f0 0a 04 08 000b 01 01
   11 2016 248 16 40 33 000 0      -5.41120190       0.00000000  0  0 f8 f0 0a 04 08 000b 01 01
   11 2016 248 16 40 34 000 0      -5.41120963       0.00000000  0  0 f8 f0 0a 04 08 000b 01 01
   11 2016 248 16 40 35 000 0      -5.41084428       0.00000000  0  0 f8 f0 0a 04 08 000b 01 01
   11 2016 248 16 40 36 000 0      -5.41105614       0.00000000  0  0 f8 f0 0a 04 08 000b 01 01
   11 2016 248 16 40 37 000 0      -5.41124507       0.00000000  0  0 f8 f0 0a 04 08 000b 01 01
   11 2016 248 16 40 38 000 0      -5.41145280       0.00000000  0  0 f8 f0 0a 04 08 000b 01 01
   12 2016 248 16 40 39 000 0      -5.41103069       0.00000000  0  0 f8 f0 0a 04 08 000c 01 01
   12 2016 248 16 40 40 000 0      -5.41141482       0.00000000  0  0 f8 f0 0a 04 08 000c 01 01
   12 2016 248 16 40 41 000 0      -5.41172234       0.00000000  0  0 f8 f0 0a 04 08 000c 01 01
   12 2016 248 16 40 42 000 0      -5.41115927       0.00000000  0  0 f8 f0 0a 04 08 000c 01 01
   12 2016 248 16 40 43 000 0      -5.41065535       0.00000000  0  0 f8 f0 0a 04 08 000c 01 01
   12 2016 248 16 40 44 000 0      -5.41012811       0.00000000  0  0 f8 f0 0a 04 08 000c 01 01
   12 2016 248 16 40 45 000 0      -5.41082763       0.00000000  0  0 f8 f0 0a 04 08 000c 01 01
   12 2016 248 16 40 46 000 0      -5.41106187       0.00000000  0  0 f8 f0 0a 04 08 000c 01 01
   12 2016 248 16 40 47 000 0      -5.41118938       0.00000000  0  0 f8 f0 0a 04 08 000c 01 01
   12 2016 248 16 40 48 000 0      -5.41095834       0.00000000  0  0 f8 f0 0a 04 08 000c 01 01
   13 2016 248 16 40 49 000 0      -5.41058620       0.00000000  0  0 f8 f0 0a 04 08 000d 01 01
   13 2016 248 16 40 50 000 0      -5.40982113       0.00000000  0  0 f8 f0 0a 04 08 000d 01 01
   13 2016 248 16 40 51 000 0      -5.40986017       0.00000000  0  0 f8 f0 0a 04 08 000d 01 01
   13 2016 248 16 40 52 000 0      -5.41072983       0.00000000  0  0 f8 f0 0a 04 08 000d 01 01
   13 2016 248 16 40 53 000 0      -5.41096140       0.00000000  0  0 f8 f0 0a 04 08 000d 01 01
   13 2016 248 16 40 54 000 0      -5.41100724       0.00000000  0  0 f8 f0 0a 04 08 000d 01 01
   13 2016 248 16 40 55 000 0      -5.41040352       0.00000000  0  0 f8 f0 0a 04 08 000d 01 01
   13 2016 248 16 40 56 000 0      -5.41061631       0.00000000  0  0 f8 f0 0a 04 08 000d 01 01
   13 2016 248 16 40 57 000 0      -5.41109211       0.00000000  0  0 f8 f0 0a 04 08 000d 01 01
   13 2016 248 16 40 58 000 0      -5.41070638       0.00000000  0  0 f8 f0 0a 04 08 000d 01 01
   14 2016 248 16 40 59 000 0      -5.41113995       0.00000000  0  0 f8 f0 0a 04 08 000e 01 01
   14 2016 248 16 41 00 000 0      -5.41058726       0.00000000  0  0 f8 f0 0a 04 08 000e 01 01
   14 2016 248 16 41 01 000 0      -5.41071944       0.00000000  0  0 f8 f0 0a 04 08 000e 01 01
   14 2016 248 16 41 02 000 0      -5.41094115       0.00000000  0  0 f8 f0 0a 04 08 000e 01 01
   15 2016 248 16 41 05 900 0      -6.71035558       0.00000000  0  0 f8 f0 0a 04 08 000f 01 01
   15 2016 248 16 41 06 900 0      -6.70903730       0.00000000  0  0 f8 f0 0a 04 08 000f 01 01
   15 2016 248 16 41 07 900 0      -6.70786304       0.00000000  0  0 f8 f0 0a 04 08 000f 01 01
   15 2016 248 16 41 08 900 0      -6.70662750       0.00000000  0  0 f8 f0 0a 04 08 000f 01 01
   15 2016 248 16 41 09 900 0      -6.70578955       0.00000000  0  0 f8 f0 0a 04 08 000f 01 01
   15 2016 248 16 41 10 900 0      -6.70421250       0.00000000  0  0 f8 f0 0a 04 08 000f 01 01
   15 2016 248 16 41 11 900 0      -6.70305704       0.00000000  0  0 f8 f0 0a 04 08 000f 01 01
   15 2016 248 16 41 12 900 0      -6.70147480       0.00000000  0  0 f8 f0 0a 04 08 000f 01 01
   15 2016 248 16 41 13 900 0      -6.70029175       0.00000000  0  0 f8 f0 0a 04 08 000f 01 01
   15 2016 248 16 41 14 900 0      -6.69903276       0.00000000  0  0 f8 f0 0a 04 08 000f 01 01
   16 2016 248 16 41 15 900 0      -6.69813444       0.00000000  0  0 f8 f0 0a 04 08 0010 01 01
   16 2016 248 16 41 16 900 0      -6.69664174       0.00000000  0  0 f8 f0 0a 04 08 0010 01 01
   16 2016 248 16 41 17 900 0      -6.69517969       0.00000000  0  0 f8 f0 0a 04 08 0010 01 01
   16 2016 248 16 41 18 900 0      -6.69365368       0.00000000  0  0 f8 f0 0a 04 08 0010 01 01
   16 2016 248 16 41 19 900 0      -6.69223120       0.00000000  0  0 f8 f0 0a 04 08 0010 01 01
   16 2016 248 16 41 20 900 0      -6.69082950       0.00000000  0  0 f8 f0 0a 04 08 0010 01 01
   16 2016 248 16 41 21 900 0      -6.68959342       0.00000000  0  0 f8 f0 0a 04 08 0010 01 01
   16 2016 248 16 41 22 900 0      -6.68817987       0.00000000  0  0 f8 f0 0a 04 08 0010 01 01
   16 2016 248 16 41 23 900 0      -6.68657938       0.00000000  0  0 f8 f0 0a 04 08 0010 01 01
   16 2016 248 16 41 24 900 0      -6.68513145       0.00000000  0  0 f8 f0 0a 04 08 0010 01 01
   17 2016 248 16 41 25 900 0      -6.68378971       0.00000000  0  0 f8 f0 0a 04 08 0011 01 01
   17 2016 248 16 41 26 900 0      -6.68217456       0.00000000  0  0 f8 f0 0a 04 08 0011 01 01
   17 2016 248 16 41 27 900 0      -6.68080524       0.00000000  0  0 f8 f0 0a 04 08 0011 01 01
   17 2016 248 16 41 28 900 0      -6.67919849       0.00000000  0  0 f8 f0 0a 04 08 0011 01 01
   17 2016 248 16 41 29 900 0      -6.67765009       0.00000000  0  0 f8 f0 0a 04 08 0011 01 01
   17 2016 248 16 41 30 900 0      -6.67611835       0.00000000  0  0 f8 f0 0a 04 08 0011 01 01
   17 2016 248 16 41 31 900 0      -6.67462259       0.00000000  0  0 f8 f0 0a 04 08 0011 01 01
   17 2016 248 16 41 32 900 0      -6.67307886       0.00000000  0  0 f8 f0 0a 04 08 0011 01 01
   17 2016 248 16 41 33 900 0      -6.67168555       0.00000000  0  0 f8 f0 0a 04 08 0011 01 01
   17 2016 248 16 41 34 900 0      -6.66986335       0.00000000  0  0 f8 f0 0a 04 08 0011 01 01
   18 2016 248 16 41 35 900 0      -6.66825566       0.00000000  0  0 f8 f0 0a 04 08 0012 01 01
   18 2016 248 16 41 36 900 0      -6.66639229       0.00000000  0  0 f8 f0 0a 04 08 0012 01 01
   18 2016 248 16 41 37 900 0      -6.66512237       0.00000000  0  0 f8 f0 0a 04 08 0012 01 01
   18 2016 248 16 41 38 900 0      -6.66302328       0.00000000  0  0 f8 f0 0a 04 08 0012 01 01
   18 2016 248 16 41 39 900 0      -6.66145037       0.00000000  0  0 f8 f0 0a 04 08 0012 01 01
   18 2016 248 16 41 40 900 0      -6.65957674       0.00000000  0  0 f8 f0 0a 04 08 0012 01 01
   18 2016 248 16 41 41 900 0      -6.65776959       0.00000000  0  0 f8 f0 0a 04 08 0012 01 01
   18 2016 248 16 41 42 900 0      -6.66160134       0.00000000  0  0 f8 f0 0a 04 08 0012 01 01
   18 2016 248 16 41 43 900 0      -6.62117466       0.00000000  0  0 f8 f0 0a 04 08 0012 01 01
   19 2016 248 16 41 53 100 0     -12.77552662       0.00000000  0  6 f8 f0 0a 04 08 0013 01 01
   19 2016 248 16 41 54 100 0     -12.77154911       0.00000000  0  6 f8 f0 0a 04 08 0013 01 01
   19 2016 248 16 41 55 100 0     -12.76753109       0.00000000  0  6 f8 f0 0a 04 08 0013 01 01
   19 2016 248 16 41 56 100 0     -12.76344325       0.00000000  0  6 f8 f0 0a 04 08 0013 01 01
   19 2016 248 16 41 57 100 0     -12.75931171       0.00000000  0  6 f8 f0 0a 04 08 0013 01 01
   19 2016 248 16 41 58 100 0     -12.75512301       0.00000000  0  6 f8 f0 0a 04 08 0013 01 01
   19 2016 248 16 41 59 100 0     -12.75088741       0.00000000  0  6 f8 f0 0a 04 08 0013 01 01
   19 2016 248 16 42 00 100 0     -12.74661330       0.00000000  0  6 f8 f0 0a 04 08 0013 01 01
   19 2016 248 16 42 01 100 0     -12.74233920       0.00000000  0  6 f8 f0 0a 04 08 0013 01 01
   19 2016 248 16 42 02 100 0     -12.73798488       0.00000000  0  6 f8 f0 0a 04 08 0013 01 01
   20 2016 248 16 42 03 100 0     -12.73357753       0.00000000  0  6 f8 f0 0a 04 08 0014 01 01
   20 2016 248 16 42 04 100 0     -12.72914726       0.00000000  0  6 f8 f0 0a 04 08 0014 01 01
   20 2016 248 16 42 05 100 0     -12.72467436       0.00000000  0  6 f8 f0 0a 04 08 0014 01 01
   20 2016 248 16 42 06 100 0     -12.72010552       0.00000000  0  6 f8 f0 0a 04 08 0014 01 01
   20 2016 248 16 42 07 100 0     -12.71552642       0.00000000  0  6 f8 f0 0a 04 08 0014 01 01
   20 2016 248 16 42 08 100 0     -12.71089217       0.00000000  0  6 f8 f0 0a 04 08 0014 01 01
   20 2016 248 16 42 09 100 0     -12.70625058       0.00000000  0  6 f8 f0 0a 04 08 0014 01 01
   20 2016 248 16 42 10 100 0     -12.70152372       0.00000000  0  6 f8 f0 0a 04 08 0014 01 01
   20 2016 248 16 42 11 100 0     -12.69675089       0.00000000  0  6 f8 f0 0a 04 08 0014 01 01
   20 2016 248 16 42 12 100 0     -12.69190944       0.00000000  0  6 f8 f0 0a 04 08 0014 01 01
   21 2016 248 16 42 13 100 0     -12.68707119       0.00000000  0  6 f8 f0 0a 04 08 0015 01 01
   21 2016 248 16 42 14 100 0     -12.68215579       0.00000000  0  6 f8 f0 0a 04 08 0015 01 01
   21 2016 248 16 42 15 100 0     -12.67714060       0.00000000  0  6 f8 f0 0a 04 08 0015 01 01
   21 2016 248 16 42 16 100 0     -12.67212940       0.00000000  0  6 f8 f0 0a 04 08 0015 01 01
   21 2016 248 16 42 17 100 0     -12.66706424       0.00000000  0  6 f8 f0 0a 04 08 0015 01 01
   21 2016 248 16 42 18 100 0     -12.66195005       0.00000000  0  6 f8 f0 0a 04 08 0015 01 01
   21 2016 248 16 42 19 100 0     -12.65675564       0.00000000  0  6 f8 f0 0a 04 08 0015 01 01
   21 2016 248 16 42 20 100 0     -12.65152287       0.00000000  0  6 f8 f0 0a 04 08 0015 01 01
   21 2016 248 16 42 21 100 0     -12.64623280       0.00000000  0  6 f8 f0 0a 04 08 0015 01 01
   21 2016 248 16 42 22 100 0     -12.64089902       0.00000000  0  6 f8 f0 0a 04 08 0015 01 01
   22 2016 248 16 42 23 100 0     -12.63552554       0.00000000  0  6 f8 f0 0a 04 08 0016 01 01
   22 2016 248 16 42 24 100 0     -12.63008984       0.00000000  0  6 f8 f0 0a 04 08 0016 01 01
   22 2016 248 16 42 25 100 0     -12.62458312       0.00000000  0  6 f8 f0 0a 04 08 0016 01 01
   22 2016 248 16 42 26 100 0     -12.61908799       0.00000000  0  6 f8 f0 0a 04 08 0016 01 01
   22 2016 248 16 42 27 100 0     -12.61344603       0.00000000  0  6 f8 f0 0a 04 08 0016 01 01
   22 2016 248 16 42 28 100 0     -12.60776876       0.00000000  0  6 f8 f0 0a 04 08 0016 01 01
   22 2016 248 16 42 29 100 0     -12.60207057       0.00000000  0  6 f8 f0 0a 04 08 0016 01 01
   22 2016 248 16 42 30 100 0     -12.59629443       0.00000000  0  6 f8 f0 0a 04 08 0016 01 01
   22 2016 248 16 42 31 100 0     -12.59041823       0.00000000  0  6 f8 f0 0a 04 08 0016 01 01
   22 2016 248 16 42 32 100 0     -12.58454110       0.00000000  0  6 f8 f0 0a 04 08 0016 01 01
   23 2016 248 16 42 33 100 0     -12.57860348       0.00000000  0  6 f8 f0 0a 04 08 0017 01 01
   23 2016 248 16 42 34 100 0     -12.57258058       0.00000000  0  6 f8 f0 0a 04 08 0017 01 01
   23 2016 248 16 42 35 100 0     -12.56649107       0.00000000  0  6 f8 f0 0a 04 08 0017 01 01
   23 2016 248 16 42 36 100 0     -12.56041820       0.00000000  0  6 f8 f0 0a 04 08 0017 01 01
   23 2016 248 16 42 37 100 0     -12.55421836       0.00000000  0  6 f8 f0 0a 04 08 0017 01 01
   23 2016 248 16 42 38 100 0     -12.54795190       0.00000000  0  6 f8 f0 0a 04 08 0017 01 01
   23 2016 248 16 42 39 100 0     -12.54165000       0.00000000  0  6 f8 f0 0a 04 08 0017 01 01
   23 2016 248 16 42 40 100 0     -12.53526375       0.00000000  0  6 f8 f0 0a 04 08 0017 01 01
   23 2016 248 16 42 41 100 0     -12.52883074       0.00000000  0  6 f8 f0 0a 04 08 0017 01 01
   23 2016 248 16 42 42 100 0     -12.52229460       0.00000000  0  6 f8 f0 0a 04 08 0017 01 01
   24 2016 248 16 42 43 100 0     -12.51571795       0.00000000  0  6 f8 f0 0a 04 08 0018 01 01
   24 2016 248 16 42 44 100 0     -12.50909747       0.00000000  0  6 f8 f0 0a 04 08 0018 01 01
   24 2016 248 16 42 45 100 0     -12.50240210       0.00000000  0  6 f8 f0 0a 04 08 0018 01 01
   24 2016 248 16 42 46 100 0     -12.49565677       0.00000000  0  6 f8 f0 0a 04 08 0018 01 01
   24 2016 248 16 42 47 100 0     -12.48881257       0.00000000  0  6 f8 f0 0a 04 08 0018 01 01
   24 2016 248 16 42 48 100 0     -12.48192468       0.00000000  0  6 f8 f0 0a 04 08 0018 01 01
   24 2016 248 16 42 49 100 0     -12.47496390       0.00000000  0  6 f8 f0 0a 04 08 0018 01 01
   24 2016 248 16 42 50 100 0     -12.46789266       0.00000000  0  6 f8 f0 0a 04 08 0018 01 01
   24 2016 248 16 42 51 100 0     -12.46079970       0.00000000  0  6 f8 f0 0a 04 08 0018 01 01
   24 2016 248 16 42 52 100 0     -12.45365984       0.00000000  0  6 f8 f0 0a 04 08 0018 01 01
   25 2016 248 16 42 53 100 0     -12.44641073       0.00000000  0  6 f8 f0 0a 04 08 0019 01 01
   25 2016 248 16 42 54 100 0     -12.43908247       0.00000000  0  6 f8 f0 0a 04 08 0019 01 01
   25 2016 248 16 42 55 100 0     -12.43169692       0.00000000  0  6 f8 f0 0a 04 08 0019 01 01
   25 2016 248 16 42 56 100 0     -12.42421663       0.00000000  0  6 f8 f0 0a 04 08 0019 01 01
   25 2016 248 16 42 57 100 0     -12.41671355       0.00000000  0  6 f8 f0 0a 04 08 0019 01 01
   25 2016 248 16 42 58 100 0     -12.40909283       0.00000000  0  6 f8 f0 0a 04 08 0019 01 01
   25 2016 248 16 42 59 100 0     -12.40140748       0.00000000  0  6 f8 f0 0a 04 08 0019 01 01
   25 2016 248 16 43 00 100 0     -12.39368057       0.00000000  0  6 f8 f0 0a 04 08 0019 01 01
   25 2016 248 16 43 01 100 0     -12.38584945       0.00000000  0  6 f8 f0 0a 04 08 0019 01 01
   25 2016 248 16 43 02 100 0     -12.37793627       0.00000000  0  6 f8 f0 0a 04 08 0019 01 01
   26 2016 248 16 43 03 100 0     -12.36992714       0.00000000  0  6 f8 f0 0a 04 08 001a 01 01
   26 2016 248 16 43 04 100 0     -12.36188165       0.00000000  0  6 f8 f0 0a 04 08 001a 01 01
   26 2016 248 16 43 05 100 0     -12.35371970       0.00000000  0  6 f8 f0 0a 04 08 001a 01 01
   26 2016 248 16 43 06 100 0     -12.34551285       0.00000000  0  6 f8 f0 0a 04 08 001a 01 01
   26 2016 248 16 43 07 100 0     -12.33720606       0.00000000  0  6 f8 f0 0a 04 08 001a 01 01
   26 2016 248 16 43 08 100 0     -12.32881401       0.00000000  0  6 f8 f0 0a 04 08 001a 01 01
   26 2016 248 16 43 09 100 0     -12.32034800       0.00000000  0  6 f8 f0 0a 04 08 001a 01 01
   26 2016 248 16 43 10 100 0     -12.31184136       0.00000000  0  6 f8 f0 0a 04 08 001a 01 01
   26 2016 248 16 43 11 100 0     -12.30316083       0.00000000  0  6 f8 f0 0a 04 08 001a 01 01
   26 2016 248 16 43 12 100 0     -12.29446485       0.00000000  0  6 f8 f0 0a 04 08 001a 01 01
   27 2016 248 16 43 13 100 0     -12.28566774       0.00000000  0  6 f8 f0 0a 04 08 001b 01 01
   27 2016 248 16 43 14 100 0     -12.27678443       0.00000000  0  6 f8 f0 0a 04 08 001b 01 01
   27 2016 248 16 43 15 100 0     -12.26779585       0.00000000  0  6 f8 f0 0a 04 08 001b 01 01
   27 2016 248 16 43 16 100 0     -12.25874785       0.00000000  0  6 f8 f0 0a 04 08 001b 01 01
   27 2016 248 16 43 17 100 0     -12.24961457       0.00000000  0  6 f8 f0 0a 04 08 001b 01 01
   27 2016 248 16 43 18 100 0     -12.24035751       0.00000000  0  6 f8 f0 0a 04 08 001b 01 01
   27 2016 248 16 43 19 100 0     -12.23104209       0.00000000  0  6 f8 f0 0a 04 08 001b 01 01
   27 2016 248 16 43 20 100 0     -12.22163301       0.00000000  0  6 f8 f0 0a 04 08 001b 01 01
   27 2016 248 16 43 21 100 0     -12.21211666       0.00000000  0  6 f8 f0 0a 04 08 001b 01 01
   27 2016 248 16 43 22 100 0     -12.20248480       0.00000000  0  6 f8 f0 0a 04 08 001b 01 01
   28 2016 248 16 43 23 100 0     -12.19283827       0.00000000  0  6 f8 f0 0a 04 08 001c 01 01
   28 2016 248 16 43 24 100 0     -12.18301068       0.00000000  0  6 f8 f0 0a 04 08 001c 01 01
   28 2016 248 16 43 25 100 0     -12.17313525       0.00000000  0  6 f8 f0 0a 04 08 001c 01 01
   28 2016 248 16 43 26 100 0     -12.16313390       0.00000000  0  6 f8 f0 0a 04 08 001c 01 01
   28 2016 248 16 43 27 100 0     -12.15307007       0.00000000  0  6 f8 f0 0a 04 08 001c 01 01
   28 2016 248 16 43 28 100 0     -12.14290098       0.00000000  0  6 f8 f0 0a 04 08 001c 01 01
   28 2016 248 16 43 29 100 0     -12.13262796       0.00000000  0  6 f8 f0 0a 04 08 001c 01 01
   28 2016 248 16 43 30 100 0     -12.12221530       0.00000000  0  6 f8 f0 0a 04 08 001c 01 01
   28 2016 248 16 43 31 100 0     -12.11174868       0.00000000  0  6 f8 f0 0a 04 08 001c 01 01
   28 2016 248 16 43 32 100 0     -12.10119452       0.00000000  0  6 f8 f0 0a 04 08 001c 01 01
   29 2016 248 16 43 33 100 0     -12.09050085       0.00000000  0  6 f8 f0 0a 04 08 001d 01 01
   29 2016 248 16 43 34 100 0     -12.07969367       0.00000000  0  6 f8 f0 0a 04 08 001d 01 01
   29 2016 248 16 43 35 100 0     -12.06878669       0.00000000  0  6 f8 f0 0a 04 08 001d 01 01
   29 2016 248 16 43 36 100 0     -12.05782348       0.00000000  0  6 f8 f0 0a 04 08 001d 01 01
   29 2016 248 16 43 37 100 0     -12.04668838       0.00000000  0  6 f8 f0 0a 04 08 001d 01 01
   29 2016 248 16 43 38 100 0     -12.03547535       0.00000000  0  6 f8 f0 0a 04 08 001d 01 01
   29 2016 248 16 43 39 100 0     -12.02413120       0.00000000  0  6 f8 f0 0a 04 08 001d 01 01
   29 2016 248 16 43 40 100 0     -12.01271404       0.00000000  0  6 f8 f0 0a 04 08 001d 01 01
   29 2016 248 16 43 41 100 0     -12.00114192       0.00000000  0  6 f8 f0 0a 04 08 001d 01 01
   29 2016 248 16 43 42 100 0     -11.98951343       0.00000000  0  0 f8 f0 0a 04 08 001d 01 01
   30 2016 248 16 43 43 100 0     -11.97768202       0.00000000  0  0 f8 f0 0a 04 08 001e 01 01
   30 2016 248 16 43 44 100 0     -11.96582357       0.00000000  0  0 f8 f0 0a 04 08 001e 01 01
   30 2016 248 16 43 45 100 0     -11.95379443       0.00000000  0  0 f8 f0 0a 04 08 001e 01 01
   30 2016 248 16 43 46 100 0     -11.94166323       0.00000000  0  0 f8 f0 0a 04 08 001e 01 01
   30 2016 248 16 43 47 100 0     -11.92944249       0.00000000  0  0 f8 f0 0a 04 08 001e 01 01
   30 2016 248 16 43 48 100 0     -11.91706878       0.00000000  0  0 f8 f0 0a 04 08 001e 01 01
   30 2016 248 16 43 49 100 0     -11.90457637       0.00000000  0  0 f8 f0 0a 04 08 001e 01 01
   30 2016 248 16 43 50 100 0     -11.89197163       0.00000000  0  0 f8 f0 0a 04 08 001e 01 01
   30 2016 248 16 43 51 100 0     -11.87921899       0.00000000  0  0 f8 f0 0a 04 08 001e 01 01
   30 2016 248 16 43 52 100 0     -11.86637988       0.00000000  0  0 f8 f0 0a 04 08 001e 01 01
   31 2016 248 16 43 53 100 0     -11.85339620       0.00000000  0  0 f8 f0 0a 04 08 001f 01 01
   31 2016 248 16 43 54 100 0     -11.84026889       0.00000000  0  0 f8 f0 0a 04 08 001f 01 01
   31 2016 248 16 43 55 100 0     -11.82703325       0.00000000  0  0 f8 f0 0a 04 08 001f 01 01
   31 2016 248 16 43 56 100 0     -11.81361854       0.00000000  0  0 f8 f0 0a 04 08 001f 01 01
   31 2016 248 16 43 57 100 0     -11.80014346       0.00000000  0  0 f8 f0 0a 04 08 001f 01 01
   31 2016 248 16 43 58 100 0     -11.78651024       0.00000000  0  0 f8 f0 0a 04 08 001f 01 01
   31 2016 248 16 43 59 100 0     -11.77274896       0.00000000  0  0 f8 f0 0a 04 08 001f 01 01
   31 2016 248 16 44 00 100 0     -11.75882100       0.00000000  0  0 f8 f0 0a 04 08 001f 01 01
   31 2016 248 16 44 01 100 0     -11.74479538       0.00000000  0  0 f8 f0 0a 04 08 001f 01 01
   31 2016 248 16 44 02 100 0     -11.73057189       0.00000000  0  0 f8 f0 0a 04 08 001f 01 01
   32 2016 248 16 44 03 100 0     -11.71627659       0.00000000  0  0 f8 f0 0a 04 08 0020 01 01
   32 2016 248 16 44 04 100 0     -11.70181260       0.00000000  0  0 f8 f0 0a 04 08 0020 01 01
   32 2016 248 16 44 05 100 0     -11.68719153       0.00000000  0  0 f8 f0 0a 04 08 0020 01 01
   32 2016 248 16 44 06 100 0     -11.67241322       0.00000000  0  0 f8 f0 0a 04 08 0020 01 01
   32 2016 248 16 44 07 100 0     -11.65751620       0.00000000  0  0 f8 f0 0a 04 08 0020 01 01
   32 2016 248 16 44 08 100 0     -11.64247355       0.00000000  0  0 f8 f0 0a 04 08 0020 01 01
   32 2016 248 16 44 09 100 0     -11.62727261       0.00000000  0  0 f8 f0 0a 04 08 0020 01 01
   32 2016 248 16 44 10 100 0     -11.61193003       0.00000000  0  0 f8 f0 0a 04 08 0020 01 01
   32 2016 248 16 44 11 100 0     -11.59643342       0.00000000  0  0 f8 f0 0a 04 08 0020 01 01
   32 2016 248 16 44 12 100 0     -11.58075681       0.00000000  0  0 f8 f0 0a 04 08 0020 01 01
   33 2016 248 16 44 13 100 0     -11.56498240       0.00000000  0  0 f8 f0 0a 04 08 0021 01 01
   33 2016 248 16 44 14 100 0     -11.54902051       0.00000000  0  0 f8 f0 0a 04 08 0021 01 01
   33 2016 248 16 44 15 100 0     -11.53286610       0.00000000  0  0 f8 f0 0a 04 08 0021 01 01
   33 2016 248 16 44 16 100 0     -11.51657204       0.00000000  0  0 f8 f0 0a 04 08 0021 01 01
   33 2016 248 16 44 17 100 0     -11.50012103       0.00000000  0  0 f8 f0 0a 04 08 0021 01 01
   33 2016 248 16 44 18 100 0     -11.48353971       0.00000000  0  0 f8 f0 0a 04 08 0021 01 01
   33 2016 248 16 44 19 100 0     -11.46673055       0.00000000  0  0 f8 f0 0a 04 08 0021 01 01
   33 2016 248 16 44 20 100 0     -11.44976736       0.00000000  0  0 f8 f0 0a 04 08 0021 01 01
   33 2016 248 16 44 21 100 0     -11.43267706       0.00000000  0  0 f8 f0 0a 04 08 0021 01 01
   33 2016 248 16 44 22 100 0     -11.41540568       0.00000000  0  0 f8 f0 0a 04 08 0021 01 01
   34 2016 248 16 44 23 100 0     -11.39794803       0.00000000  0  0 f8 f0 0a 04 08 0022 01 01
   34 2016 248 16 44 24 100 0     -11.38031437       0.00000000  0  0 f8 f0 0a 04 08 0022 01 01
   34 2016 248 16 44 25 100 0     -11.36248711       0.00000000  0  0 f8 f0 0a 04 08 0022 01 01
   34 2016 248 16 44 26 100 0     -11.34454020       0.00000000  0  0 f8 f0 0a 04 08 0022 01 01
   34 2016 248 16 44 27 100 0     -11.32632881       0.00000000  0  0 f8 f0 0a 04 08 0022 01 01
   34 2016 248 16 44 28 100 0     -11.30798738       0.00000000  0  0 f8 f0 0a 04 08 0022 01 01
   34 2016 248 16 44 29 100 0     -11.28943355       0.00000000  0  0 f8 f0 0a 04 08 0022 01 01
   34 2016 248 16 44 30 100 0     -11.27074543       0.00000000  0  0 f8 f0 0a 04 08 0022 01 01
   34 2016 248 16 44 31 100 0     -11.25182932       0.00000000  0  0 f8 f0 0a 04 08 0022 01 01
   34 2016 248 16 44 32 100 0     -11.23275919       0.00000000  0  0 f8 f0 0a 04 08 0022 01 01
   35 2016 248 16 44 33 100 0     -11.21347054       0.00000000  0  0 f8 f0 0a 04 08 0023 01 01
   35 2016 248 16 44 34 100 0     -11.19398297       0.00000000  0  0 f8 f0 0a 04 08 0023 01 01
   35 2016 248 16 44 35 100 0     -11.17427048       0.00000000  0  0 f8 f0 0a 04 08 0023 01 01
   35 2016 248 16 44 36 100 0     -11.15441756       0.00000000  0  0 f8 f0 0a 04 08 0023 01 01
   35 2016 248 16 44 37 100 0     -11.13431907       0.00000000  0  0 f8 f0 0a 04 08 0023 01 01
   35 2016 248 16 44 38 100 0     -11.11409347       0.00000000  0  0 f8 f0 0a 04 08 0023 01 01
   35 2016 248 16 44 39 100 0     -11.09357328       0.00000000  0  0 f8 f0 0a 04 08 0023 01 01
   35 2016 248 16 44 40 100 0     -11.07292504       0.00000000  0  0 f8 f0 0a 04 08 0023 01 01
   35 2016 248 16 44 41 100 0     -11.05201245       0.00000000  0  0 f8 f0 0a 04 08 0023 01 01
   35 2016 248 16 44 42 100 0     -11.03088854       0.00000000  0  0 f8 f0 0a 04 08 0023 01 01
   36 2016 248 16 44 43 100 0     -11.00961580       0.00000000  0  0 f8 f0 0a 04 08 0024 01 01
   36 2016 248 16 44 44 100 0     -10.98805886       0.00000000  0  0 f8 f0 0a 04 08 0024 01 01
   36 2016 248 16 44 45 100 0     -10.96630205       0.00000000  0  0 f8 f0 0a 04 08 0024 01 01
   36 2016 248 16 44 46 100 0     -10.94432034       0.00000000  0  0 f8 f0 0a 04 08 0024 01 01
   36 2016 248 16 44 47 100 0     -10.92214929       0.00000000  0  0 f8 f0 0a 04 08 0024 01 01
   36 2016 248 16 44 48 100 0     -10.89971162       0.00000000  0  0 f8 f0 0a 04 08 0024 01 01
   36 2016 248 16 44 49 100 0     -10.87706277       0.00000000  0  0 f8 f0 0a 04 08 0024 01 01
   36 2016 248 16 44 50 100 0     -10.85419526       0.00000000  0  0 f8 f0 0a 04 08 0024 01 01
   36 2016 248 16 44 51 100 0     -10.83110085       0.00000000  0  0 f8 f0 0a 04 08 0024 01 01
   36 2016 248 16 44 52 100 0     -10.80780964       0.00000000  0  0 f8 f0 0a 04 08 0024 01 01
   37 2016 248 16 44 53 100 0     -10.78418227       0.00000000  0  0 f8 f0 0a 04 08 0025 01 01
   37 2016 248 16 44 54 100 0     -10.76038514       0.00000000  0  0 f8 f0 0a 04 08 0025 01 01
   37 2016 248 16 44 55 100 0     -10.73629555       0.00000000  0  0 f8 f0 0a 04 08 0025 01 01
   37 2016 248 16 44 56 100 0     -10.71201343       0.00000000  0  0 f8 f0 0a 04 08 0025 01 01
   37 2016 248 16 44 57 100 0     -10.68749813       0.00000000  0  0 f8 f0 0a 04 08 0025 01 01
   37 2016 248 16 44 58 100 0     -10.66270276       0.00000000  0  0 f8 f0 0a 04 08 0025 01 01
   37 2016 248 16 44 59 100 0     -10.63766810       0.00000000  0  0 f8 f0 0a 04 08 0025 01 01
   37 2016 248 16 45 00 100 0     -10.61235642       0.00000000  0  0 f8 f0 0a 04 08 0025 01 01
   37 2016 248 16 45 01 100 0     -10.58681890       0.00000000  0  0 f8 f0 0a 04 08 0025 01 01
   37 2016 248 16 45 02 100 0     -10.56098678       0.00000000  0  0 f8 f0 0a 04 08 0025 01 01
   38 2016 248 16 45 03 100 0     -10.53489125       0.00000000  0  0 f8 f0 0a 04 08 0026 01 01
   38 2016 248 16 45 04 100 0     -10.50858559       0.00000000  0  0 f8 f0 0a 04 08 0026 01 01
   38 2016 248 16 45 05 100 0     -10.48196122       0.00000000  0  0 f8 f0 0a 04 08 0026 01 01
   38 2016 248 16 45 06 100 0     -10.45511114       0.00000000  0  0 f8 f0 0a 04 08 0026 01 01
   38 2016 248 16 45 07 100 0     -10.42793409       0.00000000  0  0 f8 f0 0a 04 08 0026 01 01
   38 2016 248 16 45 08 100 0     -10.40051667       0.00000000  0  0 f8 f0 0a 04 08 0026 01 01
   38 2016 248 16 45 09 100 0     -10.37282957       0.00000000  0  0 f8 f0 0a 04 08 0026 01 01
   38 2016 248 16 45 10 100 0     -10.34483948       0.00000000  0  0 f8 f0 0a 04 08 0026 01 01
   38 2016 248 16 45 11 100 0     -10.31655813       0.00000000  0  0 f8 f0 0a 04 08 0026 01 01
   38 2016 248 16 45 12 100 0     -10.28803401       0.00000000  0  0 f8 f0 0a 04 08 0026 01 01
   39 2016 248 16 45 13 100 0     -10.25918838       0.00000000  0  0 f8 f0 0a 04 08 0027 01 01
   39 2016 248 16 45 14 100 0     -10.23003563       0.00000000  0  0 f8 f0 0a 04 08 0027 01 01
   39 2016 248 16 45 15 100 0     -10.20062479       0.00000000  0  0 f8 f0 0a 04 08 0027 01 01
   39 2016 248 16 45 16 100 0     -10.17087458       0.00000000  0  0 f8 f0 0a 04 08 0027 01 01
   39 2016 248 16 45 17 100 0     -10.14084217       0.00000000  0  0 f8 f0 0a 04 08 0027 01 01
   39 2016 248 16 45 18 100 0     -10.11051743       0.00000000  0  0 f8 f0 0a 04 08 0027 01 01
   39 2016 248 16 45 19 100 0     -10.07988757       0.00000000  0  0 f8 f0 0a 04 08 0027 01 01
   39 2016 248 16 45 20 100 0     -10.04891421       0.00000000  0  0 f8 f0 0a 04 08 0027 01 01
   39 2016 248 16 45 21 100 0     -10.01764306       0.00000000  0  0 f8 f0 0a 04 08 0027 01 01
   39 2016 248 16 45 22 100 0      -9.98607225       0.00000000  0  0 f8 f0 0a 04 08 0027 01 01
   40 2016 248 16 45 23 100 0      -9.95419019       0.00000000  0  0 f8 f0 0a 04 08 0028 01 01
   40 2016 248 16 45 24 100 0      -9.92192080       0.00000000  0  0 f8 f0 0a 04 08 0028 01 01
   40 2016 248 16 45 25 100 0      -9.88937573       0.00000000  0  0 f8 f0 0a 04 08 0028 01 01
   40 2016 248 16 45 26 100 0      -9.85653793       0.00000000  0  0 f8 f0 0a 04 08 0028 01 01
   40 2016 248 16 45 27 100 0      -9.82332039       0.00000000  0  0 f8 f0 0a 04 08 0028 01 01
   40 2016 248 16 45 28 100 0      -9.78975922       0.00000000  0  0 f8 f0 0a 04 08 0028 01 01
   40 2016 248 16 45 29 100 0      -9.75589094       0.00000000  0  0 f8 f0 0a 04 08 0028 01 01
   40 2016 248 16 45 30 100 0      -9.72164185       0.00000000  0  0 f8 f0 0a 04 08 0028 01 01
   40 2016 248 16 45 31 100 0      -9.68709696       0.00000000  0  0 f8 f0 0a 04 08 0028 01 01
   40 2016 248 16 45 32 100 0      -9.65217008       0.00000000  0  0 f8 f0 0a 04 08 0028 01 01
   41 2016 248 16 45 33 100 0      -9.61689250       0.00000000  0  0 f8 f0 0a 04 08 0029 01 01
   41 2016 248 16 45 34 100 0      -9.58126396       0.00000000  0  0 f8 f0 0a 04 08 0029 01 01
   41 2016 248 16 45 35 100 0      -9.54530033       0.00000000  0  0 f8 f0 0a 04 08 0029 01 01
   41 2016 248 16 45 36 100 0      -9.50896401       0.00000000  0  0 f8 f0 0a 04 08 0029 01 01
   41 2016 248 16 45 37 100 0      -9.47226236       0.00000000  0  0 f8 f0 0a 04 08 0029 01 01
   41 2016 248 16 45 38 100 0      -9.43520161       0.00000000  0  0 f8 f0 0a 04 08 0029 01 01
   41 2016 248 16 45 39 100 0      -9.39776286       0.00000000  0  0 f8 f0 0a 04 08 0029 01 01
   41 2016 248 16 45 40 100 0      -9.35995371       0.00000000  0  0 f8 f0 0a 04 08 0029 01 01
   41 2016 248 16 45 41 100 0      -9.32173843       0.00000000  0  0 f8 f0 0a 04 08 0029 01 01
   41 2016 248 16 45 42 100 0      -9.28319218       0.00000000  0  0 f8 f0 0a 04 08 0029 01 01
   42 2016 248 16 45 43 100 0      -9.24423795       0.00000000  0  0 f8 f0 0a 04 08 002a 01 01
   42 2016 248 16 45 44 100 0      -9.20487866       0.00000000  0  0 f8 f0 0a 04 08 002a 01 01
   42 2016 248 16 45 45 100 0      -9.16512392       0.00000000  0  0 f8 f0 0a 04 08 002a 01 01
   42 2016 248 16 45 46 100 0      -9.12501528       0.00000000  0  0 f8 f0 0a 04 08 002a 01 01
   42 2016 248 16 45 47 100 0      -9.08454224       0.00000000  0  0 f8 f0 0a 04 08 002a 01 01
   42 2016 248 16 45 48 100 0      -9.04359458       0.00000000  0  0 f8 f0 0a 04 08 002a 01 01
   42 2016 248 16 45 49 100 0      -9.00227839       0.00000000  0  0 f8 f0 0a 04 08 002a 01 01
   42 2016 248 16 45 50 100 0      -8.96053115       0.00000000  0  0 f8 f0 0a 04 08 002a 01 01
   42 2016 248 16 45 51 100 0      -8.91841658       0.00000000  0  0 f8 f0 0a 04 08 002a 01 01
   42 2016 248 16 45 52 100 0      -8.87586070       0.00000000  0  0 f8 f0 0a 04 08 002a 01 01
   43 2016 248 16 45 53 100 0      -8.83288206       0.00000000  0  0 f8 f0 0a 04 08 002b 01 01
   43 2016 248 16 45 54 100 0      -8.78948397       0.00000000  0  0 f8 f0 0a 04 08 002b 01 01
   43 2016 248 16 45 55 100 0      -8.74566230       0.00000000  0  0 f8 f0 0a 04 08 002b 01 01
   43 2016 248 16 45 56 100 0      -8.70145744       0.00000000  0  0 f8 f0 0a 04 08 002b 01 01
   43 2016 248 16 45 57 100 0      -8.65677171       0.00000000  0  0 f8 f0 0a 04 08 002b 01 01
   43 2016 248 16 45 58 100 0      -8.61167893       0.00000000  0  0 f8 f0 0a 04 08 002b 01 01
   43 2016 248 16 45 59 100 0      -8.56617243       0.00000000  0  0 f8 f0 0a 04 08 002b 01 01
   43 2016 248 16 46 00 100 0      -8.52018507       0.00000000  0  0 f8 f0 0a 04 08 002b 01 01
   43 2016 248 16 46 01 100 0      -8.47375468       0.00000000  0  0 f8 f0 0a 04 08 002b 01 01
   43 2016 248 16 46 02 100 0      -8.42689072       0.00000000  0  0 f8 f0 0a 04 08 002b 01 01
   44 2016 248 16 46 03 100 0      -8.37960732       0.00000000  0  0 f8 f0 0a 04 08 002c 01 01
   44 2016 248 16 46 04 100 0      -8.33185651       0.00000000  0  0 f8 f0 0a 04 08 002c 01 01
   44 2016 248 16 46 05 100 0      -8.28362643       0.00000000  0  0 f8 f0 0a 04 08 002c 01 01
   44 2016 248 16 46 06 100 0      -8.23498251       0.00000000  0  0 f8 f0 0a 04 08 002c 01 01
   44 2016 248 16 46 07 100 0      -8.18584985       0.00000000  0  0 f8 f0 0a 04 08 002c 01 01
   44 2016 248 16 46 08 100 0      -8.13627164       0.00000000  0  0 f8 f0 0a 04 08 002c 01 01
   44 2016 248 16 46 09 100 0      -8.08623335       0.00000000  0  0 f8 f0 0a 04 08 002c 01 01
   44 2016 248 16 46 10 100 0      -8.03572298       0.00000000  0  0 f8 f0 0a 04 08 002c 01 01
   44 2016 248 16 46 11 100 0      -7.98475520       0.00000000  0  0 f8 f0 0a 04 08 002c 01 01
   44 2016 248 16 46 12 100 0      -7.93326738       0.00000000  0  0 f8 f0 0a 04 08 002c 01 01
   45 2016 248 16 46 13 100 0      -7.88135385       0.00000000  0  0 f8 f0 0a 04 08 002d 01 01
   45 2016 248 16 46 14 100 0      -7.82890683       0.00000000  0  0 f8 f0 0a 04 08 002d 01 01
   45 2016 248 16 46 15 100 0      -7.77600745       0.00000000  0  0 f8 f0 0a 04 08 002d 01 01
   45 2016 248 16 46 16 100 0      -7.72266371       0.00000000  0  0 f8 f0 0a 04 08 002d 01 01
   45 2016 248 16 46 17 100 0      -7.66876662       0.00000000  0  0 f8 f0 0a 04 08 002d 01 01
   45 2016 248 16 46 18 100 0      -7.61440786       0.00000000  0  0 f8 f0 0a 04 08 002d 01 01
   45 2016 248 16 46 19 100 0      -7.55956516       0.00000000  0  0 f8 f0 0a 04 08 002d 01 01
   45 2016 248 16 46 20 100 0      -7.50425131       0.00000000  0  0 f8 f0 0a 04 08 002d 01 01
   45 2016 248 16 46 21 100 0      -7.44844928       0.00000000  0  0 f8 f0 0a 04 08 002d 01 01
   45 2016 248 16 46 22 100 0      -7.39211495       0.00000000  0  0 f8 f0 0a 04 08 002d 01 01
   46 2016 248 16 46 23 100 0      -7.33523499       0.00000000  0  0 f8 f0 0a 04 08 002e 01 01
   46 2016 248 16 46 24 100 0      -7.27795851       0.00000000  0  0 f8 f0 0a 04 08 002e 01 01
   46 2016 248 16 46 25 100 0      -7.22014227       0.00000000  0  0 f8 f0 0a 04 08 002e 01 01
   46 2016 248 16 46 26 100 0      -7.16182224       0.00000000  0  0 f8 f0 0a 04 08 002e 01 01
   46 2016 248 16 46 27 100 0      -7.10297858       0.00000000  0  0 f8 f0 0a 04 08 002e 01 01
   46 2016 248 16 46 28 100 0      -7.04362234       0.00000000  0  0 f8 f0 0a 04 08 002e 01 01
   46 2016 248 16 46 29 100 0      -6.98379815       0.00000000  0  0 f8 f0 0a 04 08 002e 01 01
   46 2016 248 16 46 30 100 0      -6.92341755       0.00000000  0  0 f8 f0 0a 04 08 002e 01 01
   46 2016 248 16 46 31 100 0      -6.86257940       0.00000000  0  0 f8 f0 0a 04 08 002e 01 01
   46 2016 248 16 46 32 100 0      -6.80121308       0.00000000  0  0 f8 f0 0a 04 08 002e 01 01
   47 2016 248 16 46 33 100 0      -6.73933459       0.00000000  0  0 f8 f0 0a 04 08 002f 01 01
   47 2016 248 16 46 34 100 0      -6.67689541       0.00000000  0  0 f8 f0 0a 04 08 002f 01 01
   47 2016 248 16 46 35 100 0      -6.61397657       0.00000000  0  0 f8 f0 0a 04 08 002f 01 01
   47 2016 248 16 46 36 100 0      -6.55053862       0.00000000  0  0 f8 f0 0a 04 08 002f 01 01
   47 2016 248 16 46 37 100 0      -6.48658396       0.00000000  0  0 f8 f0 0a 04 08 002f 01 01
   47 2016 248 16 46 38 100 0      -6.42212605       0.00000000  0  0 f8 f0 0a 04 08 002f 01 01
   47 2016 248 16 46 39 100 0      -6.35714597       0.00000000  0  0 f8 f0 0a 04 08 002f 01 01
   47 2016 248 16 46 40 100 0      -6.29161014       0.00000000  0  0 f8 f0 0a 04 08 002f 01 01
   47 2016 248 16 46 41 100 0      -6.22561983       0.00000000  0  0 f8 f0 0a 04 08 002f 01 01
   47 2016 248 16 46 42 100 0      -6.15910028       0.00000000  0  0 f8 f0 0a 04 08 002f 01 01
   48 2016 248 16 46 43 100 0      -6.09205296       0.00000000  0  0 f8 f0 0a 04 08 0030 01 01
   48 2016 248 16 46 44 100 0      -6.02448933       0.00000000  0  0 f8 f0 0a 04 08 0030 01 01
   48 2016 248 16 46 45 100 0      -5.95639327       0.00000000  0  0 f8 f0 0a 04 08 0030 01 01
   48 2016 248 16 46 46 100 0      -5.88777611       0.00000000  0  0 f8 f0 0a 04 08 0030 01 01
   48 2016 248 16 46 47 100 0      -5.81866982       0.00000000  0  0 f8 f0 0a 04 08 0030 01 01
   48 2016 248 16 46 48 100 0      -5.74906387       0.00000000  0  0 f8 f0 0a 04 08 0030 01 01
   48 2016 248 16 46 49 100 0      -5.67896294       0.00000000  0  0 f8 f0 0a 04 08 0030 01 01
   48 2016 248 16 46 50 100 0      -5.60833050       0.00000000  0  0 f8 f0 0a 04 08 0030 01 01
   48 2016 248 16 46 51 100 0      -5.53714392       0.00000000  0  0 f8 f0 0a 04 08 0030 01 01
   48 2016 248 16 46 52 100 0      -5.46550071       0.00000000  0  0 f8 f0 0a 04 08 0030 01 01
   49 2016 248 16 46 53 100 0      -5.39333720       0.00000000  0  0 f8 f0 0a 04 08 0031 01 01
   49 2016 248 16 46 54 100 0      -5.32067337       0.00000000  0  0 f8 f0 0a 04 08 0031 01 01
   49 2016 248 16 46 55 100 0      -5.24754853       0.00000000  0  0 f8 f0 0a 04 08 0031 01 01
   49 2016 248 16 46 56 100 0      -5.17385781       0.00000000  0  0 f8 f0 0a 04 08 0031 01 01
   49 2016 248 16 46 57 100 0      -5.09972114       0.00000000  0  0 f8 f0 0a 04 08 0031 01 01
   49 2016 248 16 46 58 100 0      -5.02508587       0.00000000  0  0 f8 f0 0a 04 08 0031 01 01
   49 2016 248 16 46 59 100 0      -4.94994522       0.00000000  0  0 f8 f0 0a 04 08 0031 01 01
   49 2016 248 16 47 00 100 0      -4.87431158       0.00000000  0  0 f8 f0 0a 04 08 0031 01 01
   49 2016 248 16 47 01 100 0      -4.79824758       0.00000000  0  0 f8 f0 0a 04 08 0031 01 01
   49 2016 248 16 47 02 100 0      -4.72162302       0.00000000  0  0 f8 f0 0a 04 08 0031 01 01
   50 2016 248 16 47 03 100 0      -4.64461074       0.00000000  0  0 f8 f0 0a 04 08 0032 01 01
   50 2016 248 16 47 04 100 0      -4.56706069       0.00000000  0  0 f8 f0 0a 04 08 0032 01 01
   50 2016 248 16 47 05 100 0      -4.48909959       0.00000000  0  0 f8 f0 0a 04 08 0032 01 01
   50 2016 248 16 47 06 100 0      -4.41058368       0.00000000  0  0 f8 f0 0a 04 08 0032 01 01
   50 2016 248 16 47 07 100 0      -4.33171588       0.00000000  0  0 f8 f0 0a 04 08 0032 01 01
   50 2016 248 16 47 08 100 0      -4.25231925       0.00000000  0  0 f8 f0 0a 04 08 0032 01 01
   50 2016 248 16 47 09 100 0      -4.17248958       0.00000000  0  0 f8 f0 0a 04 08 0032 01 01
   50 2016 248 16 47 10 100 0      -4.09220769       0.00000000  0  0 f8 f0 0a 04 08 0032 01 01
   50 2016 248 16 47 11 100 0      -4.01152368       0.00000000  0  0 f8 f0 0a 04 08 0032 01 01
   50 2016 248 16 47 12 100 0      -3.93042103       0.00000000  0  0 f8 f0 0a 04 08 0032 01 01
   51 2016 248 16 47 13 100 0      -3.84883138       0.00000000  0  0 f8 f0 0a 04 08 0033 01 01
   51 2016 248 16 47 14 100 0      -3.76688064       0.00000000  0  0 f8 f0 0a 04 08 0033 01 01
   51 2016 248 16 47 15 100 0      -3.68448715       0.00000000  0  0 f8 f0 0a 04 08 0033 01 01
   51 2016 248 16 47 16 100 0      -3.60166995       0.00000000  0  0 f8 f0 0a 04 08 0033 01 01
   51 2016 248 16 47 17 100 0      -3.51844810       0.00000000  0  0 f8 f0 0a 04 08 0033 01 01
   51 2016 248 16 47 18 100 0      -3.43486876       0.00000000  0  0 f8 f0 0a 04 08 0033 01 01
   51 2016 248 16 47 19 100 0      -3.35087091       0.00000000  0  0 f8 f0 0a 04 08 0033 01 01
   51 2016 248 16 47 20 100 0      -3.26651344       0.00000000  0  0 f8 f0 0a 04 08 0033 01 01
   51 2016 248 16 47 21 100 0      -3.18174786       0.00000000  0  0 f8 f0 0a 04 08 0033 01 01
   51 2016 248 16 47 22 100 0      -3.09666129       0.00000000  0  0 f8 f0 0a 04 08 0033 01 01
   52 2016 248 16 47 23 100 0      -3.01118393       0.00000000  0  0 f8 f0 0a 04 08 0034 01 01
   52 2016 248 16 47 24 100 0      -2.92537614       0.00000000  0  0 f8 f0 0a 04 08 0034 01 01
   52 2016 248 16 47 25 100 0      -2.83919673       0.00000000  0  0 f8 f0 0a 04 08 0034 01 01
   52 2016 248 16 47 26 100 0      -2.75276257       0.00000000  0  0 f8 f0 0a 04 08 0034 01 01
   52 2016 248 16 47 27 100 0      -2.66592762       0.00000000  0  0 f8 f0 0a 04 08 0034 01 01
   52 2016 248 16 47 28 100 0      -2.57876169       0.00000000  0  0 f8 f0 0a 04 08 0034 01 01
   52 2016 248 16 47 29 100 0      -2.49134221       0.00000000  0  0 f8 f0 0a 04 08 0034 01 01
   52 2016 248 16 47 30 100 0      -2.40360175       0.00000000  0  0 f8 f0 0a 04 08 0034 01 01
   52 2016 248 16 47 31 100 0      -2.31556164       0.00000000  0  0 f8 f0 0a 04 08 0034 01 01
   52 2016 248 16 47 32 100 0      -2.22728009       0.00000000  0  0 f8 f0 0a 04 08 0034 01 01
   53 2016 248 16 47 33 100 0      -2.13867716       0.00000000  0  0 f8 f0 0a 04 08 0035 01 01
   53 2016 248 16 47 34 100 0      -2.04985771       0.00000000  0  0 f8 f0 0a 04 08 0035 01 01
   53 2016 248 16 47 35 100 0      -1.96075247       0.00000000  0  0 f8 f0 0a 04 08 0035 01 01
   53 2016 248 16 47 36 100 0      -1.87146028       0.00000000  0  0 f8 f0 0a 04 08 0035 01 01
   53 2016 248 16 47 37 100 0      -1.78188576       0.00000000  0  0 f8 f0 0a 04 08 0035 01 01
   53 2016 248 16 47 38 100 0      -1.69210445       0.00000000  0  0 f8 f0 0a 04 08 0035 01 01
   53 2016 248 16 47 39 100 0      -1.60211621       0.00000000  0  0 f8 f0 0a 04 08 0035 01 01
   53 2016 248 16 47 40 100 0      -1.51189747       0.00000000  0  0 f8 f0 0a 04 08 0035 01 01
   53 2016 248 16 47 41 100 0      -1.42153816       0.00000000  0  0 f8 f0 0a 04 08 0035 01 01
   53 2016 248 16 47 42 100 0      -1.33096553       0.00000000  0  0 f8 f0 0a 04 08 0035 01 01
   54 2016 248 16 47 43 100 0      -1.24024873       0.00000000  0  0 f8 f0 0a 04 08 0036 01 01
   54 2016 248 16 47 44 100 0      -1.14939402       0.00000000  0  0 f8 f0 0a 04 08 0036 01 01
   54 2016 248 16 47 45 100 0      -1.05833573       0.00000000  0  0 f8 f0 0a 04 08 0036 01 01
   54 2016 248 16 47 46 100 0      -0.96718337       0.00000000  0  0 f8 f0 0a 04 08 0036 01 01
   54 2016 248 16 47 47 100 0      -0.87589150       0.00000000  0  0 f8 f0 0a 04 08 0036 01 01
   54 2016 248 16 47 48 100 0      -0.78449557       0.00000000  0  0 f8 f0 0a 04 08 0036 01 01
   54 2016 248 16 47 49 100 0      -0.69299851       0.00000000  0  0 f8 f0 0a 04 08 0036 01 01
   54 2016 248 16 47 50 100 0      -0.60140712       0.00000000  0  0 f8 f0 0a 04 08 0036 01 01
   54 2016 248 16 47 51 100 0      -0.50974165       0.00000000  0  0 f8 f0 0a 04 08 0036 01 01
   54 2016 248 16 47 52 100 0      -0.41803420       0.00000000  0  0 f8 f0 0a 04 08 0036 01 01
   55 2016 248 16 47 53 100 0      -0.32621563       0.00000000  0  0 f8 f0 0a 04 08 0037 01 01
   55 2016 248 16 47 54 100 0      -0.23440506       0.00000000  0  0 f8 f0 0a 04 08 0037 01 01
   55 2016 248 16 47 55 100 0      -0.14255078       0.00000000  0  0 f8 f0 0a 04 08 0037 01 01
   55 2016 248 16 47 56 100 0      -0.05066759       0.00000000  0  0 f8 f0 0a 04 08 0037 01 01
   55 2016 248 16 47 57 100 0       0.04121040       0.00000000  0  0 f8 f0 0a 04 08 0037 01 01
   55 2016 248 16 47 58 100 0       0.13309586       0.00000000  0  0 f8 f0 0a 04 08 0037 01 01
   55 2016 248 16 47 59 100 0       0.22494894       0.00000000  0  0 f8 f0 0a 04 08 0037 01 01
   55 2016 248 16 48 00 100 0       0.31680388       0.00000000  0  0 f8 f0 0a 04 08 0037 01 01
   55 2016 248 16 48 01 100 0       0.40858234       0.00000000  0  0 f8 f0 0a 04 08 0037 01 01
   55 2016 248 16 48 02 100 0       0.50033243       0.00000000  0  0 f8 f0 0a 04 08 0037 01 01
   56 2016 248 16 48 03 100 0       0.59203974       0.00000000  0  0 f8 f0 0a 04 08 0038 01 01
   56 2016 248 16 48 04 100 0       0.68364232       0.00000000  0  0 f8 f0 0a 04 08 0038 01 01
   56 2016 248 16 48 05 100 0       0.77514738       0.00000000  0  0 f8 f0 0a 04 08 0038 01 01
   56 2016 248 16 48 06 100 0       0.86663151       0.00000000  0  0 f8 f0 0a 04 08 0038 01 01
   56 2016 248 16 48 07 100 0       0.95790033       0.00000000  0  0 f8 f0 0a 04 08 0038 01 01
   56 2016 248 16 48 08 100 0       1.04910812       0.00000000  0  0 f8 f0 0a 04 08 0038 01 01
   56 2016 248 16 48 09 100 0       1.14017681       0.00000000  0  0 f8 f0 0a 04 08 0038 01 01
   56 2016 248 16 48 10 100 0       1.23109400       0.00000000  0  0 f8 f0 0a 04 08 0038 01 01
   56 2016 248 16 48 11 100 0       1.32188528       0.00000000  0  0 f8 f0 0a 04 08 0038 01 01
   56 2016 248 16 48 12 100 0       1.41248736       0.00000000  0  0 f8 f0 0a 04 08 0038 01 01
   57 2016 248 16 48 13 100 0       1.50295526       0.00000000  0  0 f8 f0 0a 04 08 0039 01 01
   57 2016 248 16 48 14 100 0       1.59314389       0.00000000  0  0 f8 f0 0a 04 08 0039 01 01
   57 2016 248 16 48 15 100 0       1.68326790       0.00000000  0  0 f8 f0 0a 04 08 0039 01 01
   57 2016 248 16 48 16 100 0       1.77309251       0.00000000  0  0 f8 f0 0a 04 08 0039 01 01
   57 2016 248 16 48 17 100 0       1.86273192       0.00000000  0  0 f8 f0 0a 04 08 0039 01 01
   57 2016 248 16 48 18 100 0       1.95213190       0.00000000  0  0 f8 f0 0a 04 08 0039 01 01
   57 2016 248 16 48 19 100 0       2.04128098       0.00000000  0  0 f8 f0 0a 04 08 0039 01 01
   57 2016 248 16 48 20 100 0       2.13022234       0.00000000  0  0 f8 f0 0a 04 08 0039 01 01
   57 2016 248 16 48 21 100 0       2.21887737       0.00000000  0  0 f8 f0 0a 04 08 0039 01 01
   57 2016 248 16 48 22 100 0       2.30726924       0.00000000  0  0 f8 f0 0a 04 08 0039 01 01
   58 2016 248 16 48 23 100 0       2.39538957       0.00000000  0  0 f8 f0 0a 04 08 003a 01 01
   58 2016 248 16 48 24 100 0       2.48322663       0.00000000  0  0 f8 f0 0a 04 08 003a 01 01
   58 2016 248 16 48 25 100 0       2.57080973       0.00000000  0  0 f8 f0 0a 04 08 003a 01 01
   58 2016 248 16 48 26 100 0       2.65800483       0.00000000  0  0 f8 f0 0a 04 08 003a 01 01
   58 2016 248 16 48 27 100 0       2.74491613       0.00000000  0  0 f8 f0 0a 04 08 003a 01 01
   58 2016 248 16 48 28 100 0       2.83152204       0.00000000  0  0 f8 f0 0a 04 08 003a 01 01
   58 2016 248 16 48 29 100 0       2.91778473       0.00000000  0  0 f8 f0 0a 04 08 003a 01 01
   58 2016 248 16 48 30 100 0       3.00370098       0.00000000  0  0 f8 f0 0a 04 08 003a 01 01
   58 2016 248 16 48 31 100 0       3.08924336       0.00000000  0  0 f8 f0 0a 04 08 003a 01 01
   58 2016 248 16 48 32 100 0       3.17451420       0.00000000  0  0 f8 f0 0a 04 08 003a 01 01
   59 2016 248 16 48 33 100 0       3.25933961       0.00000000  0  0 f8 f0 0a 04 08 003b 01 01
   59 2016 248 16 48 34 100 0       3.34385816       0.00000000  0  0 f8 f0 0a 04 08 003b 01 01
   59 2016 248 16 48 35 100 0       3.42797446       0.00000000  0  0 f8 f0 0a 04 08 003b 01 01
   59 2016 248 16 48 36 100 0       3.51167145       0.00000000  0  0 f8 f0 0a 04 08 003b 01 01
   59 2016 248 16 48 37 100 0       3.59503254       0.00000000  0  0 f8 f0 0a 04 08 003b 01 01
   59 2016 248 16 48 38 100 0       3.67796153       0.00000000  0  0 f8 f0 0a 04 08 003b 01 01
   59 2016 248 16 48 39 100 0       3.76049187       0.00000000  0  0 f8 f0 0a 04 08 003b 01 01
   59 2016 248 16 48 40 100 0       3.84261888       0.00000000  0  0 f8 f0 0a 04 08 003b 01 01
   59 2016 248 16 48 41 100 0       3.92431259       0.00000000  0  0 f8 f0 0a 04 08 003b 01 01
   59 2016 248 16 48 42 100 0       4.00558339       0.00000000  0  0 f8 f0 0a 04 08 003b 01 01
   60 2016 248 16 48 43 100 0       4.08641543       0.00000000  0  0 f8 f0 0a 04 08 003c 01 01
   60 2016 248 16 48 44 100 0       4.16684362       0.00000000  0  0 f8 f0 0a 04 08 003c 01 01
   60 2016 248 16 48 45 100 0       4.24681772       0.00000000  0  0 f8 f0 0a 04 08 003c 01 01
   60 2016 248 16 48 46 100 0       4.32633094       0.00000000  0  0 f8 f0 0a 04 08 003c 01 01
   60 2016 248 16 48 47 100 0       4.40537516       0.00000000  0  0 f8 f0 0a 04 08 003c 01 01
   60 2016 248 16 48 48 100 0       4.48401711       0.00000000  0  0 f8 f0 0a 04 08 003c 01 01
   60 2016 248 16 48 49 100 0       4.56214729       0.00000000  0  0 f8 f0 0a 04 08 003c 01 01
   60 2016 248 16 48 50 100 0       4.63981859       0.00000000  0  0 f8 f0 0a 04 08 003c 01 01
   60 2016 248 16 48 51 100 0       4.71704486       0.00000000  0  0 f8 f0 0a 04 08 003c 01 01
   60 2016 248 16 48 52 100 0       4.79380265       0.00000000  0  0 f8 f0 0a 04 08 003c 01 01
   61 2016 248 16 48 53 100 0       4.87006386       0.00000000  0  0 f8 f0 0a 04 08 003d 01 01
   61 2016 248 16 48 54 100 0       4.94583074       0.00000000  0  0 f8 f0 0a 04 08 003d 01 01
   61 2016 248 16 48 55 100 0       5.02113900       0.00000000  0  0 f8 f0 0a 04 08 003d 01 01
   61 2016 248 16 48 56 100 0       5.09594295       0.00000000  0  0 f8 f0 0a 04 08 003d 01 01
   61 2016 248 16 48 57 100 0       5.17027323       0.00000000  0  0 f8 f0 0a 04 08 003d 01 01
   61 2016 248 16 48 58 100 0       5.24410385       0.00000000  0  0 f8 f0 0a 04 08 003d 01 01
   61 2016 248 16 48 59 100 0       5.31742136       0.00000000  0  0 f8 f0 0a 04 08 003d 01 01
   61 2016 248 16 49 00 100 0       5.39025267       0.00000000  0  0 f8 f0 0a 04 08 003d 01 01
   61 2016 248 16 49 01 100 0       5.46258020       0.00000000  0  0 f8 f0 0a 04 08 003d 01 01
   61 2016 248 16 49 02 100 0       5.53444192       0.00000000  0  0 f8 f0 0a 04 08 003d 01 01
   62 2016 248 16 49 03 100 0       5.60574256       0.00000000  0  0 f8 f0 0a 04 08 003e 01 01
   62 2016 248 16 49 04 100 0       5.67657539       0.00000000  0  0 f8 f0 0a 04 08 003e 01 01
   62 2016 248 16 49 05 100 0       5.74685060       0.00000000  0  0 f8 f0 0a 04 08 003e 01 01
   62 2016 248 16 49 06 100 0       5.81669026       0.00000000  0  0 f8 f0 0a 04 08 003e 01 01
   62 2016 248 16 49 07 100 0       5.88594604       0.00000000  0  0 f8 f0 0a 04 08 003e 01 01
   62 2016 248 16 49 08 100 0       5.95474268       0.00000000  0  0 f8 f0 0a 04 08 003e 01 01
   62 2016 248 16 49 09 100 0       6.02300636       0.00000000  0  0 f8 f0 0a 04 08 003e 01 01
   62 2016 248 16 49 10 100 0       6.09076465       0.00000000  0  0 f8 f0 0a 04 08 003e 01 01
   62 2016 248 16 49 11 100 0       6.15798785       0.00000000  0  0 f8 f0 0a 04 08 003e 01 01
   62 2016 248 16 49 12 100 0       6.22471512       0.00000000  0  0 f8 f0 0a 04 08 003e 01 01
   63 2016 248 16 49 13 100 0       6.29090889       0.00000000  0  0 f8 f0 0a 04 08 003f 01 01
   63 2016 248 16 49 14 100 0       6.35658316       0.00000000  0  0 f8 f0 0a 04 08 003f 01 01
   63 2016 248 16 49 15 100 0       6.42173499       0.00000000  0  0 f8 f0 0a 04 08 003f 01 01
   63 2016 248 16 49 16 100 0       6.48640582       0.00000000  0  0 f8 f0 0a 04 08 003f 01 01
   63 2016 248 16 49 17 100 0       6.55055368       0.00000000  0  0 f8 f0 0a 04 08 003f 01 01
   63 2016 248 16 49 18 100 0       6.61415592       0.00000000  0  0 f8 f0 0a 04 08 003f 01 01
   63 2016 248 16 49 19 100 0       6.67729767       0.00000000  0  0 f8 f0 0a 04 08 003f 01 01
   63 2016 248 16 49 20 100 0       6.73988554       0.00000000  0  0 f8 f0 0a 04 08 003f 01 01
   63 2016 248 16 49 21 100 0       6.80197909       0.00000000  0  0 f8 f0 0a 04 08 003f 01 01
   63 2016 248 16 49 22 100 0       6.86355259       0.00000000  0  0 f8 f0 0a 04 08 003f 01 01
   64 2016 248 16 49 23 100 0       6.92460566       0.00000000  0  0 f8 f0 0a 04 08 0040 01 01
   64 2016 248 16 49 24 100 0       6.98513349       0.00000000  0  0 f8 f0 0a 04 08 0040 01 01
   64 2016 248 16 49 25 100 0       7.04521483       0.00000000  0  0 f8 f0 0a 04 08 0040 01 01
   64 2016 248 16 49 26 100 0       7.10473190       0.00000000  0  0 f8 f0 0a 04 08 0040 01 01
   64 2016 248 16 49 27 100 0       7.16376609       0.00000000  0  0 f8 f0 0a 04 08 0040 01 01
   64 2016 248 16 49 28 100 0       7.22226466       0.00000000  0  0 f8 f0 0a 04 08 0040 01 01
   64 2016 248 16 49 29 100 0       7.28025838       0.00000000  0  0 f8 f0 0a 04 08 0040 01 01
   64 2016 248 16 49 30 100 0       7.33782533       0.00000000  0  0 f8 f0 0a 04 08 0040 01 01
   64 2016 248 16 49 31 100 0       7.39484879       0.00000000  0  0 f8 f0 0a 04 08 0040 01 01
   64 2016 248 16 49 32 100 0       7.45137472       0.00000000  0  0 f8 f0 0a 04 08 0040 01 01
   65 2016 248 16 49 33 100 0       7.50737036       0.00000000  0  0 f8 f0 0a 04 08 0041 01 01
   65 2016 248 16 49 34 100 0       7.56291057       0.00000000  0  0 f8 f0 0a 04 08 0041 01 01
   65 2016 248 16 49 35 100 0       7.61793501       0.00000000  0  0 f8 f0 0a 04 08 0041 01 01
   65 2016 248 16 49 36 100 0       7.67249831       0.00000000  0  0 f8 f0 0a 04 08 0041 01 01
   65 2016 248 16 49 37 100 0       7.72655195       0.00000000  0  0 f8 f0 0a 04 08 0041 01 01
   65 2016 248 16 49 38 100 0       7.78012846       0.00000000  0  0 f8 f0 0a 04 08 0041 01 01
   65 2016 248 16 49 39 100 0       7.83320105       0.00000000  0  0 f8 f0 0a 04 08 0041 01 01
   65 2016 248 16 49 40 100 0       7.88581783       0.00000000  0  0 f8 f0 0a 04 08 0041 01 01
   65 2016 248 16 49 41 100 0       7.93794574       0.00000000  0  0 f8 f0 0a 04 08 0041 01 01
   65 2016 248 16 49 42 100 0       7.98962037       0.00000000  0  0 f8 f0 0a 04 08 0041 01 01
   66 2016 248 16 49 43 100 0       8.04081826       0.00000000  0  0 f8 f0 0a 04 08 0042 01 01
   66 2016 248 16 49 44 100 0       8.09150877       0.00000000  0  0 f8 f0 0a 04 08 0042 01 01
   66 2016 248 16 49 45 100 0       8.14172760       0.00000000  0  0 f8 f0 0a 04 08 0042 01 01
   66 2016 248 16 49 46 100 0       8.19149781       0.00000000  0  0 f8 f0 0a 04 08 0042 01 01
   66 2016 248 16 49 47 100 0       8.24086257       0.00000000  0  0 f8 f0 0a 04 08 0042 01 01
   66 2016 248 16 49 48 100 0       8.28969436       0.00000000  0  0 f8 f0 0a 04 08 0042 01 01
   66 2016 248 16 49 49 100 0       8.33808899       0.00000000  0  0 f8 f0 0a 04 08 0042 01 01
   66 2016 248 16 49 50 100 0       8.38603767       0.00000000  0  0 f8 f0 0a 04 08 0042 01 01
   66 2016 248 16 49 51 100 0       8.43353492       0.00000000  0  0 f8 f0 0a 04 08 0042 01 01
   66 2016 248 16 49 52 100 0       8.48057995       0.00000000  0  0 f8 f0 0a 04 08 0042 01 01
   67 2016 248 16 49 53 100 0       8.52720967       0.00000000  0  0 f8 f0 0a 04 08 0043 01 01
   67 2016 248 16 49 54 100 0       8.57339023       0.00000000  0  0 f8 f0 0a 04 08 0043 01 01
   67 2016 248 16 49 55 100 0       8.61906168       0.00000000  0  0 f8 f0 0a 04 08 0043 01 01
   67 2016 248 16 49 56 100 0       8.66439230       0.00000000  0  0 f8 f0 0a 04 08 0043 01 01
   67 2016 248 16 49 57 100 0       8.70924871       0.00000000  0  0 f8 f0 0a 04 08 0043 01 01
   67 2016 248 16 49 58 100 0       8.75368155       0.00000000  0  0 f8 f0 0a 04 08 0043 01 01
   67 2016 248 16 49 59 100 0       8.79766257       0.00000000  0  0 f8 f0 0a 04 08 0043 01 01
   67 2016 248 16 50 00 100 0       8.84126465       0.00000000  0  0 f8 f0 0a 04 08 0043 01 01
   67 2016 248 16 50 01 100 0       8.88441505       0.00000000  0  0 f8 f0 0a 04 08 0043 01 01
   67 2016 248 16 50 02 100 0       8.92717185       0.00000000  0  0 f8 f0 0a 04 08 0043 01 01
   68 2016 248 16 50 03 100 0       8.96950401       0.00000000  0  0 f8 f0 0a 04 08 0044 01 01
   68 2016 248 16 50 04 100 0       9.01141766       0.00000000  0  0 f8 f0 0a 04 08 0044 01 01
   68 2016 248 16 50 05 100 0       9.05294931       0.00000000  0  0 f8 f0 0a 04 08 0044 01 01
   68 2016 248 16 50 06 100 0       9.09403966       0.00000000  0  0 f8 f0 0a 04 08 0044 01 01
   68 2016 248 16 50 07 100 0       9.13476147       0.00000000  0  0 f8 f0 0a 04 08 0044 01 01
   68 2016 248 16 50 08 100 0       9.17507529       0.00000000  0  0 f8 f0 0a 04 08 0044 01 01
   68 2016 248 16 50 09 100 0       9.21498926       0.00000000  0  0 f8 f0 0a 04 08 0044 01 01
   68 2016 248 16 50 10 100 0       9.25450564       0.00000000  0  0 f8 f0 0a 04 08 0044 01 01
   68 2016 248 16 50 11 100 0       9.29366187       0.00000000  0  0 f8 f0 0a 04 08 0044 01 01
   68 2016 248 16 50 12 100 0       9.33241117       0.00000000  0  0 f8 f0 0a 04 08 0044 01 01
   69 2016 248 16 50 13 100 0       9.37076582       0.00000000  0  0 f8 f0 0a 04 08 0045 01 01
   69 2016 248 16 50 14 100 0       9.40878217       0.00000000  0  0 f8 f0 0a 04 08 0045 01 01
   69 2016 248 16 50 15 100 0       9.44645089       0.00000000  0  0 f8 f0 0a 04 08 0045 01 01
   69 2016 248 16 50 16 100 0       9.48371683       0.00000000  0  0 f8 f0 0a 04 08 0045 01 01
   69 2016 248 16 50 17 100 0       9.52057358       0.00000000  0  0 f8 f0 0a 04 08 0045 01 01
   69 2016 248 16 50 18 100 0       9.55707231       0.00000000  0  0 f8 f0 0a 04 08 0045 01 01
   69 2016 248 16 50 19 100 0       9.59327525       0.00000000  0  0 f8 f0 0a 04 08 0045 01 01
   69 2016 248 16 50 20 100 0       9.62906620       0.00000000  0  0 f8 f0 0a 04 08 0045 01 01
   69 2016 248 16 50 21 100 0       9.66449474       0.00000000  0  0 f8 f0 0a 04 08 0045 01 01
   69 2016 248 16 50 22 100 0       9.69962456       0.00000000  0  0 f8 f0 0a 04 08 0045 01 01
   70 2016 248 16 50 23 100 0       9.73437756       0.00000000  0  0 f8 f0 0a 04 08 0046 01 01
   70 2016 248 16 50 24 100 0       9.76880373       0.00000000  0  0 f8 f0 0a 04 08 0046 01 01
   70 2016 248 16 50 25 100 0       9.80281978       0.00000000  0  0 f8 f0 0a 04 08 0046 01 01
   70 2016 248 16 50 26 100 0       9.83657042       0.00000000  0  0 f8 f0 0a 04 08 0046 01 01
   70 2016 248 16 50 27 100 0       9.86994518       0.00000000  0  0 f8 f0 0a 04 08 0046 01 01
   70 2016 248 16 50 28 100 0       9.90301708       0.00000000  0  0 f8 f0 0a 04 08 0046 01 01
   70 2016 248 16 50 29 100 0       9.93578293       0.00000000  0  0 f8 f0 0a 04 08 0046 01 01
   70 2016 248 16 50 30 100 0       9.96818037       0.00000000  0  0 f8 f0 0a 04 08 0046 01 01
   70 2016 248 16 50 31 100 0      10.00027162       0.00000000  0  0 f8 f0 0a 04 08 0046 01 01
   70 2016 248 16 50 32 100 0      10.03201738       0.00000000  0  0 f8 f0 0a 04 08 0046 01 01
   71 2016 248 16 50 33 100 0      10.06347787       0.00000000  0  0 f8 f0 0a 04 08 0047 01 01
   71 2016 248 16 50 34 100 0      10.09461058       0.00000000  0  0 f8 f0 0a 04 08 0047 01 01
   71 2016 248 16 50 35 100 0      10.12543497       0.00000000  0  0 f8 f0 0a 04 08 0047 01 01
   71 2016 248 16 50 36 100 0      10.15592640       0.00000000  0  0 f8 f0 0a 04 08 0047 01 01
   71 2016 248 16 50 37 100 0      10.18614814       0.00000000  0  0 f8 f0 0a 04 08 0047 01 01
   71 2016 248 16 50 38 100 0      10.21602653       0.00000000  0  0 f8 f0 0a 04 08 0047 01 01
   71 2016 248 16 50 39 100 0      10.24562164       0.00000000  0  0 f8 f0 0a 04 08 0047 01 01
   71 2016 248 16 50 40 100 0      10.27495653       0.00000000  0  0 f8 f0 0a 04 08 0047 01 01
   71 2016 248 16 50 41 100 0      10.30400309       0.00000000  0  0 f8 f0 0a 04 08 0047 01 01
   71 2016 248 16 50 42 100 0      10.33270815       0.00000000  0  0 f8 f0 0a 04 08 0047 01 01
   72 2016 248 16 50 43 100 0      10.36116138       0.00000000  0  0 f8 f0 0a 04 08 0048 01 01
   72 2016 248 16 50 44 100 0      10.38935333       0.00000000  0  0 f8 f0 0a 04 08 0048 01 01
   72 2016 248 16 50 45 100 0      10.41720179       0.00000000  0  0 f8 f0 0a 04 08 0048 01 01
   72 2016 248 16 50 46 100 0      10.44477643       0.00000000  0  0 f8 f0 0a 04 08 0048 01 01
   72 2016 248 16 50 47 100 0      10.47213256       0.00000000  0  0 f8 f0 0a 04 08 0048 01 01
   72 2016 248 16 50 48 100 0      10.49918983       0.00000000  0  0 f8 f0 0a 04 08 0048 01 01
   72 2016 248 16 50 49 100 0      10.52592439       0.00000000  0  0 f8 f0 0a 04 08 0048 01 01
   72 2016 248 16 50 50 100 0      10.55245922       0.00000000  0  0 f8 f0 0a 04 08 0048 01 01
   72 2016 248 16 50 51 100 0      10.57869212       0.00000000  0  0 f8 f0 0a 04 08 0048 01 01
   72 2016 248 16 50 52 100 0      10.60467307       0.00000000  0  0 f8 f0 0a 04 08 0048 01 01
   73 2016 248 16 50 53 100 0      10.63040419       0.00000000  0  0 f8 f0 0a 04 08 0049 01 01
   73 2016 248 16 50 54 100 0      10.65587922       0.00000000  0  0 f8 f0 0a 04 08 0049 01 01
   73 2016 248 16 50 55 100 0      10.68108790       0.00000000  0  0 f8 f0 0a 04 08 0049 01 01
   73 2016 248 16 50 56 100 0      10.70603823       0.00000000  0  0 f8 f0 0a 04 08 0049 01 01
   73 2016 248 16 50 57 100 0      10.73074100       0.00000000  0  0 f8 f0 0a 04 08 0049 01 01
   73 2016 248 16 50 58 100 0      10.75524177       0.00000000  0  0 f8 f0 0a 04 08 0049 01 01
   73 2016 248 16 50 59 100 0      10.77941876       0.00000000  0  0 f8 f0 0a 04 08 0049 01 01
   73 2016 248 16 51 00 100 0      10.80344373       0.00000000  0  0 f8 f0 0a 04 08 0049 01 01
   73 2016 248 16 51 01 100 0      10.82716491       0.00000000  0  0 f8 f0 0a 04 08 0049 01 01
   73 2016 248 16 51 02 100 0      10.85063719       0.00000000  0  0 f8 f0 0a 04 08 0049 01 01
   74 2016 248 16 51 03 100 0      10.87394919       0.00000000  0  0 f8 f0 0a 04 08 004a 01 01
   74 2016 248 16 51 04 100 0      10.89697485       0.00000000  0  0 f8 f0 0a 04 08 004a 01 01
   74 2016 248 16 51 05 100 0      10.91975907       0.00000000  0  0 f8 f0 0a 04 08 004a 01 01
   74 2016 248 16 51 06 100 0      10.94233611       0.00000000  0  0 f8 f0 0a 04 08 004a 01 01
   74 2016 248 16 51 07 100 0      10.96474153       0.00000000  0  0 f8 f0 0a 04 08 004a 01 01
   74 2016 248 16 51 08 100 0      10.98685116       0.00000000  0  0 f8 f0 0a 04 08 004a 01 01
   74 2016 248 16 51 09 100 0      11.00879330       0.00000000  0  0 f8 f0 0a 04 08 004a 01 01
   74 2016 248 16 51 10 100 0      11.03049282       0.00000000  0  0 f8 f0 0a 04 08 004a 01 01
   74 2016 248 16 51 11 100 0      11.05195502       0.00000000  0  0 f8 f0 0a 04 08 004a 01 01
   74 2016 248 16 51 12 100 0      11.07324029       0.00000000  0  0 f8 f0 0a 04 08 004a 01 01
   75 2016 248 16 51 13 100 0      11.09431943       0.00000000  0  0 f8 f0 0a 04 08 004b 01 01
   75 2016 248 16 51 14 100 0      11.11517166       0.00000000  0  0 f8 f0 0a 04 08 004b 01 01
   75 2016 248 16 51 15 100 0      11.13579805       0.00000000  0  0 f8 f0 0a 04 08 004b 01 01
   75 2016 248 16 51 16 100 0      11.15622870       0.00000000  0  0 f8 f0 0a 04 08 004b 01 01
   75 2016 248 16 51 17 100 0      11.17648548       0.00000000  0  0 f8 f0 0a 04 08 004b 01 01
   75 2016 248 16 51 18 100 0      11.19651015       0.00000000  0  0 f8 f0 0a 04 08 004b 01 01
   75 2016 248 16 51 19 100 0      11.21635375       0.00000000  0  0 f8 f0 0a 04 08 004b 01 01
   75 2016 248 16 51 20 100 0      11.23599122       0.00000000  0  0 f8 f0 0a 04 08 004b 01 01
   75 2016 248 16 51 21 100 0      11.25548599       0.00000000  0  0 f8 f0 0a 04 08 004b 01 01
   75 2016 248 16 51 22 100 0      11.27469562       0.00000000  0  0 f8 f0 0a 04 08 004b 01 01
   76 2016 248 16 51 23 100 0      11.29377002       0.00000000  0  0 f8 f0 0a 04 08 004c 01 01
   76 2016 248 16 51 24 100 0      11.31262457       0.00000000  0  0 f8 f0 0a 04 08 004c 01 01
   76 2016 248 16 51 25 100 0      11.33133668       0.00000000  0  0 f8 f0 0a 04 08 004c 01 01
   76 2016 248 16 51 26 100 0      11.34983214       0.00000000  0  0 f8 f0 0a 04 08 004c 01 01
   76 2016 248 16 51 27 100 0      11.36816745       0.00000000  0  0 f8 f0 0a 04 08 004c 01 01
   76 2016 248 16 51 28 100 0      11.38629756       0.00000000  0  0 f8 f0 0a 04 08 004c 01 01
   76 2016 248 16 51 29 100 0      11.40427885       0.00000000  0  0 f8 f0 0a 04 08 004c 01 01
   76 2016 248 16 51 30 100 0      11.42207173       0.00000000  0  0 f8 f0 0a 04 08 004c 01 01
   76 2016 248 16 51 31 100 0      11.43969287       0.00000000  0  0 f8 f0 0a 04 08 004c 01 01
   76 2016 248 16 51 32 100 0      11.45710894       0.00000000  0  0 f8 f0 0a 04 08 004c 01 01
   77 2016 248 16 51 33 100 0      11.47440537       0.00000000  0  0 f8 f0 0a 04 08 004d 01 01
   77 2016 248 16 51 34 100 0      11.49152578       0.00000000  0  0 f8 f0 0a 04 08 004d 01 01
   77 2016 248 16 51 35 100 0      11.50847032       0.00000000  0  0 f8 f0 0a 04 08 004d 01 01
   77 2016 248 16 51 36 100 0      11.52520873       0.00000000  0  0 f8 f0 0a 04 08 004d 01 01
   77 2016 248 16 51 37 100 0      11.54182016       0.00000000  0  0 f8 f0 0a 04 08 004d 01 01
   77 2016 248 16 51 38 100 0      11.55829103       0.00000000  0  0 f8 f0 0a 04 08 004d 01 01
   77 2016 248 16 51 39 100 0      11.57453285       0.00000000  0  0 f8 f0 0a 04 08 004d 01 01
   77 2016 248 16 51 40 100 0      11.59066235       0.00000000  0  0 f8 f0 0a 04 08 004d 01 01
   77 2016 248 16 51 41 100 0      11.60661691       0.00000000  0  0 f8 f0 0a 04 08 004d 01 01
   77 2016 248 16 51 42 100 0      11.62243516       0.00000000  0  0 f8 f0 0a 04 08 004d 01 01
   78 2016 248 16 51 43 100 0      11.63810444       0.00000000  0  0 f8 f0 0a 04 08 004e 01 01
   78 2016 248 16 51 44 100 0      11.65364275       0.00000000  0  0 f8 f0 0a 04 08 004e 01 01
   78 2016 248 16 51 45 100 0      11.66894256       0.00000000  0  0 f8 f0 0a 04 08 004e 01 01
   78 2016 248 16 51 46 100 0      11.68415070       0.00000000  0  0 f8 f0 0a 04 08 004e 01 01
   78 2016 248 16 51 47 100 0      11.69921427       0.00000000  0  0 f8 f0 0a 04 08 004e 01 01
   78 2016 248 16 51 48 100 0      11.71413421       0.00000000  0  0 f8 f0 0a 04 08 004e 01 01
   78 2016 248 16 51 49 100 0      11.72888959       0.00000000  0  0 f8 f0 0a 04 08 004e 01 01
   78 2016 248 16 51 50 100 0      11.74351387       0.00000000  0  0 f8 f0 0a 04 08 004e 01 01
   78 2016 248 16 51 51 100 0      11.75797466       0.00000000  0  0 f8 f0 0a 04 08 004e 01 01
   78 2016 248 16 51 52 100 0      11.77230434       0.00000000  0  0 f8 f0 0a 04 08 004e 01 01
   79 2016 248 16 51 53 100 0      11.78652463       0.00000000  0  0 f8 f0 0a 04 08 004f 01 01
   79 2016 248 16 51 54 100 0      11.80057010       0.00000000  0  0 f8 f0 0a 04 08 004f 01 01
   79 2016 248 16 51 55 100 0      11.81450845       0.00000000  0  0 f8 f0 0a 04 08 004f 01 01
   79 2016 248 16 51 56 100 0      11.82829464       0.00000000  0  0 f8 f0 0a 04 08 004f 01 01
   79 2016 248 16 51 57 100 0      11.84195292       0.00000000  0  0 f8 f0 0a 04 08 004f 01 01
   79 2016 248 16 51 58 100 0      11.85549248       0.00000000  0  0 f8 f0 0a 04 08 004f 01 01
   79 2016 248 16 51 59 100 0      11.86888947       0.00000000  0  0 f8 f0 0a 04 08 004f 01 01
   79 2016 248 16 52 00 100 0      11.88215429       0.00000000  0  0 f8 f0 0a 04 08 004f 01 01
   79 2016 248 16 52 01 100 0      11.89530452       0.00000000  0  0 f8 f0 0a 04 08 004f 01 01
   79 2016 248 16 52 02 100 0      11.90829139       0.00000000  0  0 f8 f0 0a 04 08 004f 01 01
   80 2016 248 16 52 03 100 0      11.92118460       0.00000000  0  0 f8 f0 0a 04 08 0050 01 01
   80 2016 248 16 52 04 100 0      11.93396016       0.00000000  0  0 f8 f0 0a 04 08 0050 01 01
   80 2016 248 16 52 05 100 0      11.94658262       0.00000000  0  0 f8 f0 0a 04 08 0050 01 01
   80 2016 248 16 52 06 100 0      11.95909889       0.00000000  0  0 f8 f0 0a 04 08 0050 01 01
   80 2016 248 16 52 07 100 0      11.97149138       0.00000000  0  0 f8 f0 0a 04 08 0050 01 01
   80 2016 248 16 52 08 100 0      11.98377354       0.00000000  0  0 f8 f0 0a 04 08 0050 01 01
   80 2016 248 16 52 09 100 0      11.99593592       0.00000000  0  0 f8 f0 0a 04 08 0050 01 01
   80 2016 248 16 52 10 100 0      12.00798491       0.00000000  0  6 f8 f0 0a 04 08 0050 01 01
   80 2016 248 16 52 11 100 0      12.01992771       0.00000000  0  6 f8 f0 0a 04 08 0050 01 01
   80 2016 248 16 52 12 100 0      12.03172474       0.00000000  0  6 f8 f0 0a 04 08 0050 01 01
   81 2016 248 16 52 13 100 0      12.04338227       0.00000000  0  6 f8 f0 0a 04 08 0051 01 01
   81 2016 248 16 52 14 100 0      12.05496585       0.00000000  0  6 f8 f0 0a 04 08 0051 01 01
   81 2016 248 16 52 15 100 0      12.06647149       0.00000000  0  6 f8 f0 0a 04 08 0051 01 01
   81 2016 248 16 52 16 100 0      12.07785947       0.00000000  0  6 f8 f0 0a 04 08 0051 01 01
   81 2016 248 16 52 17 100 0      12.08907664       0.00000000  0  6 f8 f0 0a 04 08 0051 01 01
   81 2016 248 16 52 18 100 0      12.10026889       0.00000000  0  6 f8 f0 0a 04 08 0051 01 01
   81 2016 248 16 52 19 100 0      12.11128833       0.00000000  0  6 f8 f0 0a 04 08 0051 01 01
   81 2016 248 16 52 20 100 0      12.12222769       0.00000000  0  6 f8 f0 0a 04 08 0051 01 01
   81 2016 248 16 52 21 100 0      12.13304314       0.00000000  0  6 f8 f0 0a 04 08 0051 01 01
   81 2016 248 16 52 22 100 0      12.14374719       0.00000000  0  6 f8 f0 0a 04 08 0051 01 01
   82 2016 248 16 52 23 100 0      12.15439809       0.00000000  0  6 f8 f0 0a 04 08 0052 01 01
   82 2016 248 16 52 24 100 0      12.16492520       0.00000000  0  6 f8 f0 0a 04 08 0052 01 01
   82 2016 248 16 52 25 100 0      12.17533253       0.00000000  0  6 f8 f0 0a 04 08 0052 01 01
   82 2016 248 16 52 26 100 0      12.18565152       0.00000000  0  6 f8 f0 0a 04 08 0052 01 01
   82 2016 248 16 52 27 100 0      12.19589229       0.00000000  0  6 f8 f0 0a 04 08 0052 01 01
   82 2016 248 16 52 28 100 0      12.20603314       0.00000000  0  6 f8 f0 0a 04 08 0052 01 01
   82 2016 248 16 52 29 100 0      12.21606166       0.00000000  0  6 f8 f0 0a 04 08 0052 01 01
   82 2016 248 16 52 30 100 0      12.22603596       0.00000000  0  6 f8 f0 0a 04 08 0052 01 01
   82 2016 248 16 52 31 100 0      12.23580639       0.00000000  0  6 f8 f0 0a 04 08 0052 01 01
   82 2016 248 16 52 32 100 0      12.24556630       0.00000000  0  6 f8 f0 0a 04 08 0052 01 01
   83 2016 248 16 52 33 100 0      12.25522522       0.00000000  0  6 f8 f0 0a 04 08 0053 01 01
   83 2016 248 16 52 34 100 0      12.26480605       0.00000000  0  6 f8 f0 0a 04 08 0053 01 01
   83 2016 248 16 52 35 100 0      12.27426097       0.00000000  0  6 f8 f0 0a 04 08 0053 01 01
   83 2016 248 16 52 36 100 0      12.28364821       0.00000000  0  6 f8 f0 0a 04 08 0053 01 01
   83 2016 248 16 52 37 100 0      12.29295736       0.00000000  0  6 f8 f0 0a 04 08 0053 01 01
   83 2016 248 16 52 38 100 0      12.30210210       0.00000000  0  6 f8 f0 0a 04 08 0053 01 01
   83 2016 248 16 52 39 100 0      12.31128321       0.00000000  0  6 f8 f0 0a 04 08 0053 01 01
   83 2016 248 16 52 40 100 0      12.32027498       0.00000000  0  6 f8 f0 0a 04 08 0053 01 01
   83 2016 248 16 52 41 100 0      12.32925517       0.00000000  0  6 f8 f0 0a 04 08 0053 01 01
   83 2016 248 16 52 42 100 0      12.33809705       0.00000000  0  6 f8 f0 0a 04 08 0053 01 01
   84 2016 248 16 52 43 100 0      12.34687950       0.00000000  0  6 f8 f0 0a 04 08 0054 01 01
   84 2016 248 16 52 44 100 0      12.35556722       0.00000000  0  6 f8 f0 0a 04 08 0054 01 01
   84 2016 248 16 52 45 100 0      12.36416953       0.00000000  0  6 f8 f0 0a 04 08 0054 01 01
   84 2016 248 16 52 46 100 0      12.37270109       0.00000000  0  6 f8 f0 0a 04 08 0054 01 01
   84 2016 248 16 52 47 100 0      12.38114631       0.00000000  0  6 f8 f0 0a 04 08 0054 01 01
   84 2016 248 16 52 48 100 0      12.38948227       0.00000000  0  6 f8 f0 0a 04 08 0054 01 01
   84 2016 248 16 52 49 100 0      12.39779212       0.00000000  0  6 f8 f0 0a 04 08 0054 01 01
   84 2016 248 16 52 50 100 0      12.40597605       0.00000000  0  6 f8 f0 0a 04 08 0054 01 01
   84 2016 248 16 52 51 100 0      12.41406632       0.00000000  0  6 f8 f0 0a 04 08 0054 01 01
   84 2016 248 16 52 52 100 0      12.42215232       0.00000000  0  6 f8 f0 0a 04 08 0054 01 01
   85 2016 248 16 52 53 100 0      12.43008949       0.00000000  0  6 f8 f0 0a 04 08 0055 01 01
   85 2016 248 16 52 54 100 0      12.43803613       0.00000000  0  6 f8 f0 0a 04 08 0055 01 01
   85 2016 248 16 52 55 100 0      12.44582140       0.00000000  0  6 f8 f0 0a 04 08 0055 01 01
   85 2016 248 16 52 56 100 0      12.45361907       0.00000000  0  6 f8 f0 0a 04 08 0055 01 01
   85 2016 248 16 52 57 100 0      12.46123260       0.00000000  0  6 f8 f0 0a 04 08 0055 01 01
   85 2016 248 16 52 58 100 0      12.46886998       0.00000000  0  6 f8 f0 0a 04 08 0055 01 01
   85 2016 248 16 52 59 100 0      12.47637838       0.00000000  0  6 f8 f0 0a 04 08 0055 01 01
   85 2016 248 16 53 00 100 0      12.48385854       0.00000000  0  6 f8 f0 0a 04 08 0055 01 01
   85 2016 248 16 53 01 100 0      12.49120345       0.00000000  0  6 f8 f0 0a 04 08 0055 01 01
   85 2016 248 16 53 02 100 0      12.49854317       0.00000000  0  6 f8 f0 0a 04 08 0055 01 01
   86 2016 248 16 53 03 100 0      12.50578616       0.00000000  0  6 f8 f0 0a 04 08 0056 01 01
   86 2016 248 16 53 04 100 0      12.51296452       0.00000000  0  6 f8 f0 0a 04 08 0056 01 01
   86 2016 248 16 53 05 100 0      12.52006267       0.00000000  0  6 f8 f0 0a 04 08 0056 01 01
   86 2016 248 16 53 06 100 0      12.52706516       0.00000000  0  6 f8 f0 0a 04 08 0056 01 01
   86 2016 248 16 53 07 100 0      12.53404366       0.00000000  0  6 f8 f0 0a 04 08 0056 01 01
   86 2016 248 16 53 08 100 0      12.54093676       0.00000000  0  6 f8 f0 0a 04 08 0056 01 01
   86 2016 248 16 53 09 100 0      12.54779454       0.00000000  0  6 f8 f0 0a 04 08 0056 01 01
   86 2016 248 16 53 10 100 0      12.55460543       0.00000000  0  6 f8 f0 0a 04 08 0056 01 01
   86 2016 248 16 53 11 100 0      12.56124776       0.00000000  0  6 f8 f0 0a 04 08 0056 01 01
   86 2016 248 16 53 12 100 0      12.56790249       0.00000000  0  6 f8 f0 0a 04 08 0056 01 01
   87 2016 248 16 53 13 100 0      12.57450099       0.00000000  0  6 f8 f0 0a 04 08 0057 01 01
   87 2016 248 16 53 14 100 0      12.58099862       0.00000000  0  6 f8 f0 0a 04 08 0057 01 01
   87 2016 248 16 53 15 100 0      12.58748480       0.00000000  0  6 f8 f0 0a 04 08 0057 01 01
   87 2016 248 16 53 16 100 0      12.59386785       0.00000000  0  6 f8 f0 0a 04 08 0057 01 01
   87 2016 248 16 53 17 100 0      12.60021239       0.00000000  0  6 f8 f0 0a 04 08 0057 01 01
   87 2016 248 16 53 18 100 0      12.60642795       0.00000000  0  6 f8 f0 0a 04 08 0057 01 01
   87 2016 248 16 53 19 100 0      12.61266417       0.00000000  0  6 f8 f0 0a 04 08 0057 01 01
   87 2016 248 16 53 20 100 0      12.61881511       0.00000000  0  6 f8 f0 0a 04 08 0057 01 01
   87 2016 248 16 53 21 100 0      12.62486932       0.00000000  0  6 f8 f0 0a 04 08 0057 01 01
   87 2016 248 16 53 22 100 0      12.63094844       0.00000000  0  6 f8 f0 0a 04 08 0057 01 01
   88 2016 248 16 53 23 100 0      12.63690472       0.00000000  0  6 f8 f0 0a 04 08 0058 01 01
   88 2016 248 16 53 24 100 0      12.64280583       0.00000000  0  6 f8 f0 0a 04 08 0058 01 01
   88 2016 248 16 53 25 100 0      12.64865485       0.00000000  0  6 f8 f0 0a 04 08 0058 01 01
   88 2016 248 16 53 26 100 0      12.65445084       0.00000000  0  6 f8 f0 0a 04 08 0058 01 01
   88 2016 248 16 53 27 100 0      12.66021671       0.00000000  0  6 f8 f0 0a 04 08 0058 01 01
   88 2016 248 16 53 28 100 0      12.66588879       0.00000000  0  6 f8 f0 0a 04 08 0058 01 01
   88 2016 248 16 53 29 100 0      12.67153181       0.00000000  0  6 f8 f0 0a 04 08 0058 01 01
   88 2016 248 16 53 30 100 0      12.67710609       0.00000000  0  6 f8 f0 0a 04 08 0058 01 01
   88 2016 248 16 53 31 100 0      12.68262307       0.00000000  0  6 f8 f0 0a 04 08 0058 01 01
   88 2016 248 16 53 32 100 0      12.68813699       0.00000000  0  6 f8 f0 0a 04 08 0058 01 01
   89 2016 248 16 53 33 100 0      12.69352073       0.00000000  0  6 f8 f0 0a 04 08 0059 01 01
   89 2016 248 16 53 34 100 0      12.69888475       0.00000000  0  6 f8 f0 0a 04 08 0059 01 01
   89 2016 248 16 53 35 100 0      12.70418627       0.00000000  0  6 f8 f0 0a 04 08 0059 01 01
   89 2016 248 16 53 36 100 0      12.70945449       0.00000000  0  6 f8 f0 0a 04 08 0059 01 01
   89 2016 248 16 53 37 100 0      12.71466755       0.00000000  0  6 f8 f0 0a 04 08 0059 01 01
   89 2016 248 16 53 38 100 0      12.71982745       0.00000000  0  6 f8 f0 0a 04 08 0059 01 01
   89 2016 248 16 53 39 100 0      12.72496256       0.00000000  0  6 f8 f0 0a 04 08 0059 01 01
   89 2016 248 16 53 40 100 0      12.72998295       0.00000000  0  6 f8 f0 0a 04 08 0059 01 01
   89 2016 248 16 53 41 100 0      12.73498895       0.00000000  0  6 f8 f0 0a 04 08 0059 01 01
   89 2016 248 16 53 42 100 0      12.73993752       0.00000000  0  6 f8 f0 0a 04 08 0059 01 01
   90 2016 248 16 53 43 100 0      12.74483307       0.00000000  0  6 f8 f0 0a 04 08 005a 01 01
   90 2016 248 16 53 44 100 0      12.74967772       0.00000000  0  6 f8 f0 0a 04 08 005a 01 01
   90 2016 248 16 53 45 100 0      12.75449212       0.00000000  0  6 f8 f0 0a 04 08 005a 01 01
   90 2016 248 16 53 46 100 0      12.75928973       0.00000000  0  6 f8 f0 0a 04 08 005a 01 01
   90 2016 248 16 53 47 100 0      12.76401779       0.00000000  0  6 f8 f0 0a 04 08 005a 01 01
   90 2016 248 16 53 48 100 0      12.76864059       0.00000000  0  6 f8 f0 0a 04 08 005a 01 01
   90 2016 248 16 53 49 100 0      12.77327911       0.00000000  0  6 f8 f0 0a 04 08 005a 01 01
   90 2016 248 16 53 50 100 0      12.77785927       0.00000000  0  6 f8 f0 0a 04 08 005a 01 01
   90 2016 248 16 53 51 100 0      12.78237894       0.00000000  0  6 f8 f0 0a 04 08 005a 01 01
   90 2016 248 16 53 52 100 0      12.78689249       0.00000000  0  6 f8 f0 0a 04 08 005a 01 01
   91 2016 248 16 53 53 100 0      12.79134047       0.00000000  0  6 f8 f0 0a 04 08 005b 01 01
   91 2016 248 16 53 54 100 0      12.79571664       0.00000000  0  6 f8 f0 0a 04 08 005b 01 01
   91 2016 248 16 53 55 100 0      12.80008335       0.00000000  0  6 f8 f0 0a 04 08 005b 01 01
   91 2016 248 16 53 56 100 0      12.80435853       0.00000000  0  6 f8 f0 0a 04 08 005b 01 01
   91 2016 248 16 53 57 100 0      12.80866914       0.00000000  0  6 f8 f0 0a 04 08 005b 01 01
   91 2016 248 16 53 58 100 0      12.81288502       0.00000000  0  6 f8 f0 0a 04 08 005b 01 01
   91 2016 248 16 53 59 100 0      12.81703522       0.00000000  0  6 f8 f0 0a 04 08 005b 01 01
   91 2016 248 16 54 00 100 0      12.82118754       0.00000000  0  6 f8 f0 0a 04 08 005b 01 01
   91 2016 248 16 54 01 100 0      12.82530443       0.00000000  0  6 f8 f0 0a 04 08 005b 01 01
   91 2016 248 16 54 02 100 0      12.82934030       0.00000000  0  6 f8 f0 0a 04 08 005b 01 01
   92 2016 248 16 54 03 100 0      12.83334273       0.00000000  0  6 f8 f0 0a 04 08 005c 01 01
   92 2016 248 16 54 04 100 0      12.83727947       0.00000000  0  6 f8 f0 0a 04 08 005c 01 01
   92 2016 248 16 54 05 100 0      12.84122154       0.00000000  0  6 f8 f0 0a 04 08 005c 01 01
   92 2016 248 16 54 06 100 0      12.84509699       0.00000000  0  6 f8 f0 0a 04 08 005c 01 01
   92 2016 248 16 54 07 100 0      12.84894753       0.00000000  0  6 f8 f0 0a 04 08 005c 01 01
   92 2016 248 16 54 08 100 0      12.85277821       0.00000000  0  6 f8 f0 0a 04 08 005c 01 01
   92 2016 248 16 54 09 100 0      12.85653814       0.00000000  0  6 f8 f0 0a 04 08 005c 01 01
   92 2016 248 16 54 10 100 0      12.86027928       0.00000000  0  6 f8 f0 0a 04 08 005c 01 01
   92 2016 248 16 54 11 100 0      12.86394861       0.00000000  0  6 f8 f0 0a 04 08 005c 01 01
   92 2016 248 16 54 12 100 0      12.86759089       0.00000000  0  6 f8 f0 0a 04 08 005c 01 01
   93 2016 248 16 54 13 100 0      12.87116228       0.00000000  0  6 f8 f0 0a 04 08 005d 01 01
   93 2016 248 16 54 14 100 0      12.87477751       0.00000000  0  6 f8 f0 0a 04 08 005d 01 01
   93 2016 248 16 54 15 100 0      12.87832399       0.00000000  0  6 f8 f0 0a 04 08 005d 01 01
   93 2016 248 16 54 16 100 0      12.88183303       0.00000000  0  6 f8 f0 0a 04 08 005d 01 01
   93 2016 248 16 54 17 100 0      12.88530462       0.00000000  0  6 f8 f0 0a 04 08 005d 01 01
   93 2016 248 16 54 18 100 0      12.88872625       0.00000000  0  6 f8 f0 0a 04 08 005d 01 01
   93 2016 248 16 54 19 100 0      12.89214149       0.00000000  0  6 f8 f0 0a 04 08 005d 01 01
   93 2016 248 16 54 20 100 0      12.89551635       0.00000000  0  6 f8 f0 0a 04 08 005d 01 01
   93 2016 248 16 54 21 100 0      12.89881927       0.00000000  0  6 f8 f0 0a 04 08 005d 01 01
   93 2016 248 16 54 22 100 0      12.90209606       0.00000000  0  6 f8 f0 0a 04 08 005d 01 01
   94 2016 248 16 54 23 100 0      12.90539485       0.00000000  0  6 f8 f0 0a 04 08 005e 01 01
   94 2016 248 16 54 24 100 0      12.90856452       0.00000000  0  6 f8 f0 0a 04 08 005e 01 01
   94 2016 248 16 54 25 100 0      12.91168636       0.00000000  0  6 f8 f0 0a 04 08 005e 01 01
   94 2016 248 16 54 26 100 0      12.91486749       0.00000000  0  6 f8 f0 0a 04 08 005e 01 01
   94 2016 248 16 54 27 100 0      12.91794869       0.00000000  0  6 f8 f0 0a 04 08 005e 01 01
   94 2016 248 16 54 28 100 0      12.92104441       0.00000000  0  6 f8 f0 0a 04 08 005e 01 01
   94 2016 248 16 54 29 100 0      12.92411109       0.00000000  0  6 f8 f0 0a 04 08 005e 01 01
   94 2016 248 16 54 30 100 0      12.92714339       0.00000000  0  6 f8 f0 0a 04 08 005e 01 01
   94 2016 248 16 54 31 100 0      12.93010174       0.00000000  0  6 f8 f0 0a 04 08 005e 01 01
   94 2016 248 16 54 32 100 0      12.93303092       0.00000000  0  6 f8 f0 0a 04 08 005e 01 01
   95 2016 248 16 54 33 100 0      12.93601019       0.00000000  0  6 f8 f0 0a 04 08 005f 01 01
   95 2016 248 16 54 34 100 0      12.93884875       0.00000000  0  6 f8 f0 0a 04 08 005f 01 01
   95 2016 248 16 54 35 100 0      12.94164375       0.00000000  0  6 f8 f0 0a 04 08 005f 01 01
   95 2016 248 16 54 36 100 0      12.94451883       0.00000000  0  6 f8 f0 0a 04 08 005f 01 01
   95 2016 248 16 54 37 100 0      12.94730437       0.00000000  0  6 f8 f0 0a 04 08 005f 01 01
   95 2016 248 16 54 38 100 0      12.95008578       0.00000000  0  6 f8 f0 0a 04 08 005f 01 01
   95 2016 248 16 54 39 100 0      12.95305359       0.00000000  0  6 f8 f0 0a 04 08 005f 01 01
   95 2016 248 16 54 40 100 0      12.95552574       0.00000000  0  6 f8 f0 0a 04 08 005f 01 01
   95 2016 248 16 54 41 100 0      12.95806572       0.00000000  0  6 f8 f0 0a 04 08 005f 01 01
   95 2016 248 16 54 42 100 0      12.96076798       0.00000000  0  6 f8 f0 0a 04 08 005f 01 01
   96 2016 248 16 54 43 100 0      12.96334646       0.00000000  0  6 f8 f0 0a 04 08 0060 01 01
   96 2016 248 16 54 44 100 0      12.96594147       0.00000000  0  6 f8 f0 0a 04 08 0060 01 01
   96 2016 248 16 54 45 100 0      12.96847824       0.00000000  0  6 f8 f0 0a 04 08 0060 01 01
   96 2016 248 16 54 46 100 0      12.97099317       0.00000000  0  6 f8 f0 0a 04 08 0060 01 01
   96 2016 248 16 54 47 100 0      12.97347905       0.00000000  0  6 f8 f0 0a 04 08 0060 01 01
   96 2016 248 16 54 48 100 0      12.97594401       0.00000000  0  6 f8 f0 0a 04 08 0060 01 01
   96 2016 248 16 54 49 100 0      12.97845374       0.00000000  0  6 f8 f0 0a 04 08 0060 01 01
   96 2016 248 16 54 50 100 0      12.98073016       0.00000000  0  6 f8 f0 0a 04 08 0060 01 01
   96 2016 248 16 54 51 100 0      12.98314209       0.00000000  0  6 f8 f0 0a 04 08 0060 01 01
   96 2016 248 16 54 52 100 0      12.98551551       0.00000000  0  6 f8 f0 0a 04 08 0060 01 01
   97 2016 248 16 54 53 100 0      12.98782951       0.00000000  0  6 f8 f0 0a 04 08 0061 01 01
   97 2016 248 16 54 54 100 0      12.99009874       0.00000000  0  6 f8 f0 0a 04 08 0061 01 01
   97 2016 248 16 54 55 100 0      12.99238782       0.00000000  0  6 f8 f0 0a 04 08 0061 01 01
   97 2016 248 16 54 56 100 0      13.07141738       0.00000000  0  6 f8 f0 0a 04 08 0061 01 01
   97 2016 248 16 54 57 100 0      13.07210450       0.00000000  0  6 f8 f0 0a 04 08 0061 01 01
   97 2016 248 16 54 58 100 0      13.07359614       0.00000000  0  6 f8 f0 0a 04 08 0061 01 01
   97 2016 248 16 54 59 100 0      13.07461104       0.00000000  0  6 f8 f0 0a 04 08 0061 01 01
   97 2016 248 16 55 00 100 0      13.07587789       0.00000000  0  6 f8 f0 0a 04 08 0061 01 01
   97 2016 248 16 55 01 100 0      13.07702083       0.00000000  0  6 f8 f0 0a 04 08 0061 01 01
   97 2016 248 16 55 02 100 0      13.07794939       0.00000000  0  6 f8 f0 0a 04 08 0061 01 01
   98 2016 248 16 55 03 100 0      13.07903091       0.00000000  0  6 f8 f0 0a 04 08 0062 01 01
   98 2016 248 16 55 04 100 0      13.08007605       0.00000000  0  6 f8 f0 0a 04 08 0062 01 01
   98 2016 248 16 55 05 100 0      13.08081194       0.00000000  0  6 f8 f0 0a 04 08 0062 01 01
   98 2016 248 16 55 06 100 0      13.08205695       0.00000000  0  6 f8 f0 0a 04 08 0062 01 01
   98 2016 248 16 55 07 100 0      13.08274194       0.00000000  0  6 f8 f0 0a 04 08 0062 01 01
   98 2016 248 16 55 08 100 0      13.08400773       0.00000000  0  6 f8 f0 0a 04 08 0062 01 01
   98 2016 248 16 55 09 100 0      13.08485195       0.00000000  0  6 f8 f0 0a 04 08 0062 01 01
   98 2016 248 16 55 10 100 0      13.08545153       0.00000000  0  6 f8 f0 0a 04 08 0062 01 01
   98 2016 248 16 55 11 100 0      13.08691718       0.00000000  0  6 f8 f0 0a 04 08 0062 01 01
   98 2016 248 16 55 12 100 0      13.08795806       0.00000000  0  6 f8 f0 0a 04 08 0062 01 01
   99 2016 248 16 55 13 100 0      13.08842134       0.00000000  0  6 f8 f0 0a 04 08 0063 01 01
   99 2016 248 16 55 14 100 0      13.08949873       0.00000000  0  6 f8 f0 0a 04 08 0063 01 01
   99 2016 248 16 55 15 100 0      13.09032003       0.00000000  0  6 f8 f0 0a 04 08 0063 01 01
   99 2016 248 16 55 16 100 0      13.09146403       0.00000000  0  6 f8 f0 0a 04 08 0063 01 01
   99 2016 248 16 55 17 100 0      13.09209480       0.00000000  0  6 f8 f0 0a 04 08 0063 01 01
   99 2016 248 16 55 18 100 0      13.09282030       0.00000000  0  6 f8 f0 0a 04 08 0063 01 01
   99 2016 248 16 55 19 100 0      13.09372074       0.00000000  0  6 f8 f0 0a 04 08 0063 01 01
   99 2016 248 16 55 20 100 0      13.09469820       0.00000000  0  6 f8 f0 0a 04 08 0063 01 01
   99 2016 248 16 55 21 100 0      13.09569537       0.00000000  0  6 f8 f0 0a 04 08 0063 01 01
   99 2016 248 16 55 22 100 0      13.09619716       0.00000000  0  6 f8 f0 0a 04 08 0063 01 01
  100 2016 248 16 55 23 100 0      13.09705590       0.00000000  0  6 f8 f0 0a 04 08 0064 01 01
  101 2016 248 16 55 35 300 0       6.28476208       0.00000000  0  0 f8 f0 0a 04 08 0065 01 01
  101 2016 248 16 55 36 300 0       6.28486415       0.00000000  0  0 f8 f0 0a 04 08 0065 01 01
  101 2016 248 16 55 37 300 0       6.28571875       0.00000000  0  0 f8 f0 0a 04 08 0065 01 01
  101 2016 248 16 55 38 300 0       6.28640108       0.00000000  0  0 f8 f0 0a 04 08 0065 01 01
  101 2016 248 16 55 39 300 0       6.28723117       0.00000000  0  0 f8 f0 0a 04 08 0065 01 01
  101 2016 248 16 55 40 300 0       6.28791044       0.00000000  0  0 f8 f0 0a 04 08 0065 01 01
  101 2016 248 16 55 41 300 0       6.28834041       0.00000000  0  0 f8 f0 0a 04 08 0065 01 01
