 BkNo Year Day hh mm ss mss ns      Range (km)    RangCalib(km) Tv DvTSnRSnDTpSTpSId BkCtSRtInTim
    1 2016 252 12 23 35 682 0    1936.20179539       0.00000000  0  0 f9 f0 18 04 01 0001 01 01
    1 2016 252 12 23 36 682 0    1929.38196666       0.00000000  0  0 f9 f0 18 04 01 0001 01 01
    1 2016 252 12 23 37 682 0    1922.56558554       0.00000000  0  0 f9 f0 18 04 01 0001 01 01
    1 2016 252 12 23 38 682 0    1915.75205245       0.00000000  0  0 f9 f0 18 04 01 0001 01 01
    1 2016 252 12 23 39 682 0    1908.94001832       0.00000000  0  0 f9 f0 18 04 01 0001 01 01
    1 2016 252 12 23 40 682 0    1902.13308067       0.00000000  0  0 f9 f0 18 04 01 0001 01 01
    1 2016 252 12 23 41 682 0    1895.32899104       0.00000000  0  0 f9 f0 18 04 01 0001 01 01
    1 2016 252 12 23 42 682 0    1888.52714986       0.00000000  0  0 f9 f0 18 04 01 0001 01 01
    1 2016 252 12 23 43 682 0    1881.72905608       0.00000000  0  0 f9 f0 18 04 01 0001 01 01
    1 2016 252 12 23 44 682 0    1874.93440992       0.00000000  0  0 f9 f0 18 04 01 0001 01 01
    2 2016 252 12 23 45 682 0    1868.14276168       0.00000000  0  0 f9 f0 18 04 01 0002 01 01
    2 2016 252 12 23 46 682 0    1861.35456105       0.00000000  0  0 f9 f0 18 04 01 0002 01 01
    2 2016 252 12 23 47 682 0    1854.57010783       0.00000000  0  0 f9 f0 18 04 01 0002 01 01
    2 2016 252 12 23 48 682 0    1847.78835274       0.00000000  0  0 f9 f0 18 04 01 0002 01 01
    2 2016 252 12 23 49 682 0    1841.00929579       0.00000000  0  0 f9 f0 18 04 01 0002 01 01
    2 2016 252 12 23 50 682 0    1834.23563509       0.00000000  0  0 f9 f0 18 04 01 0002 01 01
    2 2016 252 12 23 51 682 0    1827.46437274       0.00000000  0  0 f9 f0 18 04 01 0002 01 01
    2 2016 252 12 23 52 682 0    1820.69700769       0.00000000  0  0 f9 f0 18 04 01 0002 01 01
    2 2016 252 12 23 53 682 0    1813.93383973       0.00000000  0  0 f9 f0 18 04 01 0002 01 01
    2 2016 252 12 23 54 682 0    1807.17441918       0.00000000  0  0 f9 f0 18 04 01 0002 01 01
    3 2016 252 12 23 55 682 0    1800.41814645       0.00000000  0  0 f9 f0 18 04 01 0003 01 01
    3 2016 252 12 23 56 682 0    1793.66547123       0.00000000  0  0 f9 f0 18 04 01 0003 01 01
    3 2016 252 12 23 57 682 0    1786.91669331       0.00000000  0  0 f9 f0 18 04 01 0003 01 01
    3 2016 252 12 23 58 682 0    1780.17226239       0.00000000  0  0 f9 f0 18 04 01 0003 01 01
    3 2016 252 12 23 59 682 0    1773.43157887       0.00000000  0  0 f9 f0 18 04 01 0003 01 01
    3 2016 252 12 24 00 682 0    1766.69449285       0.00000000  0  0 f9 f0 18 04 01 0003 01 01
    3 2016 252 12 24 01 682 0    1759.96280310       0.00000000  0  0 f9 f0 18 04 01 0003 01 01
    3 2016 252 12 24 02 682 0    1753.23411128       0.00000000  0  0 f9 f0 18 04 01 0003 01 01
    3 2016 252 12 24 03 682 0    1746.51036603       0.00000000  0  0 f9 f0 18 04 01 0003 01 01
    3 2016 252 12 24 04 682 0    1739.79081788       0.00000000  0  0 f9 f0 18 04 01 0003 01 01
    4 2016 252 12 24 05 682 0    1733.07516703       0.00000000  0  0 f9 f0 18 04 01 0004 01 01
    4 2016 252 12 24 06 682 0    1726.36356337       0.00000000  0  0 f9 f0 18 04 01 0004 01 01
    4 2016 252 12 24 07 682 0    1719.65615682       0.00000000  0  0 f9 f0 18 04 01 0004 01 01
    4 2016 252 12 24 08 682 0    1712.95369683       0.00000000  0  0 f9 f0 18 04 01 0004 01 01
    4 2016 252 12 24 09 682 0    1706.25543394       0.00000000  0  0 f9 f0 18 04 01 0004 01 01
    4 2016 252 12 24 10 682 0    1699.56241742       0.00000000  0  0 f9 f0 18 04 01 0004 01 01
    4 2016 252 12 24 11 682 0    1692.87509696       0.00000000  0  0 f9 f0 18 04 01 0004 01 01
    4 2016 252 12 24 12 682 0    1686.19032473       0.00000000  0  0 f9 f0 18 04 01 0004 01 01
    4 2016 252 12 24 13 682 0    1679.51079887       0.00000000  0  0 f9 f0 18 04 01 0004 01 01
    4 2016 252 12 24 14 682 0    1672.83651938       0.00000000  0  0 f9 f0 18 04 01 0004 01 01
    5 2016 252 12 24 15 682 0    1666.16733636       0.00000000  0  0 f9 f0 18 04 01 0005 01 01
    5 2016 252 12 24 16 682 0    1659.50295001       0.00000000  0  0 f9 f0 18 04 01 0005 01 01
    5 2016 252 12 24 17 682 0    1652.84381004       0.00000000  0  0 f9 f0 18 04 01 0005 01 01
    5 2016 252 12 24 18 682 0    1646.18991644       0.00000000  0  0 f9 f0 18 04 01 0005 01 01
    5 2016 252 12 24 19 682 0    1639.54081951       0.00000000  0  0 f9 f0 18 04 01 0005 01 01
    5 2016 252 12 24 20 682 0    1632.89726874       0.00000000  0  0 f9 f0 18 04 01 0005 01 01
    5 2016 252 12 24 21 682 0    1626.25896435       0.00000000  0  0 f9 f0 18 04 01 0005 01 01
    5 2016 252 12 24 22 682 0    1619.62560652       0.00000000  0  0 f9 f0 18 04 01 0005 01 01
    5 2016 252 12 24 23 682 0    1612.99839445       0.00000000  0  0 f9 f0 18 04 01 0005 01 01
    5 2016 252 12 24 24 682 0    1606.37657864       0.00000000  0  0 f9 f0 18 04 01 0005 01 01
    6 2016 252 12 24 25 682 0    1599.76045888       0.00000000  0  0 f9 f0 18 04 01 0006 01 01
    6 2016 252 12 24 26 682 0    1593.15018508       0.00000000  0  0 f9 f0 18 04 01 0006 01 01
    6 2016 252 12 24 27 682 0    1586.54545743       0.00000000  0  0 f9 f0 18 04 01 0006 01 01
    6 2016 252 12 24 28 682 0    1579.94732523       0.00000000  0  0 f9 f0 18 04 01 0006 01 01
    6 2016 252 12 24 29 682 0    1573.35488908       0.00000000  0  0 f9 f0 18 04 01 0006 01 01
    6 2016 252 12 24 30 682 0    1566.76814898       0.00000000  0  0 f9 f0 18 04 01 0006 01 01
    6 2016 252 12 24 31 682 0    1560.18770453       0.00000000  0  0 f9 f0 18 04 01 0006 01 01
    6 2016 252 12 24 32 682 0    1553.61415530       0.00000000  0  0 f9 f0 18 04 01 0006 01 01
    6 2016 252 12 24 33 682 0    1547.04525286       0.00000000  0  0 f9 f0 18 04 01 0006 01 01
    6 2016 252 12 24 34 682 0    1540.48369533       0.00000000  0  0 f9 f0 18 04 01 0006 01 01
    7 2016 252 12 24 35 682 0    1533.92843344       0.00000000  0  0 f9 f0 18 04 01 0007 01 01
    7 2016 252 12 24 36 682 0    1527.38036657       0.00000000  0  0 f9 f0 18 04 01 0007 01 01
    7 2016 252 12 24 37 682 0    1520.83859535       0.00000000  0  0 f9 f0 18 04 01 0007 01 01
    7 2016 252 12 24 38 682 0    1514.30326966       0.00000000  0  0 f9 f0 18 04 01 0007 01 01
    7 2016 252 12 24 39 682 0    1507.77513899       0.00000000  0  0 f9 f0 18 04 01 0007 01 01
    7 2016 252 12 24 40 682 0    1501.25420334       0.00000000  0  0 f9 f0 18 04 01 0007 01 01
    7 2016 252 12 24 41 682 0    1494.74076250       0.00000000  0  0 f9 f0 18 04 01 0007 01 01
    7 2016 252 12 24 42 682 0    1488.23391710       0.00000000  0  0 f9 f0 18 04 01 0007 01 01
    7 2016 252 12 24 43 682 0    1481.73336733       0.00000000  0  0 f9 f0 18 04 01 0007 01 01
    7 2016 252 12 24 44 682 0    1475.24166145       0.00000000  0  0 f9 f0 18 04 01 0007 01 01
    8 2016 252 12 24 45 682 0    1468.75625121       0.00000000  0  0 f9 f0 18 04 01 0008 01 01
    8 2016 252 12 24 46 682 0    1462.28043432       0.00000000  0  0 f9 f0 18 04 01 0008 01 01
    8 2016 252 12 24 47 682 0    1455.81031349       0.00000000  0  0 f9 f0 18 04 01 0008 01 01
    8 2016 252 12 24 48 682 0    1449.34963613       0.00000000  0  0 f9 f0 18 04 01 0008 01 01
    8 2016 252 12 24 49 682 0    1442.89645357       0.00000000  0  0 f9 f0 18 04 01 0008 01 01
    8 2016 252 12 24 50 682 0    1436.45091572       0.00000000  0  0 f9 f0 18 04 01 0008 01 01
    8 2016 252 12 24 51 682 0    1430.01347227       0.00000000  0  0 f9 f0 18 04 01 0008 01 01
    8 2016 252 12 24 52 682 0    1423.58457291       0.00000000  0  0 f9 f0 18 04 01 0008 01 01
    8 2016 252 12 24 53 682 0    1417.16361804       0.00000000  0  0 f9 f0 18 04 01 0008 01 01
    8 2016 252 12 24 54 682 0    1410.75225654       0.00000000  0  0 f9 f0 18 04 01 0008 01 01
    9 2016 252 12 24 55 682 0    1404.34883953       0.00000000  0  0 f9 f0 18 04 01 0009 01 01
    9 2016 252 12 24 56 682 0    1397.95501588       0.00000000  0  0 f9 f0 18 04 01 0009 01 01
    9 2016 252 12 24 57 682 0    1391.56928663       0.00000000  0  0 f9 f0 18 04 01 0009 01 01
    9 2016 252 12 24 58 682 0    1385.19195157       0.00000000  0  0 f9 f0 18 04 01 0009 01 01
    9 2016 252 12 24 59 682 0    1378.82525914       0.00000000  0  0 f9 f0 18 04 01 0009 01 01
    9 2016 252 12 25 00 682 0    1372.46681100       0.00000000  0  0 f9 f0 18 04 01 0009 01 01
    9 2016 252 12 25 01 682 0    1366.11855580       0.00000000  0  0 f9 f0 18 04 01 0009 01 01
    9 2016 252 12 25 02 682 0    1359.77944428       0.00000000  0  0 f9 f0 18 04 01 0009 01 01
    9 2016 252 12 25 03 682 0    1353.44947642       0.00000000  0  0 f9 f0 18 04 01 0009 01 01
    9 2016 252 12 25 04 682 0    1347.13090068       0.00000000  0  0 f9 f0 18 04 01 0009 01 01
   10 2016 252 12 25 05 682 0    1340.82146861       0.00000000  0  0 f9 f0 18 04 01 000a 01 01
   10 2016 252 12 25 06 682 0    1334.52342865       0.00000000  0  0 f9 f0 18 04 01 000a 01 01
   10 2016 252 12 25 07 682 0    1328.23498206       0.00000000  0  0 f9 f0 18 04 01 000a 01 01
   10 2016 252 12 25 08 682 0    1321.95612882       0.00000000  0  0 f9 f0 18 04 01 000a 01 01
   10 2016 252 12 25 09 682 0    1315.68866769       0.00000000  0  0 f9 f0 18 04 01 000a 01 01
   10 2016 252 12 25 10 682 0    1309.43169930       0.00000000  0  0 f9 f0 18 04 01 000a 01 01
   10 2016 252 12 25 11 682 0    1303.18537354       0.00000000  0  0 f9 f0 18 04 01 000a 01 01
   10 2016 252 12 25 12 682 0    1296.95058979       0.00000000  0  0 f9 f0 18 04 01 000a 01 01
   10 2016 252 12 25 13 682 0    1290.72779774       0.00000000  0  0 f9 f0 18 04 01 000a 01 01
   10 2016 252 12 25 14 682 0    1284.51564832       0.00000000  0  0 f9 f0 18 04 01 000a 01 01
   11 2016 252 12 25 15 682 0    1278.31594029       0.00000000  0  0 f9 f0 18 04 01 000b 01 01
   11 2016 252 12 25 16 682 0    1272.12717468       0.00000000  0  0 f9 f0 18 04 01 000b 01 01
   11 2016 252 12 25 17 682 0    1265.95100036       0.00000000  0  0 f9 f0 18 04 01 000b 01 01
   11 2016 252 12 25 18 682 0    1259.78756722       0.00000000  0  0 f9 f0 18 04 01 000b 01 01
   11 2016 252 12 25 19 682 0    1253.63597587       0.00000000  0  0 f9 f0 18 04 01 000b 01 01
   11 2016 252 12 25 20 682 0    1247.49667602       0.00000000  0  0 f9 f0 18 04 01 000b 01 01
   11 2016 252 12 25 21 682 0    1241.37011735       0.00000000  0  0 f9 f0 18 04 01 000b 01 01
   11 2016 252 12 25 22 682 0    1235.25644975       0.00000000  0  0 f9 f0 18 04 01 000b 01 01
   11 2016 252 12 25 23 682 0    1229.15627282       0.00000000  0  0 f9 f0 18 04 01 000b 01 01
   11 2016 252 12 25 24 682 0    1223.06988634       0.00000000  0  0 f9 f0 18 04 01 000b 01 01
   12 2016 252 12 25 25 682 0    1216.99669072       0.00000000  0  0 f9 f0 18 04 01 000c 01 01
   12 2016 252 12 25 26 682 0    1210.93728556       0.00000000  0  0 f9 f0 18 04 01 000c 01 01
   12 2016 252 12 25 27 682 0    1204.89182075       0.00000000  0  0 f9 f0 18 04 01 000c 01 01
   12 2016 252 12 25 28 682 0    1198.86134556       0.00000000  0  0 f9 f0 18 04 01 000c 01 01
   12 2016 252 12 25 29 682 0    1192.84481072       0.00000000  0  0 f9 f0 18 04 01 000c 01 01
   12 2016 252 12 25 30 682 0    1186.84281582       0.00000000  0  0 f9 f0 18 04 01 000c 01 01
   12 2016 252 12 25 31 682 0    1180.85626022       0.00000000  0  0 f9 f0 18 04 01 000c 01 01
   12 2016 252 12 25 32 682 0    1174.88424456       0.00000000  0  0 f9 f0 18 04 01 000c 01 01
   12 2016 252 12 25 33 682 0    1168.92811790       0.00000000  0  0 f9 f0 18 04 01 000c 01 01
   12 2016 252 12 25 34 682 0    1162.98743056       0.00000000  0  0 f9 f0 18 04 01 000c 01 01
   13 2016 252 12 25 35 682 0    1157.06308190       0.00000000  0  0 f9 f0 18 04 01 000d 01 01
   13 2016 252 12 25 36 682 0    1151.15417255       0.00000000  0  0 f9 f0 18 04 01 000d 01 01
   13 2016 252 12 25 37 682 0    1145.26205158       0.00000000  0  0 f9 f0 18 04 01 000d 01 01
   13 2016 252 12 25 38 682 0    1139.38671899       0.00000000  0  0 f9 f0 18 04 01 000d 01 01
   13 2016 252 12 25 39 682 0    1133.52742529       0.00000000  0  0 f9 f0 18 04 01 000d 01 01
   13 2016 252 12 25 40 682 0    1127.68686863       0.00000000  0  0 f9 f0 18 04 01 000d 01 01
   13 2016 252 12 25 41 682 0    1121.86265065       0.00000000  0  0 f9 f0 18 04 01 000d 01 01
   13 2016 252 12 25 42 682 0    1116.05642022       0.00000000  0  0 f9 f0 18 04 01 000d 01 01
   13 2016 252 12 25 43 682 0    1110.26847713       0.00000000  0  0 f9 f0 18 04 01 000d 01 01
   13 2016 252 12 25 44 682 0    1104.49807190       0.00000000  0  0 f9 f0 18 04 01 000d 01 01
   14 2016 252 12 25 45 682 0    1098.74715317       0.00000000  0  0 f9 f0 18 04 01 000e 01 01
   14 2016 252 12 25 46 682 0    1093.01497148       0.00000000  0  0 f9 f0 18 04 01 000e 01 01
   14 2016 252 12 25 47 682 0    1087.30212640       0.00000000  0  0 f9 f0 18 04 01 000e 01 01
   14 2016 252 12 25 48 682 0    1081.60906762       0.00000000  0  0 f9 f0 18 04 01 000e 01 01
   14 2016 252 12 25 49 682 0    1075.93474587       0.00000000  0  0 f9 f0 18 04 01 000e 01 01
   14 2016 252 12 25 50 682 0    1070.28290856       0.00000000  0  0 f9 f0 18 04 01 000e 01 01
   14 2016 252 12 25 51 682 0    1064.65085755       0.00000000  0  0 f9 f0 18 04 01 000e 01 01
   14 2016 252 12 25 52 682 0    1059.03979201       0.00000000  0  0 f9 f0 18 04 01 000e 01 01
   14 2016 252 12 25 53 682 0    1053.44986184       0.00000000  0  0 f9 f0 18 04 01 000e 01 01
   14 2016 252 12 25 54 682 0    1047.88091714       0.00000000  0  0 f9 f0 18 04 01 000e 01 01
   15 2016 252 12 25 55 682 0    1042.33400718       0.00000000  0  0 f9 f0 18 04 01 000f 01 01
   15 2016 252 12 25 56 682 0    1036.80958166       0.00000000  0  0 f9 f0 18 04 01 000f 01 01
   15 2016 252 12 25 57 682 0    1031.30719089       0.00000000  0  0 f9 f0 18 04 01 000f 01 01
   15 2016 252 12 25 58 682 0    1025.82818393       0.00000000  0  0 f9 f0 18 04 01 000f 01 01
   15 2016 252 12 25 59 682 0    1020.37271067       0.00000000  0  0 f9 f0 18 04 01 000f 01 01
   15 2016 252 12 26 00 682 0    1014.94182040       0.00000000  0  0 f9 f0 18 04 01 000f 01 01
   15 2016 252 12 26 01 682 0    1009.53476363       0.00000000  0  0 f9 f0 18 04 01 000f 01 01
   15 2016 252 12 26 02 682 0    1004.15169025       0.00000000  0  0 f9 f0 18 04 01 000f 01 01
   15 2016 252 12 26 03 682 0     998.79379944       0.00000000  0  0 f9 f0 18 04 01 000f 01 01
   15 2016 252 12 26 04 682 0     993.46154089       0.00000000  0  0 f9 f0 18 04 01 000f 01 01
   16 2016 252 12 26 05 682 0     988.15461480       0.00000000  0  0 f9 f0 18 04 01 0010 01 01
   16 2016 252 12 26 06 682 0     982.87362075       0.00000000  0  0 f9 f0 18 04 01 0010 01 01
   16 2016 252 12 26 07 682 0     977.61975792       0.00000000  0  0 f9 f0 18 04 01 0010 01 01
   16 2016 252 12 26 08 682 0     972.39347600       0.00000000  0  0 f9 f0 18 04 01 0010 01 01
   16 2016 252 12 26 09 682 0     967.19417541       0.00000000  0  0 f9 f0 18 04 01 0010 01 01
   16 2016 252 12 26 10 682 0     962.02320519       0.00000000  0  0 f9 f0 18 04 01 0010 01 01
   16 2016 252 12 26 11 682 0     956.88056537       0.00000000  0  0 f9 f0 18 04 01 0010 01 01
   16 2016 252 12 26 12 682 0     951.76715531       0.00000000  0  0 f9 f0 18 04 01 0010 01 01
   16 2016 252 12 26 13 682 0     946.68282512       0.00000000  0  0 f9 f0 18 04 01 0010 01 01
   16 2016 252 12 26 14 682 0     941.62817438       0.00000000  0  0 f9 f0 18 04 01 0010 01 01
   17 2016 252 12 26 15 682 0     936.60395258       0.00000000  0  0 f9 f0 18 04 01 0011 01 01
   17 2016 252 12 26 16 682 0     931.61030960       0.00000000  0  0 f9 f0 18 04 01 0011 01 01
   17 2016 252 12 26 17 682 0     926.64859453       0.00000000  0  0 f9 f0 18 04 01 0011 01 01
   17 2016 252 12 26 18 682 0     921.71835766       0.00000000  0  0 f9 f0 18 04 01 0011 01 01
   17 2016 252 12 26 19 682 0     916.82094806       0.00000000  0  0 f9 f0 18 04 01 0011 01 01
   17 2016 252 12 26 20 682 0     911.95621585       0.00000000  0  0 f9 f0 18 04 01 0011 01 01
   17 2016 252 12 26 21 682 0     907.12521028       0.00000000  0  0 f9 f0 18 04 01 0011 01 01
   17 2016 252 12 26 22 682 0     902.32883075       0.00000000  0  0 f9 f0 18 04 01 0011 01 01
   17 2016 252 12 26 23 682 0     897.56692735       0.00000000  0  0 f9 f0 18 04 01 0011 01 01
   17 2016 252 12 26 24 682 0     892.83920028       0.00000000  0  0 f9 f0 18 04 01 0011 01 01
   18 2016 252 12 26 25 682 0     888.14744832       0.00000000  0  0 f9 f0 18 04 01 0012 01 01
   18 2016 252 12 26 26 682 0     883.49227103       0.00000000  0  0 f9 f0 18 04 01 0012 01 01
   18 2016 252 12 26 27 682 0     878.87486759       0.00000000  0  0 f9 f0 18 04 01 0012 01 01
   18 2016 252 12 26 28 682 0     874.29358914       0.00000000  0  0 f9 f0 18 04 01 0012 01 01
   18 2016 252 12 26 29 682 0     869.75083403       0.00000000  0  0 f9 f0 18 04 01 0012 01 01
   18 2016 252 12 26 30 682 0     865.24600266       0.00000000  0  0 f9 f0 18 04 01 0012 01 01
   18 2016 252 12 26 31 682 0     860.78119358       0.00000000  0  0 f9 f0 18 04 01 0012 01 01
   18 2016 252 12 26 32 682 0     856.35670659       0.00000000  0  0 f9 f0 18 04 01 0012 01 01
   18 2016 252 12 26 33 682 0     851.97284147       0.00000000  0  0 f9 f0 18 04 01 0012 01 01
   18 2016 252 12 26 34 682 0     847.62959824       0.00000000  0  0 f9 f0 18 04 01 0012 01 01
   19 2016 252 12 26 35 682 0     843.32847584       0.00000000  0  0 f9 f0 18 04 01 0013 01 01
   19 2016 252 12 26 36 682 0     839.07007388       0.00000000  0  0 f9 f0 18 04 01 0013 01 01
   19 2016 252 12 26 37 682 0     834.85364285       0.00000000  0  0 f9 f0 18 04 01 0013 01 01
   19 2016 252 12 26 38 682 0     830.68128132       0.00000000  0  0 f9 f0 18 04 01 0013 01 01
   19 2016 252 12 26 39 682 0     826.55328906       0.00000000  0  0 f9 f0 18 04 01 0013 01 01
   19 2016 252 12 26 40 682 0     822.47011579       0.00000000  0  0 f9 f0 18 04 01 0013 01 01
   19 2016 252 12 26 41 682 0     818.43445961       0.00000000  0  0 f9 f0 18 04 01 0013 01 01
   19 2016 252 12 26 42 682 0     814.44452179       0.00000000  0  0 f9 f0 18 04 01 0013 01 01
   19 2016 252 12 26 43 682 0     810.50060211       0.00000000  0  0 f9 f0 18 04 01 0013 01 01
   19 2016 252 12 26 44 682 0     806.60569849       0.00000000  0  0 f9 f0 18 04 01 0013 01 01
   20 2016 252 12 26 45 682 0     802.75981095       0.00000000  0  0 f9 f0 18 04 01 0014 01 01
   20 2016 252 12 26 46 682 0     798.96263967       0.00000000  0  0 f9 f0 18 04 01 0014 01 01
   20 2016 252 12 26 47 682 0     795.21613333       0.00000000  0  0 f9 f0 18 04 01 0014 01 01
   20 2016 252 12 26 48 682 0     791.51879294       0.00000000  0  0 f9 f0 18 04 01 0014 01 01
   20 2016 252 12 26 49 682 0     787.87391624       0.00000000  0  0 f9 f0 18 04 01 0014 01 01
   20 2016 252 12 26 50 682 0     784.28105352       0.00000000  0  0 f9 f0 18 04 01 0014 01 01
   20 2016 252 12 26 51 682 0     780.74125408       0.00000000  0  0 f9 f0 18 04 01 0014 01 01
   20 2016 252 12 26 52 682 0     777.25541727       0.00000000  0  0 f9 f0 18 04 01 0014 01 01
   20 2016 252 12 26 53 682 0     773.82354311       0.00000000  0  0 f9 f0 18 04 01 0014 01 01
   20 2016 252 12 26 54 682 0     770.44638107       0.00000000  0  0 f9 f0 18 04 01 0014 01 01
   21 2016 252 12 26 55 682 0     767.12587980       0.00000000  0  0 f9 f0 18 04 01 0015 01 01
   21 2016 252 12 26 56 682 0     763.86039046       0.00000000  0  0 f9 f0 18 04 01 0015 01 01
   21 2016 252 12 26 57 682 0     760.65306084       0.00000000  0  0 f9 f0 18 04 01 0015 01 01
   21 2016 252 12 26 58 682 0     757.50359118       0.00000000  0  0 f9 f0 18 04 01 0015 01 01
   21 2016 252 12 26 59 682 0     754.41333052       0.00000000  0  0 f9 f0 18 04 01 0015 01 01
   21 2016 252 12 27 00 682 0     751.38197908       0.00000000  0  0 f9 f0 18 04 01 0015 01 01
   21 2016 252 12 27 01 682 0     748.41148551       0.00000000  0  0 f9 f0 18 04 01 0015 01 01
   21 2016 252 12 27 02 682 0     745.50214960       0.00000000  0  0 f9 f0 18 04 01 0015 01 01
   21 2016 252 12 27 03 682 0     742.65367156       0.00000000  0  0 f9 f0 18 04 01 0015 01 01
   21 2016 252 12 27 04 682 0     739.86740046       0.00000000  0  0 f9 f0 18 04 01 0015 01 01
   22 2016 252 12 27 05 682 0     737.14528494       0.00000000  0  0 f9 f0 18 04 01 0016 01 01
   22 2016 252 12 27 06 682 0     734.48732501       0.00000000  0  0 f9 f0 18 04 01 0016 01 01
   22 2016 252 12 27 07 682 0     731.89262128       0.00000000  0  0 f9 f0 18 04 01 0016 01 01
   22 2016 252 12 27 08 682 0     729.36207314       0.00000000  0  0 f9 f0 18 04 01 0016 01 01
   22 2016 252 12 27 09 682 0     726.89822883       0.00000000  0  0 f9 f0 18 04 01 0016 01 01
   22 2016 252 12 27 10 682 0     724.50213761       0.00000000  0  0 f9 f0 18 04 01 0016 01 01
   22 2016 252 12 27 11 682 0     722.17275021       0.00000000  0  0 f9 f0 18 04 01 0016 01 01
   22 2016 252 12 27 12 682 0     719.91186539       0.00000000  0  0 f9 f0 18 04 01 0016 01 01
   22 2016 252 12 27 13 682 0     717.71798418       0.00000000  0  0 f9 f0 18 04 01 0016 01 01
   22 2016 252 12 27 14 682 0     715.59350493       0.00000000  0  0 f9 f0 18 04 01 0016 01 01
   23 2016 252 12 27 15 682 0     713.53857752       0.00000000  0  0 f9 f0 18 04 01 0017 01 01
   23 2016 252 12 27 16 682 0     711.55410135       0.00000000  0  0 f9 f0 18 04 01 0017 01 01
   23 2016 252 12 27 17 682 0     709.64157536       0.00000000  0  0 f9 f0 18 04 01 0017 01 01
   23 2016 252 12 27 18 682 0     707.79995029       0.00000000  0  0 f9 f0 18 04 01 0017 01 01
   23 2016 252 12 27 19 682 0     706.03072510       0.00000000  0  0 f9 f0 18 04 01 0017 01 01
   23 2016 252 12 27 20 682 0     704.33389979       0.00000000  0  0 f9 f0 18 04 01 0017 01 01
   23 2016 252 12 27 21 682 0     702.71007394       0.00000000  0  0 f9 f0 18 04 01 0017 01 01
   23 2016 252 12 27 22 682 0     701.15924755       0.00000000  0  0 f9 f0 18 04 01 0017 01 01
   23 2016 252 12 27 23 682 0     699.68456845       0.00000000  0  0 f9 f0 18 04 01 0017 01 01
   23 2016 252 12 27 24 682 0     698.28333850       0.00000000  0  0 f9 f0 18 04 01 0017 01 01
   24 2016 252 12 27 25 682 0     696.95720657       0.00000000  0  0 f9 f0 18 04 01 0018 01 01
   24 2016 252 12 27 26 682 0     695.70647243       0.00000000  0  0 f9 f0 18 04 01 0018 01 01
   24 2016 252 12 27 27 682 0     694.53173568       0.00000000  0  0 f9 f0 18 04 01 0018 01 01
   24 2016 252 12 27 28 682 0     693.43389570       0.00000000  0  0 f9 f0 18 04 01 0018 01 01
   24 2016 252 12 27 29 682 0     692.41280259       0.00000000  0  0 f9 f0 18 04 01 0018 01 01
   24 2016 252 12 27 30 682 0     691.46860624       0.00000000  0  0 f9 f0 18 04 01 0018 01 01
   24 2016 252 12 27 31 682 0     690.60175635       0.00000000  0  0 f9 f0 18 04 01 0018 01 01
   24 2016 252 12 27 32 682 0     689.81240281       0.00000000  0  0 f9 f0 18 04 01 0018 01 01
   24 2016 252 12 27 33 682 0     689.10069552       0.00000000  0  0 f9 f0 18 04 01 0018 01 01
   24 2016 252 12 27 34 682 0     688.46753384       0.00000000  0  0 f9 f0 18 04 01 0018 01 01
   25 2016 252 12 27 35 682 0     687.91291780       0.00000000  0  0 f9 f0 18 04 01 0019 01 01
   25 2016 252 12 27 36 682 0     687.43714717       0.00000000  0  0 f9 f0 18 04 01 0019 01 01
   25 2016 252 12 27 37 682 0     687.03932257       0.00000000  0  0 f9 f0 18 04 01 0019 01 01
   25 2016 252 12 27 38 682 0     686.72049330       0.00000000  0  0 f9 f0 18 04 01 0019 01 01
   25 2016 252 12 27 39 682 0     686.48155871       0.00000000  0  0 f9 f0 18 04 01 0019 01 01
   25 2016 252 12 27 40 682 0     686.32072005       0.00000000  0  0 f9 f0 18 04 01 0019 01 01
   25 2016 252 12 27 41 682 0     686.23917650       0.00000000  0  0 f9 f0 18 04 01 0019 01 01
   25 2016 252 12 27 42 682 0     686.23692806       0.00000000  0  0 f9 f0 18 04 01 0019 01 01
   25 2016 252 12 27 43 682 0     686.31367493       0.00000000  0  0 f9 f0 18 04 01 0019 01 01
   25 2016 252 12 27 44 682 0     686.46971690       0.00000000  0  0 f9 f0 18 04 01 0019 01 01
   26 2016 252 12 27 45 682 0     686.70535378       0.00000000  0  0 f9 f0 18 04 01 001a 01 01
   26 2016 252 12 27 46 682 0     687.01953627       0.00000000  0  0 f9 f0 18 04 01 001a 01 01
   26 2016 252 12 27 47 682 0     687.41286398       0.00000000  0  0 f9 f0 18 04 01 001a 01 01
   26 2016 252 12 27 48 682 0     687.88488720       0.00000000  0  0 f9 f0 18 04 01 001a 01 01
   26 2016 252 12 27 49 682 0     688.43530615       0.00000000  0  0 f9 f0 18 04 01 001a 01 01
   26 2016 252 12 27 50 682 0     689.06457052       0.00000000  0  0 f9 f0 18 04 01 001a 01 01
   26 2016 252 12 27 51 682 0     689.77148114       0.00000000  0  0 f9 f0 18 04 01 001a 01 01
   26 2016 252 12 27 52 682 0     690.55603800       0.00000000  0  0 f9 f0 18 04 01 001a 01 01
   26 2016 252 12 27 53 682 0     691.41884070       0.00000000  0  0 f9 f0 18 04 01 001a 01 01
   26 2016 252 12 27 54 682 0     692.35913974       0.00000000  0  0 f9 f0 18 04 01 001a 01 01
   27 2016 252 12 27 55 682 0     693.37663534       0.00000000  0  0 f9 f0 18 04 01 001b 01 01
   27 2016 252 12 27 56 682 0     694.47027823       0.00000000  0  0 f9 f0 18 04 01 001b 01 01
   27 2016 252 12 27 57 682 0     695.64021830       0.00000000  0  0 f9 f0 18 04 01 001b 01 01
   27 2016 252 12 27 58 682 0     696.88660544       0.00000000  0  0 f9 f0 18 04 01 001b 01 01
   27 2016 252 12 27 59 682 0     698.20869018       0.00000000  0  0 f9 f0 18 04 01 001b 01 01
   27 2016 252 12 28 00 682 0     699.60617272       0.00000000  0  0 f9 f0 18 04 01 001b 01 01
   27 2016 252 12 28 01 682 0     701.07770400       0.00000000  0  0 f9 f0 18 04 01 001b 01 01
   27 2016 252 12 28 02 682 0     702.62358381       0.00000000  0  0 f9 f0 18 04 01 001b 01 01
   27 2016 252 12 28 03 682 0     704.24321257       0.00000000  0  0 f9 f0 18 04 01 001b 01 01
   27 2016 252 12 28 04 682 0     705.93584079       0.00000000  0  0 f9 f0 18 04 01 001b 01 01
   28 2016 252 12 28 05 682 0     707.70176826       0.00000000  0  0 f9 f0 18 04 01 001c 01 01
   28 2016 252 12 28 06 682 0     709.53994572       0.00000000  0  0 f9 f0 18 04 01 001c 01 01
   28 2016 252 12 28 07 682 0     711.44902409       0.00000000  0  0 f9 f0 18 04 01 001c 01 01
   28 2016 252 12 28 08 682 0     713.42960296       0.00000000  0  0 f9 f0 18 04 01 001c 01 01
   28 2016 252 12 28 09 682 0     715.48048317       0.00000000  0  0 f9 f0 18 04 01 001c 01 01
   28 2016 252 12 28 10 682 0     717.60151481       0.00000000  0  0 f9 f0 18 04 01 001c 01 01
   28 2016 252 12 28 11 682 0     719.79134882       0.00000000  0  0 f9 f0 18 04 01 001c 01 01
   28 2016 252 12 28 12 682 0     722.04953551       0.00000000  0  0 f9 f0 18 04 01 001c 01 01
   28 2016 252 12 28 13 682 0     724.37622477       0.00000000  0  0 f9 f0 18 04 01 001c 01 01
   28 2016 252 12 28 14 682 0     726.77006755       0.00000000  0  0 f9 f0 18 04 01 001c 01 01
   29 2016 252 12 28 15 682 0     729.22986467       0.00000000  0  0 f9 f0 18 04 01 001d 01 01
   29 2016 252 12 28 16 682 0     731.75606582       0.00000000  0  0 f9 f0 18 04 01 001d 01 01
   29 2016 252 12 28 17 682 0     734.34777162       0.00000000  0  0 f9 f0 18 04 01 001d 01 01
   29 2016 252 12 28 18 682 0     737.00468228       0.00000000  0  0 f9 f0 18 04 01 001d 01 01
   29 2016 252 12 28 19 682 0     739.72424956       0.00000000  0  0 f9 f0 18 04 01 001d 01 01
   29 2016 252 12 28 20 682 0     742.50722295       0.00000000  0  0 f9 f0 18 04 01 001d 01 01
   29 2016 252 12 28 21 682 0     745.35255316       0.00000000  0  0 f9 f0 18 04 01 001d 01 01
   29 2016 252 12 28 22 682 0     748.25949073       0.00000000  0  0 f9 f0 18 04 01 001d 01 01
   29 2016 252 12 28 23 682 0     751.22773586       0.00000000  0  0 f9 f0 18 04 01 001d 01 01
   29 2016 252 12 28 24 682 0     754.25548979       0.00000000  0  0 f9 f0 18 04 01 001d 01 01
   30 2016 252 12 28 25 682 0     757.34350200       0.00000000  0  0 f9 f0 18 04 01 001e 01 01
   30 2016 252 12 28 26 682 0     760.49042344       0.00000000  0  0 f9 f0 18 04 01 001e 01 01
   30 2016 252 12 28 27 682 0     763.69565450       0.00000000  0  0 f9 f0 18 04 01 001e 01 01
   30 2016 252 12 28 28 682 0     766.95814592       0.00000000  0  0 f9 f0 18 04 01 001e 01 01
   30 2016 252 12 28 29 682 0     770.27714823       0.00000000  0  0 f9 f0 18 04 01 001e 01 01
   30 2016 252 12 28 30 682 0     773.65176203       0.00000000  0  0 f9 f0 18 04 01 001e 01 01
   30 2016 252 12 28 31 682 0     777.08168754       0.00000000  0  0 f9 f0 18 04 01 001e 01 01
   30 2016 252 12 28 32 682 0     780.56572559       0.00000000  0  0 f9 f0 18 04 01 001e 01 01
   30 2016 252 12 28 33 682 0     784.10312670       0.00000000  0  0 f9 f0 18 04 01 001e 01 01
   30 2016 252 12 28 34 682 0     787.69419066       0.00000000  0  0 f9 f0 18 04 01 001e 01 01
   31 2016 252 12 28 35 682 0     791.33801809       0.00000000  0  0 f9 f0 18 04 01 001f 01 01
   31 2016 252 12 28 36 682 0     795.03266034       0.00000000  0  0 f9 f0 18 04 01 001f 01 01
   31 2016 252 12 28 37 682 0     798.77736794       0.00000000  0  0 f9 f0 18 04 01 001f 01 01
   31 2016 252 12 28 38 682 0     802.57244066       0.00000000  0  0 f9 f0 18 04 01 001f 01 01
   31 2016 252 12 28 39 682 0     806.41787852       0.00000000  0  0 f9 f0 18 04 01 001f 01 01
   31 2016 252 12 28 40 682 0     810.31128317       0.00000000  0  0 f9 f0 18 04 01 001f 01 01
   31 2016 252 12 28 41 682 0     814.25280451       0.00000000  0  0 f9 f0 18 04 01 001f 01 01
   31 2016 252 12 28 42 682 0     818.24229265       0.00000000  0  0 f9 f0 18 04 01 001f 01 01
   31 2016 252 12 28 43 682 0     822.27809872       0.00000000  0  0 f9 f0 18 04 01 001f 01 01
   31 2016 252 12 28 44 682 0     826.35917345       0.00000000  0  0 f9 f0 18 04 01 001f 01 01
   32 2016 252 12 28 45 682 0     830.48521705       0.00000000  0  0 f9 f0 18 04 01 0020 01 01
   32 2016 252 12 28 46 682 0     834.65622952       0.00000000  0  0 f9 f0 18 04 01 0020 01 01
   32 2016 252 12 28 47 682 0     838.87071189       0.00000000  0  0 f9 f0 18 04 01 0020 01 01
   32 2016 252 12 28 48 682 0     843.12866417       0.00000000  0  0 f9 f0 18 04 01 0020 01 01
   32 2016 252 12 28 49 682 0     847.42933688       0.00000000  0  0 f9 f0 18 04 01 0020 01 01
   32 2016 252 12 28 50 682 0     851.77243022       0.00000000  0  0 f9 f0 18 04 01 0020 01 01
   32 2016 252 12 28 51 682 0     856.15584564       0.00000000  0  0 f9 f0 18 04 01 0020 01 01
   32 2016 252 12 28 52 682 0     860.58063243       0.00000000  0  0 f9 f0 18 04 01 0020 01 01
   32 2016 252 12 28 53 682 0     865.04469202       0.00000000  0  0 f9 f0 18 04 01 0020 01 01
   32 2016 252 12 28 54 682 0     869.54832422       0.00000000  0  0 f9 f0 18 04 01 0020 01 01
   33 2016 252 12 28 55 682 0     874.09062965       0.00000000  0  0 f9 f0 18 04 01 0021 01 01
   33 2016 252 12 28 56 682 0     878.67145841       0.00000000  0  0 f9 f0 18 04 01 0021 01 01
   33 2016 252 12 28 57 682 0     883.28901174       0.00000000  0  0 f9 f0 18 04 01 0021 01 01
   33 2016 252 12 28 58 682 0     887.94388924       0.00000000  0  0 f9 f0 18 04 01 0021 01 01
   33 2016 252 12 28 59 682 0     892.63519152       0.00000000  0  0 f9 f0 18 04 01 0021 01 01
   33 2016 252 12 29 00 682 0     897.36231899       0.00000000  0  0 f9 f0 18 04 01 0021 01 01
   33 2016 252 12 29 01 682 0     902.12527167       0.00000000  0  0 f9 f0 18 04 01 0021 01 01
   33 2016 252 12 29 02 682 0     906.92255058       0.00000000  0  0 f9 f0 18 04 01 0021 01 01
   33 2016 252 12 29 03 682 0     911.75370604       0.00000000  0  0 f9 f0 18 04 01 0021 01 01
   33 2016 252 12 29 04 682 0     916.61843826       0.00000000  0  0 f9 f0 18 04 01 0021 01 01
   34 2016 252 12 29 05 682 0     921.51599775       0.00000000  0  0 f9 f0 18 04 01 0022 01 01
   34 2016 252 12 29 06 682 0     926.44668431       0.00000000  0  0 f9 f0 18 04 01 0022 01 01
   34 2016 252 12 29 07 682 0     931.40869918       0.00000000  0  0 f9 f0 18 04 01 0022 01 01
   34 2016 252 12 29 08 682 0     936.40204236       0.00000000  0  0 f9 f0 18 04 01 0022 01 01
   34 2016 252 12 29 09 682 0     941.42641406       0.00000000  0  0 f9 f0 18 04 01 0022 01 01
   34 2016 252 12 29 10 682 0     946.48121469       0.00000000  0  0 f9 f0 18 04 01 0022 01 01
   34 2016 252 12 29 11 682 0     951.56584467       0.00000000  0  0 f9 f0 18 04 01 0022 01 01
   34 2016 252 12 29 12 682 0     956.68045390       0.00000000  0  0 f9 f0 18 04 01 0022 01 01
   34 2016 252 12 29 13 682 0     961.82369331       0.00000000  0  0 f9 f0 18 04 01 0022 01 01
   34 2016 252 12 29 14 682 0     966.99601259       0.00000000  0  0 f9 f0 18 04 01 0022 01 01
   35 2016 252 12 29 15 682 0     972.19621257       0.00000000  0  0 f9 f0 18 04 01 0023 01 01
   35 2016 252 12 29 16 682 0     977.42399345       0.00000000  0  0 f9 f0 18 04 01 0023 01 01
   35 2016 252 12 29 17 682 0     982.67875565       0.00000000  0  0 f9 f0 18 04 01 0023 01 01
   35 2016 252 12 29 18 682 0     987.96019939       0.00000000  0  0 f9 f0 18 04 01 0023 01 01
   35 2016 252 12 29 19 682 0     993.26832465       0.00000000  0  0 f9 f0 18 04 01 0023 01 01
   35 2016 252 12 29 20 682 0     998.60238196       0.00000000  0  0 f9 f0 18 04 01 0023 01 01
   35 2016 252 12 29 21 682 0    1003.96102225       0.00000000  0  0 f9 f0 18 04 01 0023 01 01
   35 2016 252 12 29 22 682 0    1009.34544469       0.00000000  0  0 f9 f0 18 04 01 0023 01 01
   35 2016 252 12 29 23 682 0    1014.75445011       0.00000000  0  0 f9 f0 18 04 01 0023 01 01
   35 2016 252 12 29 24 682 0    1020.18788862       0.00000000  0  0 f9 f0 18 04 01 0023 01 01
   36 2016 252 12 29 25 682 0    1025.64426125       0.00000000  0  0 f9 f0 18 04 01 0024 01 01
   36 2016 252 12 29 26 682 0    1031.12416759       0.00000000  0  0 f9 f0 18 04 01 0024 01 01
   36 2016 252 12 29 27 682 0    1036.62775754       0.00000000  0  0 f9 f0 18 04 01 0024 01 01
   36 2016 252 12 29 28 682 0    1042.15398181       0.00000000  0  0 f9 f0 18 04 01 0024 01 01
   36 2016 252 12 29 29 682 0    1047.70284042       0.00000000  0  0 f9 f0 18 04 01 0024 01 01
   36 2016 252 12 29 30 682 0    1053.27328408       0.00000000  0  0 f9 f0 18 04 01 0024 01 01
   36 2016 252 12 29 31 682 0    1058.86471321       0.00000000  0  0 f9 f0 18 04 01 0024 01 01
   36 2016 252 12 29 32 682 0    1064.47832699       0.00000000  0  0 f9 f0 18 04 01 0024 01 01
   36 2016 252 12 29 33 682 0    1070.11232665       0.00000000  0  0 f9 f0 18 04 01 0024 01 01
   36 2016 252 12 29 34 682 0    1075.76806127       0.00000000  0  0 f9 f0 18 04 01 0024 01 01
   37 2016 252 12 29 35 682 0    1081.44313250       0.00000000  0  0 f9 f0 18 04 01 0025 01 01
   37 2016 252 12 29 36 682 0    1087.13828982       0.00000000  0  0 f9 f0 18 04 01 0025 01 01
   37 2016 252 12 29 37 682 0    1092.85263386       0.00000000  0  0 f9 f0 18 04 01 0025 01 01
   37 2016 252 12 29 38 682 0    1098.58661431       0.00000000  0  0 f9 f0 18 04 01 0025 01 01
   37 2016 252 12 29 39 682 0    1104.33933179       0.00000000  0  0 f9 f0 18 04 01 0025 01 01
   37 2016 252 12 29 40 682 0    1110.11213536       0.00000000  0  0 f9 f0 18 04 01 0025 01 01
   37 2016 252 12 29 41 682 0    1115.90157741       0.00000000  0  0 f9 f0 18 04 01 0025 01 01
   37 2016 252 12 29 42 682 0    1121.71095566       0.00000000  0  0 f9 f0 18 04 01 0025 01 01
   37 2016 252 12 29 43 682 0    1127.53682250       0.00000000  0  0 f9 f0 18 04 01 0025 01 01
   37 2016 252 12 29 44 682 0    1133.38022720       0.00000000  0  0 f9 f0 18 04 01 0025 01 01
   38 2016 252 12 29 45 682 0    1139.24086996       0.00000000  0  0 f9 f0 18 04 01 0026 01 01
   38 2016 252 12 29 46 682 0    1145.11890068       0.00000000  0  0 f9 f0 18 04 01 0026 01 01
   38 2016 252 12 29 47 682 0    1151.01356989       0.00000000  0  0 f9 f0 18 04 01 0026 01 01
   38 2016 252 12 29 48 682 0    1156.92472768       0.00000000  0  0 f9 f0 18 04 01 0026 01 01
   38 2016 252 12 29 49 682 0    1162.85282374       0.00000000  0  0 f9 f0 18 04 01 0026 01 01
   38 2016 252 12 29 50 682 0    1168.79575953       0.00000000  0  0 f9 f0 18 04 01 0026 01 01
   38 2016 252 12 29 51 682 0    1174.75518391       0.00000000  0  0 f9 f0 18 04 01 0026 01 01
   38 2016 252 12 29 52 682 0    1180.72989770       0.00000000  0  0 f9 f0 18 04 01 0026 01 01
   38 2016 252 12 29 53 682 0    1186.71900153       0.00000000  0  0 f9 f0 18 04 01 0026 01 01
   38 2016 252 12 29 54 682 0    1192.72354467       0.00000000  0  0 f9 f0 18 04 01 0026 01 01
   39 2016 252 12 29 55 682 0    1198.74352712       0.00000000  0  0 f9 f0 18 04 01 0027 01 01
   39 2016 252 12 29 56 682 0    1204.77744993       0.00000000  0  0 f9 f0 18 04 01 0027 01 01
   39 2016 252 12 29 57 682 0    1210.82561287       0.00000000  0  0 f9 f0 18 04 01 0027 01 01
   39 2016 252 12 29 58 682 0    1216.88756627       0.00000000  0  0 f9 f0 18 04 01 0027 01 01
   39 2016 252 12 29 59 682 0    1222.96360991       0.00000000  0  0 f9 f0 18 04 01 0027 01 01
   39 2016 252 12 30 00 682 0    1229.05419349       0.00000000  0  0 f9 f0 18 04 01 0027 01 01
   39 2016 252 12 30 01 682 0    1235.15721845       0.00000000  0  0 f9 f0 18 04 01 0027 01 01
   39 2016 252 12 30 02 682 0    1241.27388397       0.00000000  0  0 f9 f0 18 04 01 0027 01 01
   39 2016 252 12 30 03 682 0    1247.40344057       0.00000000  0  0 f9 f0 18 04 01 0027 01 01
   39 2016 252 12 30 04 682 0    1253.54618803       0.00000000  0  0 f9 f0 18 04 01 0027 01 01
   40 2016 252 12 30 05 682 0    1259.70122699       0.00000000  0  0 f9 f0 18 04 01 0028 01 01
   40 2016 252 12 30 06 682 0    1265.86885723       0.00000000  0  0 f9 f0 18 04 01 0028 01 01
   40 2016 252 12 30 07 682 0    1272.04802947       0.00000000  0  0 f9 f0 18 04 01 0028 01 01
   40 2016 252 12 30 08 682 0    1278.23934332       0.00000000  0  0 f9 f0 18 04 01 0028 01 01
   40 2016 252 12 30 09 682 0    1284.44309855       0.00000000  0  0 f9 f0 18 04 01 0028 01 01
   40 2016 252 12 30 10 682 0    1290.65839579       0.00000000  0  0 f9 f0 18 04 01 0028 01 01
   40 2016 252 12 30 11 682 0    1296.88553483       0.00000000  0  0 f9 f0 18 04 01 0028 01 01
   40 2016 252 12 30 12 682 0    1303.12361629       0.00000000  0  0 f9 f0 18 04 01 0028 01 01
   40 2016 252 12 30 13 682 0    1309.37323977       0.00000000  0  0 f9 f0 18 04 01 0028 01 01
   40 2016 252 12 30 14 682 0    1315.63320608       0.00000000  0  0 f9 f0 18 04 01 0028 01 01
   41 2016 252 12 30 15 682 0    1321.90471441       0.00000000  0  0 f9 f0 18 04 01 0029 01 01
   41 2016 252 12 30 16 682 0    1328.18746495       0.00000000  0  0 f9 f0 18 04 01 0029 01 01
   41 2016 252 12 30 17 682 0    1334.47965896       0.00000000  0  0 f9 f0 18 04 01 0029 01 01
   41 2016 252 12 30 18 682 0    1340.78264549       0.00000000  0  0 f9 f0 18 04 01 0029 01 01
   41 2016 252 12 30 19 682 0    1347.09582497       0.00000000  0  0 f9 f0 18 04 01 0029 01 01
   41 2016 252 12 30 20 682 0    1353.41919739       0.00000000  0  0 f9 f0 18 04 01 0029 01 01
   41 2016 252 12 30 21 682 0    1359.75216317       0.00000000  0  0 f9 f0 18 04 01 0029 01 01
   41 2016 252 12 30 22 682 0    1366.09502210       0.00000000  0  0 f9 f0 18 04 01 0029 01 01
   41 2016 252 12 30 23 682 0    1372.44747438       0.00000000  0  0 f9 f0 18 04 01 0029 01 01
   41 2016 252 12 30 24 682 0    1378.80907034       0.00000000  0  0 f9 f0 18 04 01 0029 01 01
   42 2016 252 12 30 25 682 0    1385.18085925       0.00000000  0  0 f9 f0 18 04 01 002a 01 01
   42 2016 252 12 30 26 682 0    1391.56224151       0.00000000  0  0 f9 f0 18 04 01 002a 01 01
   42 2016 252 12 30 27 682 0    1397.95186806       0.00000000  0  0 f9 f0 18 04 01 002a 01 01
   42 2016 252 12 30 28 682 0    1404.35093808       0.00000000  0  0 f9 f0 18 04 01 002a 01 01
   42 2016 252 12 30 29 682 0    1410.75870207       0.00000000  0  0 f9 f0 18 04 01 002a 01 01
   42 2016 252 12 30 30 682 0    1417.17545984       0.00000000  0  0 f9 f0 18 04 01 002a 01 01
   42 2016 252 12 30 31 682 0    1423.59896295       0.00000000  0  0 f9 f0 18 04 01 002a 01 01
   42 2016 252 12 30 32 682 0    1430.03265899       0.00000000  0  0 f9 f0 18 04 01 002a 01 01
   42 2016 252 12 30 33 682 0    1436.47429954       0.00000000  0  0 f9 f0 18 04 01 002a 01 01
   42 2016 252 12 30 34 682 0    1442.92478396       0.00000000  0  0 f9 f0 18 04 01 002a 01 01
   43 2016 252 12 30 35 682 0    1449.38231350       0.00000000  0  0 f9 f0 18 04 01 002b 01 01
   43 2016 252 12 30 36 682 0    1455.84763765       0.00000000  0  0 f9 f0 18 04 01 002b 01 01
   43 2016 252 12 30 37 682 0    1462.32210547       0.00000000  0  0 f9 f0 18 04 01 002b 01 01
   43 2016 252 12 30 38 682 0    1468.80391821       0.00000000  0  0 f9 f0 18 04 01 002b 01 01
   43 2016 252 12 30 39 682 0    1475.29337565       0.00000000  0  0 f9 f0 18 04 01 002b 01 01
   43 2016 252 12 30 40 682 0    1481.78957842       0.00000000  0  0 f9 f0 18 04 01 002b 01 01
   43 2016 252 12 30 41 682 0    1488.29477497       0.00000000  0  0 f9 f0 18 04 01 002b 01 01
   43 2016 252 12 30 42 682 0    1494.80626715       0.00000000  0  0 f9 f0 18 04 01 002b 01 01
   43 2016 252 12 30 43 682 0    1501.32495436       0.00000000  0  0 f9 f0 18 04 01 002b 01 01
   43 2016 252 12 30 44 682 0    1507.85128628       0.00000000  0  0 f9 f0 18 04 01 002b 01 01
   44 2016 252 12 30 45 682 0    1514.38361404       0.00000000  0  0 f9 f0 18 04 01 002c 01 01
   44 2016 252 12 30 46 682 0    1520.92313682       0.00000000  0  0 f9 f0 18 04 01 002c 01 01
   44 2016 252 12 30 47 682 0    1527.47000452       0.00000000  0  0 f9 f0 18 04 01 002c 01 01
   44 2016 252 12 30 48 682 0    1534.02421713       0.00000000  0  0 f9 f0 18 04 01 002c 01 01
   44 2016 252 12 30 49 682 0    1540.58427570       0.00000000  0  0 f9 f0 18 04 01 002c 01 01
   44 2016 252 12 30 50 682 0    1547.15077980       0.00000000  0  0 f9 f0 18 04 01 002c 01 01
   44 2016 252 12 30 51 682 0    1553.72357955       0.00000000  0  0 f9 f0 18 04 01 002c 01 01
   44 2016 252 12 30 52 682 0    1560.30312462       0.00000000  0  0 f9 f0 18 04 01 002c 01 01
   44 2016 252 12 30 53 682 0    1566.88911524       0.00000000  0  0 f9 f0 18 04 01 002c 01 01
   44 2016 252 12 30 54 682 0    1573.48110170       0.00000000  0  0 f9 f0 18 04 01 002c 01 01
   45 2016 252 12 30 55 682 0    1580.07878422       0.00000000  0  0 f9 f0 18 04 01 002d 01 01
   45 2016 252 12 30 56 682 0    1586.68186300       0.00000000  0  0 f9 f0 18 04 01 002d 01 01
   45 2016 252 12 30 57 682 0    1593.29198691       0.00000000  0  0 f9 f0 18 04 01 002d 01 01
   45 2016 252 12 30 58 682 0    1599.90810667       0.00000000  0  0 f9 f0 18 04 01 002d 01 01
   45 2016 252 12 30 59 682 0    1606.52977258       0.00000000  0  0 f9 f0 18 04 01 002d 01 01
   45 2016 252 12 31 00 682 0    1613.15713455       0.00000000  0  0 f9 f0 18 04 01 002d 01 01
   45 2016 252 12 31 01 682 0    1619.78974289       0.00000000  0  0 f9 f0 18 04 01 002d 01 01
   45 2016 252 12 31 02 682 0    1626.42804729       0.00000000  0  0 f9 f0 18 04 01 002d 01 01
   45 2016 252 12 31 03 682 0    1633.07099847       0.00000000  0  0 f9 f0 18 04 01 002d 01 01
   45 2016 252 12 31 04 682 0    1639.72159436       0.00000000  0  0 f9 f0 18 04 01 002d 01 01
   46 2016 252 12 31 05 682 0    1646.37638734       0.00000000  0  0 f9 f0 18 04 01 002e 01 01
   46 2016 252 12 31 06 682 0    1653.03552732       0.00000000  0  0 f9 f0 18 04 01 002e 01 01
   46 2016 252 12 31 07 682 0    1659.70036335       0.00000000  0  0 f9 f0 18 04 01 002e 01 01
   46 2016 252 12 31 08 682 0    1666.37119523       0.00000000  0  0 f9 f0 18 04 01 002e 01 01
   46 2016 252 12 31 09 682 0    1673.04577451       0.00000000  0  0 f9 f0 18 04 01 002e 01 01
   46 2016 252 12 31 10 682 0    1679.72530037       0.00000000  0  0 f9 f0 18 04 01 002e 01 01
   46 2016 252 12 31 11 682 0    1686.41067219       0.00000000  0  0 f9 f0 18 04 01 002e 01 01
   46 2016 252 12 31 12 682 0    1693.10039099       0.00000000  0  0 f9 f0 18 04 01 002e 01 01
   46 2016 252 12 31 13 682 0    1699.79490647       0.00000000  0  0 f9 f0 18 04 01 002e 01 01
   46 2016 252 12 31 14 682 0    1706.49406874       0.00000000  0  0 f9 f0 18 04 01 002e 01 01
   47 2016 252 12 31 15 682 0    1713.19817758       0.00000000  0  0 f9 f0 18 04 01 002f 01 01
   47 2016 252 12 31 16 682 0    1719.90708310       0.00000000  0  0 f9 f0 18 04 01 002f 01 01
   47 2016 252 12 31 17 682 0    1726.62003582       0.00000000  0  0 f9 f0 18 04 01 002f 01 01
   47 2016 252 12 31 18 682 0    1733.33733553       0.00000000  0  0 f9 f0 18 04 01 002f 01 01
   47 2016 252 12 31 19 682 0    1740.05928203       0.00000000  0  0 f9 f0 18 04 01 002f 01 01
   47 2016 252 12 31 20 682 0    1746.78437634       0.00000000  0  0 f9 f0 18 04 01 002f 01 01
   47 2016 252 12 31 21 682 0    1753.51546650       0.00000000  0  0 f9 f0 18 04 01 002f 01 01
   47 2016 252 12 31 22 682 0    1760.25000428       0.00000000  0  0 f9 f0 18 04 01 002f 01 01
   47 2016 252 12 31 23 682 0    1766.98903894       0.00000000  0  0 f9 f0 18 04 01 002f 01 01
   47 2016 252 12 31 24 682 0    1773.73257049       0.00000000  0  0 f9 f0 18 04 01 002f 01 01
   48 2016 252 12 31 25 682 0    1780.47984945       0.00000000  0  0 f9 f0 18 04 01 0030 01 01
   48 2016 252 12 31 26 682 0    1787.22967664       0.00000000  0  0 f9 f0 18 04 01 0030 01 01
   48 2016 252 12 31 27 682 0    1793.98430051       0.00000000  0  0 f9 f0 18 04 01 0030 01 01
   48 2016 252 12 31 28 682 0    1800.74372106       0.00000000  0  0 f9 f0 18 04 01 0030 01 01
   48 2016 252 12 31 29 682 0    1807.50598964       0.00000000  0  0 f9 f0 18 04 01 0030 01 01
   48 2016 252 12 31 30 682 0    1814.27290500       0.00000000  0  0 f9 f0 18 04 01 0030 01 01
   48 2016 252 12 31 31 682 0    1821.04401746       0.00000000  0  0 f9 f0 18 04 01 0030 01 01
   48 2016 252 12 31 32 682 0    1827.81707857       0.00000000  0  0 f9 f0 18 04 01 0030 01 01
   48 2016 252 12 31 33 682 0    1834.59553594       0.00000000  0  0 f9 f0 18 04 01 0030 01 01
   48 2016 252 12 31 34 682 0    1841.37669144       0.00000000  0  0 f9 f0 18 04 01 0030 01 01
   49 2016 252 12 31 35 682 0    1848.16129456       0.00000000  0  0 f9 f0 18 04 01 0031 01 01
   49 2016 252 12 31 36 682 0    1854.94919539       0.00000000  0  0 f9 f0 18 04 01 0031 01 01
   49 2016 252 12 31 37 682 0    1861.73994426       0.00000000  0  0 f9 f0 18 04 01 0031 01 01
   49 2016 252 12 31 38 682 0    1868.53519001       0.00000000  0  0 f9 f0 18 04 01 0031 01 01
   49 2016 252 12 31 39 682 0    1875.33388337       0.00000000  0  0 f9 f0 18 04 01 0031 01 01
   49 2016 252 12 31 40 682 0    1882.13572455       0.00000000  0  0 f9 f0 18 04 01 0031 01 01
   49 2016 252 12 31 41 682 0    1888.94071356       0.00000000  0  0 f9 f0 18 04 01 0031 01 01
   49 2016 252 12 31 42 682 0    1895.74870048       0.00000000  0  0 f9 f0 18 04 01 0031 01 01
   49 2016 252 12 31 43 682 0    1902.56013503       0.00000000  0  0 f9 f0 18 04 01 0031 01 01
   49 2016 252 12 31 44 682 0    1909.37471739       0.00000000  0  0 f9 f0 18 04 01 0031 01 01
   50 2016 252 12 31 45 682 0    1916.19244757       0.00000000  0  0 f9 f0 18 04 01 0032 01 01
   50 2016 252 12 31 46 682 0    1923.01362537       0.00000000  0  0 f9 f0 18 04 01 0032 01 01
   50 2016 252 12 31 47 682 0    1929.83660192       0.00000000  0  0 f9 f0 18 04 01 0032 01 01
   50 2016 252 12 31 48 682 0    1936.66347577       0.00000000  0  0 f9 f0 18 04 01 0032 01 01
   50 2016 252 12 31 49 682 0    1943.49304776       0.00000000  0  0 f9 f0 18 04 01 0032 01 01
   50 2016 252 12 31 50 682 0    1950.32606736       0.00000000  0  0 f9 f0 18 04 01 0032 01 01
   50 2016 252 12 31 51 682 0    1957.16118551       0.00000000  0  0 f9 f0 18 04 01 0032 01 01
   50 2016 252 12 31 52 682 0    1963.99960137       0.00000000  0  0 f9 f0 18 04 01 0032 01 01
   50 2016 252 12 31 53 682 0    1970.84086526       0.00000000  0  0 f9 f0 18 04 01 0032 01 01
   50 2016 252 12 31 54 682 0    1977.68557676       0.00000000  0  0 f9 f0 18 04 01 0032 01 01
   51 2016 252 12 31 55 682 0    1984.53163734       0.00000000  0  0 f9 f0 18 04 01 0033 01 01
   51 2016 252 12 31 56 682 0    1991.38099562       0.00000000  0  0 f9 f0 18 04 01 0033 01 01
   51 2016 252 12 31 57 682 0    1998.23245246       0.00000000  0  0 f9 f0 18 04 01 0033 01 01
   51 2016 252 12 31 58 682 0    2005.08765670       0.00000000  0  0 f9 f0 18 04 01 0033 01 01
   51 2016 252 12 31 59 682 0    2011.94435990       0.00000000  0  0 f9 f0 18 04 01 0033 01 01
   51 2016 252 12 32 00 682 0    2018.80436082       0.00000000  0  0 f9 f0 18 04 01 0033 01 01
   51 2016 252 12 32 01 682 0    2025.66541102       0.00000000  0  0 f9 f0 18 04 01 0033 01 01
   51 2016 252 12 32 02 682 0    2032.52990882       0.00000000  0  0 f9 f0 18 04 01 0033 01 01
   51 2016 252 12 32 03 682 0    2039.39605549       0.00000000  0  0 f9 f0 18 04 01 0033 01 01
   51 2016 252 12 32 04 682 0    2046.26654915       0.00000000  0  0 f9 f0 18 04 01 0033 01 01
   52 2016 252 12 32 05 682 0    2053.13734259       0.00000000  0  0 f9 f0 18 04 01 0034 01 01
   52 2016 252 12 32 06 682 0    2060.01173355       0.00000000  0  0 f9 f0 18 04 01 0034 01 01
   52 2016 252 12 32 07 682 0    2066.88762347       0.00000000  0  0 f9 f0 18 04 01 0034 01 01
   52 2016 252 12 32 08 682 0    2073.76666121       0.00000000  0  0 f9 f0 18 04 01 0034 01 01
   52 2016 252 12 32 09 682 0    2080.64704802       0.00000000  0  0 f9 f0 18 04 01 0034 01 01
   52 2016 252 12 32 10 682 0    2087.53028286       0.00000000  0  0 f9 f0 18 04 01 0034 01 01
   52 2016 252 12 32 11 682 0    2094.41546634       0.00000000  0  0 f9 f0 18 04 01 0034 01 01
   52 2016 252 12 32 12 682 0    2101.30319807       0.00000000  0  0 f9 f0 18 04 01 0034 01 01
   52 2016 252 12 32 13 682 0    2108.19182917       0.00000000  0  0 f9 f0 18 04 01 0034 01 01
   52 2016 252 12 32 14 682 0    2115.08420767       0.00000000  0  0 f9 f0 18 04 01 0034 01 01
   53 2016 252 12 32 15 682 0    2121.97838493       0.00000000  0  0 f9 f0 18 04 01 0035 01 01
   53 2016 252 12 32 16 682 0    2128.87376136       0.00000000  0  0 f9 f0 18 04 01 0035 01 01
   53 2016 252 12 32 17 682 0    2135.77108644       0.00000000  0  0 f9 f0 18 04 01 0035 01 01
   53 2016 252 12 32 18 682 0    2142.67051007       0.00000000  0  0 f9 f0 18 04 01 0035 01 01
   53 2016 252 12 32 19 682 0    2149.57233204       0.00000000  0  0 f9 f0 18 04 01 0035 01 01
   53 2016 252 12 32 20 682 0    2156.47655235       0.00000000  0  0 f9 f0 18 04 01 0035 01 01
   53 2016 252 12 32 21 682 0    2163.38257141       0.00000000  0  0 f9 f0 18 04 01 0035 01 01
   53 2016 252 12 32 22 682 0    2170.28919006       0.00000000  0  0 f9 f0 18 04 01 0035 01 01
   53 2016 252 12 32 23 682 0    2177.19820704       0.00000000  0  0 f9 f0 18 04 01 0035 01 01
   53 2016 252 12 32 24 682 0    2184.10887289       0.00000000  0  0 f9 f0 18 04 01 0035 01 01
   54 2016 252 12 32 25 682 0    2191.02148739       0.00000000  0  0 f9 f0 18 04 01 0036 01 01
   54 2016 252 12 32 26 682 0    2197.93754950       0.00000000  0  0 f9 f0 18 04 01 0036 01 01
   54 2016 252 12 32 27 682 0    2204.85286213       0.00000000  0  0 f9 f0 18 04 01 0036 01 01
   54 2016 252 12 32 28 682 0    2211.77162237       0.00000000  0  0 f9 f0 18 04 01 0036 01 01
   54 2016 252 12 32 29 682 0    2218.69203147       0.00000000  0  0 f9 f0 18 04 01 0036 01 01
   54 2016 252 12 32 30 682 0    2225.61319005       0.00000000  0  0 f9 f0 18 04 01 0036 01 01
   54 2016 252 12 32 31 682 0    2232.53539790       0.00000000  0  0 f9 f0 18 04 01 0036 01 01
   54 2016 252 12 32 32 682 0    2239.45955441       0.00000000  0  0 f9 f0 18 04 01 0036 01 01
   54 2016 252 12 32 33 682 0    2246.38535978       0.00000000  0  0 f9 f0 18 04 01 0036 01 01
   54 2016 252 12 32 34 682 0    2253.31476265       0.00000000  0  0 f9 f0 18 04 01 0036 01 01
   55 2016 252 12 32 35 682 0    2260.24386573       0.00000000  0  0 f9 f0 18 04 01 0037 01 01
   55 2016 252 12 32 36 682 0    2267.17491746       0.00000000  0  0 f9 f0 18 04 01 0037 01 01
   55 2016 252 12 32 37 682 0    2274.10671868       0.00000000  0  0 f9 f0 18 04 01 0037 01 01
   55 2016 252 12 32 38 682 0    2281.04061844       0.00000000  0  0 f9 f0 18 04 01 0037 01 01
   55 2016 252 12 32 39 682 0    2287.97571737       0.00000000  0  0 f9 f0 18 04 01 0037 01 01
   55 2016 252 12 32 40 682 0    2294.91336454       0.00000000  0  0 f9 f0 18 04 01 0037 01 01
   55 2016 252 12 32 41 682 0    2301.85176119       0.00000000  0  0 f9 f0 18 04 01 0037 01 01
   55 2016 252 12 32 42 682 0    2308.79075742       0.00000000  0  0 f9 f0 18 04 01 0037 01 01
   55 2016 252 12 32 43 682 0    2315.73245178       0.00000000  0  0 f9 f0 18 04 01 0037 01 01
   55 2016 252 12 32 44 682 0    2322.67399625       0.00000000  0  0 f9 f0 18 04 01 0037 01 01
   56 2016 252 12 32 45 682 0    2329.61943802       0.00000000  0  0 f9 f0 18 04 01 0038 01 01
   56 2016 252 12 32 46 682 0    2336.56458000       0.00000000  0  0 f9 f0 18 04 01 0038 01 01
   56 2016 252 12 32 47 682 0    2343.51182053       0.00000000  0  0 f9 f0 18 04 01 0038 01 01
   56 2016 252 12 32 48 682 0    2350.45861136       0.00000000  0  0 f9 f0 18 04 01 0038 01 01
   56 2016 252 12 32 49 682 0    2357.40825023       0.00000000  0  0 f9 f0 18 04 01 0038 01 01
   56 2016 252 12 32 50 682 0    2364.35713961       0.00000000  0  0 f9 f0 18 04 01 0038 01 01
   56 2016 252 12 32 51 682 0    2371.30917682       0.00000000  0  0 f9 f0 18 04 01 0038 01 01
   56 2016 252 12 32 52 682 0    2378.26151381       0.00000000  0  0 f9 f0 18 04 01 0038 01 01
   56 2016 252 12 32 53 682 0    2385.21325123       0.00000000  0  0 f9 f0 18 04 01 0038 01 01
   56 2016 252 12 32 54 682 0    2392.16933563       0.00000000  0  0 f9 f0 18 04 01 0038 01 01
   57 2016 252 12 32 55 682 0    2399.12766848       0.00000000  0  0 f9 f0 18 04 01 0039 01 01
   57 2016 252 12 32 56 682 0    2406.08645101       0.00000000  0  0 f9 f0 18 04 01 0039 01 01
   57 2016 252 12 32 57 682 0    2413.04508365       0.00000000  0  0 f9 f0 18 04 01 0039 01 01
   57 2016 252 12 32 58 682 0    2420.00296681       0.00000000  0  0 f9 f0 18 04 01 0039 01 01
   57 2016 252 12 32 59 682 0    2426.95890131       0.00000000  0  0 f9 f0 18 04 01 0039 01 01
   57 2016 252 12 33 00 682 0    2433.93057493       0.00000000  0  0 f9 f0 18 04 01 0039 01 01
   57 2016 252 12 33 01 682 0    2440.89100632       0.00000000  0  0 f9 f0 18 04 01 0039 01 01
   57 2016 252 12 33 02 682 0    2447.84409280       0.00000000  0  0 f9 f0 18 04 01 0039 01 01
   57 2016 252 12 33 03 682 0    2454.81171921       0.00000000  0  0 f9 f0 18 04 01 0039 01 01
   57 2016 252 12 33 04 682 0    2461.82926107       0.00000000  0  0 f9 f0 18 04 01 0039 01 01
