 BkNo Year Day hh mm ss mss ns RangeRate(km/s)                  Tv DvTSnRSnDTpSTpSId BkCtSRtInTim
    1 2016 252 12 20 46 200 0      -5.20204829       0.00000000  0  0 f9 f0 18 04 03 0001 01 01
    1 2016 252 12 20 47 200 0      -5.20195099       0.00000000  0  0 f9 f0 18 04 03 0001 01 01
    1 2016 252 12 20 48 200 0      -5.20196475       0.00000000  0  0 f9 f0 18 04 03 0001 01 01
    1 2016 252 12 20 49 200 0      -5.20192452       0.00000000  0  0 f9 f0 18 04 03 0001 01 01
    1 2016 252 12 20 50 200 0      -5.20189497       0.00000000  0  0 f9 f0 18 04 03 0001 01 01
    1 2016 252 12 20 51 200 0      -5.20180276       0.00000000  0  0 f9 f0 18 04 03 0001 01 01
    1 2016 252 12 20 52 200 0      -5.20145733       0.00000000  0  0 f9 f0 18 04 03 0001 01 01
    2 2016 252 12 20 56 700 0      -4.04125913       0.00000000  0  0 f9 f0 18 04 03 0002 01 01
    2 2016 252 12 20 57 700 0      -4.04536172       0.00000000  0  0 f9 f0 18 04 03 0002 01 01
    3 2016 252 12 21 03 900 0      -3.18555520       0.00000000  0  0 f9 f0 18 04 03 0003 01 01
    3 2016 252 12 21 04 900 0      -3.18556922       0.00000000  0  0 f9 f0 18 04 03 0003 01 01
    3 2016 252 12 21 05 900 0      -3.18567063       0.00000000  0  0 f9 f0 18 04 03 0003 01 01
    3 2016 252 12 21 06 900 0      -3.18568211       0.00000000  0  0 f9 f0 18 04 03 0003 01 01
    3 2016 252 12 21 07 900 0      -3.18577021       0.00000000  0  0 f9 f0 18 04 03 0003 01 01
    3 2016 252 12 21 08 900 0      -3.18596233       0.00000000  0  0 f9 f0 18 04 03 0003 01 01
    3 2016 252 12 21 09 900 0      -3.18588388       0.00000000  0  0 f9 f0 18 04 03 0003 01 01
    3 2016 252 12 21 10 900 0      -3.18600055       0.00000000  0  0 f9 f0 18 04 03 0003 01 01
    3 2016 252 12 21 11 900 0      -3.18596559       0.00000000  0  0 f9 f0 18 04 03 0003 01 01
    3 2016 252 12 21 12 900 0      -3.18589151       0.00000000  0  0 f9 f0 18 04 03 0003 01 01
    4 2016 252 12 21 13 900 0      -3.18581228       0.00000000  0  0 f9 f0 18 04 03 0004 01 01
    4 2016 252 12 21 14 900 0      -3.18579291       0.00000000  0  0 f9 f0 18 04 03 0004 01 01
    4 2016 252 12 21 15 900 0      -3.18566652       0.00000000  0  0 f9 f0 18 04 03 0004 01 01
    4 2016 252 12 21 16 900 0      -3.18592536       0.00000000  0  0 f9 f0 18 04 03 0004 01 01
    4 2016 252 12 21 17 900 0      -3.18594499       0.00000000  0  0 f9 f0 18 04 03 0004 01 01
    4 2016 252 12 21 18 900 0      -3.18618419       0.00000000  0  0 f9 f0 18 04 03 0004 01 01
    4 2016 252 12 21 19 900 0      -3.18616737       0.00000000  0  0 f9 f0 18 04 03 0004 01 01
    4 2016 252 12 21 20 900 0      -3.18602905       0.00000000  0  0 f9 f0 18 04 03 0004 01 01
    4 2016 252 12 21 21 900 0      -3.18619541       0.00000000  0  0 f9 f0 18 04 03 0004 01 01
    4 2016 252 12 21 22 900 0      -3.18601685       0.00000000  0  0 f9 f0 18 04 03 0004 01 01
    5 2016 252 12 21 23 900 0      -3.18598294       0.00000000  0  0 f9 f0 18 04 03 0005 01 01
    5 2016 252 12 21 24 900 0      -3.18610672       0.00000000  0  0 f9 f0 18 04 03 0005 01 01
    5 2016 252 12 21 25 900 0      -3.18597303       0.00000000  0  0 f9 f0 18 04 03 0005 01 01
    5 2016 252 12 21 26 900 0      -3.18582297       0.00000000  0  0 f9 f0 18 04 03 0005 01 01
    5 2016 252 12 21 27 900 0      -3.18598346       0.00000000  0  0 f9 f0 18 04 03 0005 01 01
    5 2016 252 12 21 28 900 0      -3.18586575       0.00000000  0  0 f9 f0 18 04 03 0005 01 01
    5 2016 252 12 21 29 900 0      -3.18587749       0.00000000  0  0 f9 f0 18 04 03 0005 01 01
    5 2016 252 12 21 30 900 0      -3.18583875       0.00000000  0  0 f9 f0 18 04 03 0005 01 01
    5 2016 252 12 21 31 900 0      -3.18574550       0.00000000  0  0 f9 f0 18 04 03 0005 01 01
    5 2016 252 12 21 32 900 0      -3.18587312       0.00000000  0  0 f9 f0 18 04 03 0005 01 01
    6 2016 252 12 21 33 900 0      -3.18571778       0.00000000  0  0 f9 f0 18 04 03 0006 01 01
    6 2016 252 12 21 34 900 0      -3.18569457       0.00000000  0  0 f9 f0 18 04 03 0006 01 01
    6 2016 252 12 21 35 900 0      -3.18572919       0.00000000  0  0 f9 f0 18 04 03 0006 01 01
    6 2016 252 12 21 36 900 0      -3.18556851       0.00000000  0  0 f9 f0 18 04 03 0006 01 01
    6 2016 252 12 21 37 900 0      -3.18558964       0.00000000  0  0 f9 f0 18 04 03 0006 01 01
    6 2016 252 12 21 38 900 0      -3.18564233       0.00000000  0  0 f9 f0 18 04 03 0006 01 01
    6 2016 252 12 21 39 900 0      -3.18550173       0.00000000  0  0 f9 f0 18 04 03 0006 01 01
    6 2016 252 12 21 40 900 0      -3.18567115       0.00000000  0  0 f9 f0 18 04 03 0006 01 01
    6 2016 252 12 21 41 900 0      -3.18560437       0.00000000  0  0 f9 f0 18 04 03 0006 01 01
    6 2016 252 12 21 42 900 0      -3.18560464       0.00000000  0  0 f9 f0 18 04 03 0006 01 01
    7 2016 252 12 21 43 900 0      -3.18568211       0.00000000  0  0 f9 f0 18 04 03 0007 01 01
    7 2016 252 12 21 44 900 0      -3.18559446       0.00000000  0  0 f9 f0 18 04 03 0007 01 01
    7 2016 252 12 21 45 900 0      -3.18567904       0.00000000  0  0 f9 f0 18 04 03 0007 01 01
    7 2016 252 12 21 46 900 0      -3.18570017       0.00000000  0  0 f9 f0 18 04 03 0007 01 01
    7 2016 252 12 21 47 900 0      -3.18563776       0.00000000  0  0 f9 f0 18 04 03 0007 01 01
    7 2016 252 12 21 48 900 0      -3.18568133       0.00000000  0  0 f9 f0 18 04 03 0007 01 01
    7 2016 252 12 21 49 900 0      -3.18569000       0.00000000  0  0 f9 f0 18 04 03 0007 01 01
    7 2016 252 12 21 50 900 0      -3.18559296       0.00000000  0  0 f9 f0 18 04 03 0007 01 01
    7 2016 252 12 21 51 900 0      -3.18566476       0.00000000  0  0 f9 f0 18 04 03 0007 01 01
    7 2016 252 12 21 52 900 0      -3.18566959       0.00000000  0  0 f9 f0 18 04 03 0007 01 01
    8 2016 252 12 21 53 900 0      -3.18563066       0.00000000  0  0 f9 f0 18 04 03 0008 01 01
    8 2016 252 12 21 54 900 0      -3.18559270       0.00000000  0  0 f9 f0 18 04 03 0008 01 01
    8 2016 252 12 21 55 900 0      -3.18550453       0.00000000  0  0 f9 f0 18 04 03 0008 01 01
    8 2016 252 12 21 56 900 0      -3.18542862       0.00000000  0  0 f9 f0 18 04 03 0008 01 01
    8 2016 252 12 21 57 900 0      -3.18541793       0.00000000  0  0 f9 f0 18 04 03 0008 01 01
    8 2016 252 12 21 58 900 0      -3.18526174       0.00000000  0  0 f9 f0 18 04 03 0008 01 01
    8 2016 252 12 21 59 900 0      -3.18542099       0.00000000  0  0 f9 f0 18 04 03 0008 01 01
    8 2016 252 12 22 00 900 0      -3.18534482       0.00000000  0  0 f9 f0 18 04 03 0008 01 01
    8 2016 252 12 22 01 900 0      -3.18526252       0.00000000  0  0 f9 f0 18 04 03 0008 01 01
    8 2016 252 12 22 02 900 0      -3.18555983       0.00000000  0  0 f9 f0 18 04 03 0008 01 01
    9 2016 252 12 22 03 900 0      -3.18548490       0.00000000  0  0 f9 f0 18 04 03 0009 01 01
    9 2016 252 12 22 04 900 0      -3.18555142       0.00000000  0  0 f9 f0 18 04 03 0009 01 01
    9 2016 252 12 22 05 900 0      -3.18558527       0.00000000  0  0 f9 f0 18 04 03 0009 01 01
    9 2016 252 12 22 06 900 0      -3.18557894       0.00000000  0  0 f9 f0 18 04 03 0009 01 01
    9 2016 252 12 22 07 900 0      -3.18569098       0.00000000  0  0 f9 f0 18 04 03 0009 01 01
   10 2016 252 12 22 17 000 0      -5.20131412       0.00000000  0  0 f9 f0 18 04 03 000a 01 01
   10 2016 252 12 22 18 000 0      -5.20127949       0.00000000  0  0 f9 f0 18 04 03 000a 01 01
   10 2016 252 12 22 19 000 0      -5.20119745       0.00000000  0  0 f9 f0 18 04 03 000a 01 01
   10 2016 252 12 22 20 000 0      -5.20131719       0.00000000  0  0 f9 f0 18 04 03 000a 01 01
   10 2016 252 12 22 21 000 0      -5.20124891       0.00000000  0  0 f9 f0 18 04 03 000a 01 01
   10 2016 252 12 22 22 000 0      -5.20122243       0.00000000  0  0 f9 f0 18 04 03 000a 01 01
   10 2016 252 12 22 23 000 0      -5.20130649       0.00000000  0  0 f9 f0 18 04 03 000a 01 01
   10 2016 252 12 22 24 000 0      -5.20126828       0.00000000  0  0 f9 f0 18 04 03 000a 01 01
   10 2016 252 12 22 25 000 0      -5.20122960       0.00000000  0  0 f9 f0 18 04 03 000a 01 01
   10 2016 252 12 22 26 000 0      -5.20131262       0.00000000  0  0 f9 f0 18 04 03 000a 01 01
   11 2016 252 12 22 27 000 0      -5.20126625       0.00000000  0  0 f9 f0 18 04 03 000b 01 01
   11 2016 252 12 22 28 000 0      -5.20134881       0.00000000  0  0 f9 f0 18 04 03 000b 01 01
   11 2016 252 12 22 29 000 0      -5.20133812       0.00000000  0  0 f9 f0 18 04 03 000b 01 01
   11 2016 252 12 22 30 000 0      -5.20135188       0.00000000  0  0 f9 f0 18 04 03 000b 01 01
   11 2016 252 12 22 31 000 0      -5.20131262       0.00000000  0  0 f9 f0 18 04 03 000b 01 01
   11 2016 252 12 22 32 000 0      -5.20130043       0.00000000  0  0 f9 f0 18 04 03 000b 01 01
   11 2016 252 12 22 33 000 0      -5.20137679       0.00000000  0  0 f9 f0 18 04 03 000b 01 01
   11 2016 252 12 22 34 000 0      -5.20134829       0.00000000  0  0 f9 f0 18 04 03 000b 01 01
   11 2016 252 12 22 35 000 0      -5.20129019       0.00000000  0  0 f9 f0 18 04 03 000b 01 01
   11 2016 252 12 22 36 000 0      -5.20136101       0.00000000  0  0 f9 f0 18 04 03 000b 01 01
   12 2016 252 12 22 37 000 0      -5.20131673       0.00000000  0  0 f9 f0 18 04 03 000c 01 01
   12 2016 252 12 22 38 000 0      -5.20124995       0.00000000  0  0 f9 f0 18 04 03 000c 01 01
   12 2016 252 12 22 39 000 0      -5.20121226       0.00000000  0  0 f9 f0 18 04 03 000c 01 01
   12 2016 252 12 22 40 000 0      -5.20122041       0.00000000  0  0 f9 f0 18 04 03 000c 01 01
   12 2016 252 12 22 41 000 0      -5.20118115       0.00000000  0  0 f9 f0 18 04 03 000c 01 01
   12 2016 252 12 22 42 000 0      -5.20122706       0.00000000  0  0 f9 f0 18 04 03 000c 01 01
   12 2016 252 12 22 43 000 0      -5.20113994       0.00000000  0  0 f9 f0 18 04 03 000c 01 01
   12 2016 252 12 22 44 000 0      -5.20124793       0.00000000  0  0 f9 f0 18 04 03 000c 01 01
   12 2016 252 12 22 45 000 0      -5.20126475       0.00000000  0  0 f9 f0 18 04 03 000c 01 01
   13 2016 252 12 22 54 500 0      -3.50196374       0.00000000  0  0 f9 f0 18 04 03 000d 01 01
   13 2016 252 12 22 55 500 0      -3.50115541       0.00000000  0  0 f9 f0 18 04 03 000d 01 01
   13 2016 252 12 22 56 500 0      -3.50032779       0.00000000  0  0 f9 f0 18 04 03 000d 01 01
   13 2016 252 12 22 57 500 0      -3.49951157       0.00000000  0  0 f9 f0 18 04 03 000d 01 01
   13 2016 252 12 22 58 500 0      -3.49868114       0.00000000  0  0 f9 f0 18 04 03 000d 01 01
   13 2016 252 12 22 59 500 0      -3.49780407       0.00000000  0  0 f9 f0 18 04 03 000d 01 01
   13 2016 252 12 23 00 500 0      -3.49694684       0.00000000  0  0 f9 f0 18 04 03 000d 01 01
   13 2016 252 12 23 01 500 0      -3.49606619       0.00000000  0  0 f9 f0 18 04 03 000d 01 01
   13 2016 252 12 23 02 500 0      -3.49515502       0.00000000  0  0 f9 f0 18 04 03 000d 01 01
   13 2016 252 12 23 03 500 0      -3.49427105       0.00000000  0  0 f9 f0 18 04 03 000d 01 01
   14 2016 252 12 23 04 500 0      -3.49334045       0.00000000  0  0 f9 f0 18 04 03 000e 01 01
   14 2016 252 12 23 05 500 0      -3.49240789       0.00000000  0  0 f9 f0 18 04 03 000e 01 01
   14 2016 252 12 23 06 500 0      -3.49146685       0.00000000  0  0 f9 f0 18 04 03 000e 01 01
   14 2016 252 12 23 07 500 0      -3.49050625       0.00000000  0  0 f9 f0 18 04 03 000e 01 01
   14 2016 252 12 23 08 500 0      -3.48953874       0.00000000  0  0 f9 f0 18 04 03 000e 01 01
   14 2016 252 12 23 09 500 0      -3.48856099       0.00000000  0  0 f9 f0 18 04 03 000e 01 01
   14 2016 252 12 23 10 500 0      -3.48755604       0.00000000  0  0 f9 f0 18 04 03 000e 01 01
   14 2016 252 12 23 11 500 0      -3.48652919       0.00000000  0  0 f9 f0 18 04 03 000e 01 01
   14 2016 252 12 23 12 500 0      -3.49284300       0.00000000  0  0 f9 f0 18 04 03 000e 01 01
   14 2016 252 12 23 13 500 0      -3.48759426       0.00000000  0  0 f9 f0 18 04 03 000e 01 01
   15 2016 252 12 23 22 500 0      -6.71119940       0.00000000  0  0 f9 f0 18 04 03 000f 01 01
   15 2016 252 12 23 23 500 0      -6.70880493       0.00000000  0  0 f9 f0 18 04 03 000f 01 01
   15 2016 252 12 23 24 500 0      -6.70637322       0.00000000  0  0 f9 f0 18 04 03 000f 01 01
   15 2016 252 12 23 25 500 0      -6.70390988       0.00000000  0  0 f9 f0 18 04 03 000f 01 01
   15 2016 252 12 23 26 500 0      -6.70144759       0.00000000  0  0 f9 f0 18 04 03 000f 01 01
   15 2016 252 12 23 27 500 0      -6.69891298       0.00000000  0  0 f9 f0 18 04 03 000f 01 01
   15 2016 252 12 23 28 500 0      -6.69634426       0.00000000  0  0 f9 f0 18 04 03 000f 01 01
   15 2016 252 12 23 29 500 0      -6.69376733       0.00000000  0  0 f9 f0 18 04 03 000f 01 01
   15 2016 252 12 23 30 500 0      -6.69112570       0.00000000  0  0 f9 f0 18 04 03 000f 01 01
   15 2016 252 12 23 31 500 0      -6.68845199       0.00000000  0  0 f9 f0 18 04 03 000f 01 01
   16 2016 252 12 23 32 500 0      -6.68575232       0.00000000  0  0 f9 f0 18 04 03 0010 01 01
   16 2016 252 12 23 33 500 0      -6.68301594       0.00000000  0  0 f9 f0 18 04 03 0010 01 01
   16 2016 252 12 23 34 500 0      -6.68025354       0.00000000  0  0 f9 f0 18 04 03 0010 01 01
   16 2016 252 12 23 35 500 0      -6.67741276       0.00000000  0  0 f9 f0 18 04 03 0010 01 01
   16 2016 252 12 23 36 500 0      -6.67455254       0.00000000  0  0 f9 f0 18 04 03 0010 01 01
   16 2016 252 12 23 37 500 0      -6.67165671       0.00000000  0  0 f9 f0 18 04 03 0010 01 01
   16 2016 252 12 23 38 500 0      -6.66874713       0.00000000  0  0 f9 f0 18 04 03 0010 01 01
   16 2016 252 12 23 39 500 0      -6.66575146       0.00000000  0  0 f9 f0 18 04 03 0010 01 01
   16 2016 252 12 23 40 500 0      -6.66273487       0.00000000  0  0 f9 f0 18 04 03 0010 01 01
   16 2016 252 12 23 41 500 0      -6.65966629       0.00000000  0  0 f9 f0 18 04 03 0010 01 01
   17 2016 252 12 23 42 500 0      -6.65658500       0.00000000  0  0 f9 f0 18 04 03 0011 01 01
   17 2016 252 12 23 43 500 0      -6.65343289       0.00000000  0  0 f9 f0 18 04 03 0011 01 01
   17 2016 252 12 23 44 500 0      -6.65026396       0.00000000  0  0 f9 f0 18 04 03 0011 01 01
   17 2016 252 12 23 45 500 0      -6.64703242       0.00000000  0  0 f9 f0 18 04 03 0011 01 01
   17 2016 252 12 23 46 500 0      -6.64375647       0.00000000  0  0 f9 f0 18 04 03 0011 01 01
   17 2016 252 12 23 47 500 0      -6.64043983       0.00000000  0  0 f9 f0 18 04 03 0011 01 01
   17 2016 252 12 23 48 500 0      -6.63707832       0.00000000  0  0 f9 f0 18 04 03 0011 01 01
   17 2016 252 12 23 49 500 0      -6.63367351       0.00000000  0  0 f9 f0 18 04 03 0011 01 01
   17 2016 252 12 23 50 500 0      -6.63022697       0.00000000  0  0 f9 f0 18 04 03 0011 01 01
   17 2016 252 12 23 51 500 0      -6.62671769       0.00000000  0  0 f9 f0 18 04 03 0011 01 01
   18 2016 252 12 23 52 500 0      -6.62318141       0.00000000  0  0 f9 f0 18 04 03 0012 01 01
   18 2016 252 12 23 53 500 0      -6.61958813       0.00000000  0  0 f9 f0 18 04 03 0012 01 01
   18 2016 252 12 23 54 500 0      -6.61593878       0.00000000  0  0 f9 f0 18 04 03 0012 01 01
   18 2016 252 12 23 55 500 0      -6.61224716       0.00000000  0  0 f9 f0 18 04 03 0012 01 01
   18 2016 252 12 23 56 500 0      -6.60850455       0.00000000  0  0 f9 f0 18 04 03 0012 01 01
   18 2016 252 12 23 57 500 0      -6.60471258       0.00000000  0  0 f9 f0 18 04 03 0012 01 01
   18 2016 252 12 23 58 500 0      -6.60085787       0.00000000  0  0 f9 f0 18 04 03 0012 01 01
   18 2016 252 12 23 59 500 0      -6.59696501       0.00000000  0  0 f9 f0 18 04 03 0012 01 01
   18 2016 252 12 24 00 500 0      -6.59301150       0.00000000  0  0 f9 f0 18 04 03 0012 01 01
   18 2016 252 12 24 01 500 0      -6.58900602       0.00000000  0  0 f9 f0 18 04 03 0012 01 01
   19 2016 252 12 24 02 500 0      -6.58493943       0.00000000  0  0 f9 f0 18 04 03 0013 01 01
   19 2016 252 12 24 03 500 0      -6.58082335       0.00000000  0  0 f9 f0 18 04 03 0013 01 01
   19 2016 252 12 24 04 500 0      -6.57665998       0.00000000  0  0 f9 f0 18 04 03 0013 01 01
   19 2016 252 12 24 05 500 0      -6.57242371       0.00000000  0  0 f9 f0 18 04 03 0013 01 01
   19 2016 252 12 24 06 500 0      -6.56814564       0.00000000  0  0 f9 f0 18 04 03 0013 01 01
   19 2016 252 12 24 07 500 0      -6.56379727       0.00000000  0  0 f9 f0 18 04 03 0013 01 01
   19 2016 252 12 24 08 500 0      -6.55938728       0.00000000  0  0 f9 f0 18 04 03 0013 01 01
   19 2016 252 12 24 09 500 0      -6.55491820       0.00000000  0  0 f9 f0 18 04 03 0013 01 01
   19 2016 252 12 24 10 500 0      -6.55039408       0.00000000  0  0 f9 f0 18 04 03 0013 01 01
   19 2016 252 12 24 11 500 0      -6.54580168       0.00000000  0  0 f9 f0 18 04 03 0013 01 01
   20 2016 252 12 24 12 500 0      -6.54115783       0.00000000  0  0 f9 f0 18 04 03 0014 01 01
   20 2016 252 12 24 13 500 0      -6.53643553       0.00000000  0  0 f9 f0 18 04 03 0014 01 01
   20 2016 252 12 24 14 500 0      -6.53164241       0.00000000  0  0 f9 f0 18 04 03 0014 01 01
   20 2016 252 12 24 15 500 0      -6.52680599       0.00000000  0  0 f9 f0 18 04 03 0014 01 01
   20 2016 252 12 24 16 500 0      -6.52189470       0.00000000  0  0 f9 f0 18 04 03 0014 01 01
   20 2016 252 12 24 17 500 0      -6.51690490       0.00000000  0  0 f9 f0 18 04 03 0014 01 01
   20 2016 252 12 24 18 500 0      -6.51184636       0.00000000  0  0 f9 f0 18 04 03 0014 01 01
   20 2016 252 12 24 19 500 0      -6.50673024       0.00000000  0  0 f9 f0 18 04 03 0014 01 01
   20 2016 252 12 24 20 500 0      -6.50152902       0.00000000  0  0 f9 f0 18 04 03 0014 01 01
   20 2016 252 12 24 21 500 0      -6.49626670       0.00000000  0  0 f9 f0 18 04 03 0014 01 01
   21 2016 252 12 24 22 500 0      -6.49093146       0.00000000  0  0 f9 f0 18 04 03 0015 01 01
   21 2016 252 12 24 23 500 0      -6.48552749       0.00000000  0  0 f9 f0 18 04 03 0015 01 01
   21 2016 252 12 24 24 500 0      -6.48003079       0.00000000  0  0 f9 f0 18 04 03 0015 01 01
   21 2016 252 12 24 25 500 0      -6.47446731       0.00000000  0  0 f9 f0 18 04 03 0015 01 01
   21 2016 252 12 24 26 500 0      -6.46882186       0.00000000  0  0 f9 f0 18 04 03 0015 01 01
   21 2016 252 12 24 27 500 0      -6.46309842       0.00000000  0  0 f9 f0 18 04 03 0015 01 01
   21 2016 252 12 24 28 500 0      -6.45730115       0.00000000  0  0 f9 f0 18 04 03 0015 01 01
   21 2016 252 12 24 29 500 0      -6.45141722       0.00000000  0  0 f9 f0 18 04 03 0015 01 01
   21 2016 252 12 24 30 500 0      -6.44545131       0.00000000  0  0 f9 f0 18 04 03 0015 01 01
   21 2016 252 12 24 31 500 0      -6.43940337       0.00000000  0  0 f9 f0 18 04 03 0015 01 01
   22 2016 252 12 24 32 500 0      -6.43326830       0.00000000  0  0 f9 f0 18 04 03 0016 01 01
   22 2016 252 12 24 33 500 0      -6.42704865       0.00000000  0  0 f9 f0 18 04 03 0016 01 01
   22 2016 252 12 24 34 500 0      -6.42073470       0.00000000  0  0 f9 f0 18 04 03 0016 01 01
   22 2016 252 12 24 35 500 0      -6.41433422       0.00000000  0  0 f9 f0 18 04 03 0016 01 01
   22 2016 252 12 24 36 500 0      -6.40783031       0.00000000  0  0 f9 f0 18 04 03 0016 01 01
   22 2016 252 12 24 37 500 0      -6.40126014       0.00000000  0  0 f9 f0 18 04 03 0016 01 01
   22 2016 252 12 24 38 500 0      -6.39457122       0.00000000  0  0 f9 f0 18 04 03 0016 01 01
   22 2016 252 12 24 39 500 0      -6.38779830       0.00000000  0  0 f9 f0 18 04 03 0016 01 01
   22 2016 252 12 24 40 500 0      -6.38094126       0.00000000  0  0 f9 f0 18 04 03 0016 01 01
   22 2016 252 12 24 41 500 0      -6.37396202       0.00000000  0  0 f9 f0 18 04 03 0016 01 01
   23 2016 252 12 24 42 500 0      -6.36690940       0.00000000  0  0 f9 f0 18 04 03 0017 01 01
   23 2016 252 12 24 43 500 0      -6.35972832       0.00000000  0  0 f9 f0 18 04 03 0017 01 01
   23 2016 252 12 24 44 500 0      -6.35245307       0.00000000  0  0 f9 f0 18 04 03 0017 01 01
   23 2016 252 12 24 45 500 0      -6.34508509       0.00000000  0  0 f9 f0 18 04 03 0017 01 01
   23 2016 252 12 24 46 500 0      -6.33760292       0.00000000  0  0 f9 f0 18 04 03 0017 01 01
   23 2016 252 12 24 47 500 0      -6.33001941       0.00000000  0  0 f9 f0 18 04 03 0017 01 01
   23 2016 252 12 24 48 500 0      -6.32230958       0.00000000  0  0 f9 f0 18 04 03 0017 01 01
   23 2016 252 12 24 49 500 0      -6.31449679       0.00000000  0  0 f9 f0 18 04 03 0017 01 01
   23 2016 252 12 24 50 500 0      -6.30656784       0.00000000  0  0 f9 f0 18 04 03 0017 01 01
   23 2016 252 12 24 51 500 0      -6.29852530       0.00000000  0  0 f9 f0 18 04 03 0017 01 01
   24 2016 252 12 24 52 500 0      -6.29036048       0.00000000  0  0 f9 f0 18 04 03 0018 01 01
   24 2016 252 12 24 53 500 0      -6.28208611       0.00000000  0  0 f9 f0 18 04 03 0018 01 01
   24 2016 252 12 24 54 500 0      -6.27368639       0.00000000  0  0 f9 f0 18 04 03 0018 01 01
   24 2016 252 12 24 55 500 0      -6.26515730       0.00000000  0  0 f9 f0 18 04 03 0018 01 01
   24 2016 252 12 24 56 500 0      -6.25650338       0.00000000  0  0 f9 f0 18 04 03 0018 01 01
   24 2016 252 12 24 57 500 0      -6.24773176       0.00000000  0  0 f9 f0 18 04 03 0018 01 01
   24 2016 252 12 24 58 500 0      -6.23882208       0.00000000  0  0 f9 f0 18 04 03 0018 01 01
   24 2016 252 12 24 59 500 0      -6.22979319       0.00000000  0  0 f9 f0 18 04 03 0018 01 01
   24 2016 252 12 25 00 500 0      -6.22061555       0.00000000  0  0 f9 f0 18 04 03 0018 01 01
   24 2016 252 12 25 01 500 0      -6.21130540       0.00000000  0  0 f9 f0 18 04 03 0018 01 01
   25 2016 252 12 25 02 500 0      -6.20185772       0.00000000  0  0 f9 f0 18 04 03 0019 01 01
   25 2016 252 12 25 03 500 0      -6.19227197       0.00000000  0  0 f9 f0 18 04 03 0019 01 01
   25 2016 252 12 25 04 500 0      -6.18253285       0.00000000  0  0 f9 f0 18 04 03 0019 01 01
   25 2016 252 12 25 05 500 0      -6.17265417       0.00000000  0  0 f9 f0 18 04 03 0019 01 01
   25 2016 252 12 25 06 500 0      -6.16263124       0.00000000  0  0 f9 f0 18 04 03 0019 01 01
   25 2016 252 12 25 07 500 0      -6.15245454       0.00000000  0  0 f9 f0 18 04 03 0019 01 01
   25 2016 252 12 25 08 500 0      -6.14211983       0.00000000  0  0 f9 f0 18 04 03 0019 01 01
   25 2016 252 12 25 09 500 0      -6.13163539       0.00000000  0  0 f9 f0 18 04 03 0019 01 01
   25 2016 252 12 25 10 500 0      -6.12098178       0.00000000  0  0 f9 f0 18 04 03 0019 01 01
   25 2016 252 12 25 11 500 0      -6.11018093       0.00000000  0  0 f9 f0 18 04 03 0019 01 01
   26 2016 252 12 25 12 500 0      -6.09920582       0.00000000  0  0 f9 f0 18 04 03 001a 01 01
   26 2016 252 12 25 13 500 0      -6.08807479       0.00000000  0  0 f9 f0 18 04 03 001a 01 01
   26 2016 252 12 25 14 500 0      -6.07675380       0.00000000  0  0 f9 f0 18 04 03 001a 01 01
   26 2016 252 12 25 15 500 0      -6.06526566       0.00000000  0  0 f9 f0 18 04 03 001a 01 01
   26 2016 252 12 25 16 500 0      -6.05361600       0.00000000  0  0 f9 f0 18 04 03 001a 01 01
   26 2016 252 12 25 17 500 0      -6.04177069       0.00000000  0  0 f9 f0 18 04 03 001a 01 01
   26 2016 252 12 25 18 500 0      -6.02975681       0.00000000  0  0 f9 f0 18 04 03 001a 01 01
   26 2016 252 12 25 19 500 0      -6.01754878       0.00000000  0  0 f9 f0 18 04 03 001a 01 01
   26 2016 252 12 25 20 500 0      -6.00515784       0.00000000  0  0 f9 f0 18 04 03 001a 01 01
   26 2016 252 12 25 21 500 0      -5.99258045       0.00000000  0  0 f9 f0 18 04 03 001a 01 01
   27 2016 252 12 25 22 500 0      -5.97978596       0.00000000  0  0 f9 f0 18 04 03 001b 01 01
   27 2016 252 12 25 23 500 0      -5.96680510       0.00000000  0  0 f9 f0 18 04 03 001b 01 01
   27 2016 252 12 25 24 500 0      -5.95362599       0.00000000  0  0 f9 f0 18 04 03 001b 01 01
   27 2016 252 12 25 25 500 0      -5.94024563       0.00000000  0  0 f9 f0 18 04 03 001b 01 01
   27 2016 252 12 25 26 500 0      -5.92663807       0.00000000  0  0 f9 f0 18 04 03 001b 01 01
   27 2016 252 12 25 27 500 0      -5.91282874       0.00000000  0  0 f9 f0 18 04 03 001b 01 01
   27 2016 252 12 25 28 500 0      -5.89879474       0.00000000  0  0 f9 f0 18 04 03 001b 01 01
   27 2016 252 12 25 29 500 0      -5.88454268       0.00000000  0  0 f9 f0 18 04 03 001b 01 01
   27 2016 252 12 25 30 500 0      -5.87008383       0.00000000  0  0 f9 f0 18 04 03 001b 01 01
   27 2016 252 12 25 31 500 0      -5.85537781       0.00000000  0  0 f9 f0 18 04 03 001b 01 01
   28 2016 252 12 25 32 500 0      -5.84043847       0.00000000  0  0 f9 f0 18 04 03 001c 01 01
   28 2016 252 12 25 33 500 0      -5.82526474       0.00000000  0  0 f9 f0 18 04 03 001c 01 01
   28 2016 252 12 25 34 500 0      -5.80985821       0.00000000  0  0 f9 f0 18 04 03 001c 01 01
   28 2016 252 12 25 35 500 0      -5.79419441       0.00000000  0  0 f9 f0 18 04 03 001c 01 01
   28 2016 252 12 25 36 500 0      -5.77829265       0.00000000  0  0 f9 f0 18 04 03 001c 01 01
   28 2016 252 12 25 37 500 0      -5.76213107       0.00000000  0  0 f9 f0 18 04 03 001c 01 01
   28 2016 252 12 25 38 500 0      -5.74571119       0.00000000  0  0 f9 f0 18 04 03 001c 01 01
   28 2016 252 12 25 39 500 0      -5.72902941       0.00000000  0  0 f9 f0 18 04 03 001c 01 01
   28 2016 252 12 25 40 500 0      -5.71207048       0.00000000  0  0 f9 f0 18 04 03 001c 01 01
   28 2016 252 12 25 41 500 0      -5.69484612       0.00000000  0  0 f9 f0 18 04 03 001c 01 01
   29 2016 252 12 25 42 500 0      -5.67735178       0.00000000  0  0 f9 f0 18 04 03 001d 01 01
   29 2016 252 12 25 43 500 0      -5.65957109       0.00000000  0  0 f9 f0 18 04 03 001d 01 01
   29 2016 252 12 25 44 500 0      -5.64150457       0.00000000  0  0 f9 f0 18 04 03 001d 01 01
   29 2016 252 12 25 45 500 0      -5.62313285       0.00000000  0  0 f9 f0 18 04 03 001d 01 01
   29 2016 252 12 25 46 500 0      -5.60447582       0.00000000  0  0 f9 f0 18 04 03 001d 01 01
   29 2016 252 12 25 47 500 0      -5.58551927       0.00000000  0  0 f9 f0 18 04 03 001d 01 01
   29 2016 252 12 25 48 500 0      -5.56623150       0.00000000  0  0 f9 f0 18 04 03 001d 01 01
   29 2016 252 12 25 49 500 0      -5.54665640       0.00000000  0  0 f9 f0 18 04 03 001d 01 01
   29 2016 252 12 25 50 500 0      -5.52674401       0.00000000  0  0 f9 f0 18 04 03 001d 01 01
   29 2016 252 12 25 51 500 0      -5.50651729       0.00000000  0  0 f9 f0 18 04 03 001d 01 01
   30 2016 252 12 25 52 500 0      -5.48596555       0.00000000  0  0 f9 f0 18 04 03 001e 01 01
   30 2016 252 12 25 53 500 0      -5.46506374       0.00000000  0  0 f9 f0 18 04 03 001e 01 01
   30 2016 252 12 25 54 500 0      -5.44382778       0.00000000  0  0 f9 f0 18 04 03 001e 01 01
   30 2016 252 12 25 55 500 0      -5.42225043       0.00000000  0  0 f9 f0 18 04 03 001e 01 01
   30 2016 252 12 25 56 500 0      -5.40031231       0.00000000  0  0 f9 f0 18 04 03 001e 01 01
   30 2016 252 12 25 57 500 0      -5.37799981       0.00000000  0  0 f9 f0 18 04 03 001e 01 01
   30 2016 252 12 25 58 500 0      -5.35533671       0.00000000  0  0 f9 f0 18 04 03 001e 01 01
   30 2016 252 12 25 59 500 0      -5.33230483       0.00000000  0  0 f9 f0 18 04 03 001e 01 01
   30 2016 252 12 26 00 500 0      -5.30888617       0.00000000  0  0 f9 f0 18 04 03 001e 01 01
   30 2016 252 12 26 01 500 0      -5.28508294       0.00000000  0  0 f9 f0 18 04 03 001e 01 01
   31 2016 252 12 26 02 500 0      -5.26088733       0.00000000  0  0 f9 f0 18 04 03 001f 01 01
   31 2016 252 12 26 03 500 0      -5.23629332       0.00000000  0  0 f9 f0 18 04 03 001f 01 01
   31 2016 252 12 26 04 500 0      -5.21130549       0.00000000  0  0 f9 f0 18 04 03 001f 01 01
   31 2016 252 12 26 05 500 0      -5.18589481       0.00000000  0  0 f9 f0 18 04 03 001f 01 01
   31 2016 252 12 26 06 500 0      -5.16006128       0.00000000  0  0 f9 f0 18 04 03 001f 01 01
   31 2016 252 12 26 07 500 0      -5.13381247       0.00000000  0  0 f9 f0 18 04 03 001f 01 01
   31 2016 252 12 26 08 500 0      -5.10712960       0.00000000  0  0 f9 f0 18 04 03 001f 01 01
   31 2016 252 12 26 09 500 0      -5.08000347       0.00000000  0  0 f9 f0 18 04 03 001f 01 01
   31 2016 252 12 26 10 500 0      -5.05242437       0.00000000  0  0 f9 f0 18 04 03 001f 01 01
   31 2016 252 12 26 11 500 0      -5.02440670       0.00000000  0  0 f9 f0 18 04 03 001f 01 01
   32 2016 252 12 26 12 500 0      -4.99591668       0.00000000  0  0 f9 f0 18 04 03 0020 01 01
   32 2016 252 12 26 13 500 0      -4.96695791       0.00000000  0  0 f9 f0 18 04 03 0020 01 01
   32 2016 252 12 26 14 500 0      -4.93753606       0.00000000  0  0 f9 f0 18 04 03 0020 01 01
   32 2016 252 12 26 15 500 0      -4.90761544       0.00000000  0  0 f9 f0 18 04 03 0020 01 01
   32 2016 252 12 26 16 500 0      -4.87721740       0.00000000  0  0 f9 f0 18 04 03 0020 01 01
   32 2016 252 12 26 17 500 0      -4.84631036       0.00000000  0  0 f9 f0 18 04 03 0020 01 01
   32 2016 252 12 26 18 500 0      -4.81490612       0.00000000  0  0 f9 f0 18 04 03 0020 01 01
   32 2016 252 12 26 19 500 0      -4.78297914       0.00000000  0  0 f9 f0 18 04 03 0020 01 01
   32 2016 252 12 26 20 500 0      -4.75054413       0.00000000  0  0 f9 f0 18 04 03 0020 01 01
   32 2016 252 12 26 21 500 0      -4.71756712       0.00000000  0  0 f9 f0 18 04 03 0020 01 01
   33 2016 252 12 26 22 500 0      -4.68406939       0.00000000  0  0 f9 f0 18 04 03 0021 01 01
   33 2016 252 12 26 23 500 0      -4.65002085       0.00000000  0  0 f9 f0 18 04 03 0021 01 01
   33 2016 252 12 26 24 500 0      -4.61542112       0.00000000  0  0 f9 f0 18 04 03 0021 01 01
   33 2016 252 12 26 25 500 0      -4.58026446       0.00000000  0  0 f9 f0 18 04 03 0021 01 01
   33 2016 252 12 26 26 500 0      -4.54454181       0.00000000  0  0 f9 f0 18 04 03 0021 01 01
   33 2016 252 12 26 27 500 0      -4.50824650       0.00000000  0  0 f9 f0 18 04 03 0021 01 01
   33 2016 252 12 26 28 500 0      -4.47135808       0.00000000  0  0 f9 f0 18 04 03 0021 01 01
   33 2016 252 12 26 29 500 0      -4.43389961       0.00000000  0  0 f9 f0 18 04 03 0021 01 01
   33 2016 252 12 26 30 500 0      -4.39583993       0.00000000  0  0 f9 f0 18 04 03 0021 01 01
   33 2016 252 12 26 31 500 0      -4.35717395       0.00000000  0  0 f9 f0 18 04 03 0021 01 01
   34 2016 252 12 26 32 500 0      -4.31789352       0.00000000  0  0 f9 f0 18 04 03 0022 01 01
   34 2016 252 12 26 33 500 0      -4.27800523       0.00000000  0  0 f9 f0 18 04 03 0022 01 01
   34 2016 252 12 26 34 500 0      -4.23748598       0.00000000  0  0 f9 f0 18 04 03 0022 01 01
   34 2016 252 12 26 35 500 0      -4.19634113       0.00000000  0  0 f9 f0 18 04 03 0022 01 01
   34 2016 252 12 26 36 500 0      -4.15456037       0.00000000  0  0 f9 f0 18 04 03 0022 01 01
   34 2016 252 12 26 37 500 0      -4.11212746       0.00000000  0  0 f9 f0 18 04 03 0022 01 01
   34 2016 252 12 26 38 500 0      -4.06905949       0.00000000  0  0 f9 f0 18 04 03 0022 01 01
   34 2016 252 12 26 39 500 0      -4.02531414       0.00000000  0  0 f9 f0 18 04 03 0022 01 01
   34 2016 252 12 26 40 500 0      -3.98092126       0.00000000  0  0 f9 f0 18 04 03 0022 01 01
   34 2016 252 12 26 41 500 0      -3.93585100       0.00000000  0  0 f9 f0 18 04 03 0022 01 01
   35 2016 252 12 26 42 500 0      -3.89010335       0.00000000  0  0 f9 f0 18 04 03 0023 01 01
   35 2016 252 12 26 43 500 0      -3.84369155       0.00000000  0  0 f9 f0 18 04 03 0023 01 01
   35 2016 252 12 26 44 500 0      -3.79658358       0.00000000  0  0 f9 f0 18 04 03 0023 01 01
   35 2016 252 12 26 45 500 0      -3.74879182       0.00000000  0  0 f9 f0 18 04 03 0023 01 01
   35 2016 252 12 26 46 500 0      -3.70029575       0.00000000  0  0 f9 f0 18 04 03 0023 01 01
   35 2016 252 12 26 47 500 0      -3.65111230       0.00000000  0  0 f9 f0 18 04 03 0023 01 01
   35 2016 252 12 26 48 500 0      -3.60122251       0.00000000  0  0 f9 f0 18 04 03 0023 01 01
   35 2016 252 12 26 49 500 0      -3.55062598       0.00000000  0  0 f9 f0 18 04 03 0023 01 01
   35 2016 252 12 26 50 500 0      -3.49932591       0.00000000  0  0 f9 f0 18 04 03 0023 01 01
   35 2016 252 12 26 51 500 0      -3.44731276       0.00000000  0  0 f9 f0 18 04 03 0023 01 01
   36 2016 252 12 26 52 500 0      -3.39458832       0.00000000  0  0 f9 f0 18 04 03 0024 01 01
   36 2016 252 12 26 53 500 0      -3.34114735       0.00000000  0  0 f9 f0 18 04 03 0024 01 01
   36 2016 252 12 26 54 500 0      -3.28699122       0.00000000  0  0 f9 f0 18 04 03 0024 01 01
   36 2016 252 12 26 55 500 0      -3.23211903       0.00000000  0  0 f9 f0 18 04 03 0024 01 01
   36 2016 252 12 26 56 500 0      -3.17652972       0.00000000  0  0 f9 f0 18 04 03 0024 01 01
   36 2016 252 12 26 57 500 0      -3.12022480       0.00000000  0  0 f9 f0 18 04 03 0024 01 01
   36 2016 252 12 26 58 500 0      -3.06319643       0.00000000  0  0 f9 f0 18 04 03 0024 01 01
   36 2016 252 12 26 59 500 0      -3.00545598       0.00000000  0  0 f9 f0 18 04 03 0024 01 01
   36 2016 252 12 27 00 500 0      -2.94700916       0.00000000  0  0 f9 f0 18 04 03 0024 01 01
   36 2016 252 12 27 01 500 0      -2.88784139       0.00000000  0  0 f9 f0 18 04 03 0024 01 01
   37 2016 252 12 27 02 500 0      -2.82797534       0.00000000  0  0 f9 f0 18 04 03 0025 01 01
   37 2016 252 12 27 03 500 0      -2.76739647       0.00000000  0  0 f9 f0 18 04 03 0025 01 01
   37 2016 252 12 27 04 500 0      -2.70612058       0.00000000  0  0 f9 f0 18 04 03 0025 01 01
   37 2016 252 12 27 05 500 0      -2.64415567       0.00000000  0  0 f9 f0 18 04 03 0025 01 01
   37 2016 252 12 27 06 500 0      -2.58149724       0.00000000  0  0 f9 f0 18 04 03 0025 01 01
   37 2016 252 12 27 07 500 0      -2.51816193       0.00000000  0  0 f9 f0 18 04 03 0025 01 01
   37 2016 252 12 27 08 500 0      -2.45414778       0.00000000  0  0 f9 f0 18 04 03 0025 01 01
   37 2016 252 12 27 09 500 0      -2.38946665       0.00000000  0  0 f9 f0 18 04 03 0025 01 01
   37 2016 252 12 27 10 500 0      -2.32412188       0.00000000  0  0 f9 f0 18 04 03 0025 01 01
   37 2016 252 12 27 11 500 0      -2.25814502       0.00000000  0  0 f9 f0 18 04 03 0025 01 01
   38 2016 252 12 27 12 500 0      -2.19151044       0.00000000  0  0 f9 f0 18 04 03 0026 01 01
   38 2016 252 12 27 13 500 0      -2.12425916       0.00000000  0  0 f9 f0 18 04 03 0026 01 01
   38 2016 252 12 27 14 500 0      -2.05638825       0.00000000  0  0 f9 f0 18 04 03 0026 01 01
   38 2016 252 12 27 15 500 0      -1.98791454       0.00000000  0  0 f9 f0 18 04 03 0026 01 01
   38 2016 252 12 27 16 500 0      -1.91885496       0.00000000  0  0 f9 f0 18 04 03 0026 01 01
   38 2016 252 12 27 17 500 0      -1.84922591       0.00000000  0  0 f9 f0 18 04 03 0026 01 01
   38 2016 252 12 27 18 500 0      -1.77902163       0.00000000  0  0 f9 f0 18 04 03 0026 01 01
   38 2016 252 12 27 19 500 0      -1.70827655       0.00000000  0  0 f9 f0 18 04 03 0026 01 01
   38 2016 252 12 27 20 500 0      -1.63700125       0.00000000  0  0 f9 f0 18 04 03 0026 01 01
   38 2016 252 12 27 21 500 0      -1.56522181       0.00000000  0  0 f9 f0 18 04 03 0026 01 01
   39 2016 252 12 27 22 500 0      -1.49294024       0.00000000  0  0 f9 f0 18 04 03 0027 01 01
   39 2016 252 12 27 23 500 0      -1.42017996       0.00000000  0  0 f9 f0 18 04 03 0027 01 01
   39 2016 252 12 27 24 500 0      -1.34697481       0.00000000  0  0 f9 f0 18 04 03 0027 01 01
   39 2016 252 12 27 25 500 0      -1.27332415       0.00000000  0  0 f9 f0 18 04 03 0027 01 01
   39 2016 252 12 27 26 500 0      -1.19925908       0.00000000  0  0 f9 f0 18 04 03 0027 01 01
   39 2016 252 12 27 27 500 0      -1.12479948       0.00000000  0  0 f9 f0 18 04 03 0027 01 01
   39 2016 252 12 27 28 500 0      -1.04997393       0.00000000  0  0 f9 f0 18 04 03 0027 01 01
   39 2016 252 12 27 29 500 0      -0.97479376       0.00000000  0  0 f9 f0 18 04 03 0027 01 01
   39 2016 252 12 27 30 500 0      -0.89928559       0.00000000  0  0 f9 f0 18 04 03 0027 01 01
   39 2016 252 12 27 31 500 0      -0.82347459       0.00000000  0  0 f9 f0 18 04 03 0027 01 01
   40 2016 252 12 27 32 500 0      -0.74738182       0.00000000  0  0 f9 f0 18 04 03 0028 01 01
   40 2016 252 12 27 33 500 0      -0.67104022       0.00000000  0  0 f9 f0 18 04 03 0028 01 01
   40 2016 252 12 27 34 500 0      -0.59447144       0.00000000  0  0 f9 f0 18 04 03 0028 01 01
   40 2016 252 12 27 35 500 0      -0.51769745       0.00000000  0  0 f9 f0 18 04 03 0028 01 01
   40 2016 252 12 27 36 500 0      -0.44074238       0.00000000  0  0 f9 f0 18 04 03 0028 01 01
   40 2016 252 12 27 37 500 0      -0.36363193       0.00000000  0  0 f9 f0 18 04 03 0028 01 01
   40 2016 252 12 27 38 500 0      -0.28639577       0.00000000  0  0 f9 f0 18 04 03 0028 01 01
   40 2016 252 12 27 39 500 0      -0.20907049       0.00000000  0  0 f9 f0 18 04 03 0028 01 01
   40 2016 252 12 27 40 500 0      -0.13165745       0.00000000  0  0 f9 f0 18 04 03 0028 01 01
   40 2016 252 12 27 41 500 0      -0.05421307       0.00000000  0  0 f9 f0 18 04 03 0028 01 01
   41 2016 252 12 27 42 500 0       0.02327132       0.00000000  0  0 f9 f0 18 04 03 0029 01 01
   41 2016 252 12 27 43 500 0       0.10072857       0.00000000  0  0 f9 f0 18 04 03 0029 01 01
   41 2016 252 12 27 44 500 0       0.17815161       0.00000000  0  0 f9 f0 18 04 03 0029 01 01
   41 2016 252 12 27 45 500 0       0.25552181       0.00000000  0  0 f9 f0 18 04 03 0029 01 01
   41 2016 252 12 27 46 500 0       0.33280628       0.00000000  0  0 f9 f0 18 04 03 0029 01 01
   41 2016 252 12 27 47 500 0       0.40996878       0.00000000  0  0 f9 f0 18 04 03 0029 01 01
   41 2016 252 12 27 48 500 0       0.48699756       0.00000000  0  0 f9 f0 18 04 03 0029 01 01
   41 2016 252 12 27 49 500 0       0.56385121       0.00000000  0  0 f9 f0 18 04 03 0029 01 01
   41 2016 252 12 27 50 500 0       0.64051095       0.00000000  0  0 f9 f0 18 04 03 0029 01 01
   41 2016 252 12 27 51 500 0       0.71696706       0.00000000  0  0 f9 f0 18 04 03 0029 01 01
   42 2016 252 12 27 52 500 0       0.79316920       0.00000000  0  0 f9 f0 18 04 03 002a 01 01
   42 2016 252 12 27 53 500 0       0.86909968       0.00000000  0  0 f9 f0 18 04 03 002a 01 01
   42 2016 252 12 27 54 500 0       0.94473777       0.00000000  0  0 f9 f0 18 04 03 002a 01 01
   42 2016 252 12 27 55 500 0       1.02006567       0.00000000  0  0 f9 f0 18 04 03 002a 01 01
   42 2016 252 12 27 56 500 0       1.09504621       0.00000000  0  0 f9 f0 18 04 03 002a 01 01
   42 2016 252 12 27 57 500 0       1.16966731       0.00000000  0  0 f9 f0 18 04 03 002a 01 01
   42 2016 252 12 27 58 500 0       1.24390772       0.00000000  0  0 f9 f0 18 04 03 002a 01 01
   42 2016 252 12 27 59 500 0       1.31773893       0.00000000  0  0 f9 f0 18 04 03 002a 01 01
   42 2016 252 12 28 00 500 0       1.39114432       0.00000000  0  0 f9 f0 18 04 03 002a 01 01
   42 2016 252 12 28 01 500 0       1.46409500       0.00000000  0  0 f9 f0 18 04 03 002a 01 01
   43 2016 252 12 28 02 500 0       1.53658848       0.00000000  0  0 f9 f0 18 04 03 002b 01 01
   43 2016 252 12 28 03 500 0       1.60859542       0.00000000  0  0 f9 f0 18 04 03 002b 01 01
   43 2016 252 12 28 04 500 0       1.68009319       0.00000000  0  0 f9 f0 18 04 03 002b 01 01
   43 2016 252 12 28 05 500 0       1.75106678       0.00000000  0  0 f9 f0 18 04 03 002b 01 01
   43 2016 252 12 28 06 500 0       1.82151202       0.00000000  0  0 f9 f0 18 04 03 002b 01 01
   43 2016 252 12 28 07 500 0       1.89138340       0.00000000  0  0 f9 f0 18 04 03 002b 01 01
   43 2016 252 12 28 08 500 0       1.96070712       0.00000000  0  0 f9 f0 18 04 03 002b 01 01
   43 2016 252 12 28 09 500 0       2.02944158       0.00000000  0  0 f9 f0 18 04 03 002b 01 01
   43 2016 252 12 28 10 500 0       2.09757361       0.00000000  0  0 f9 f0 18 04 03 002b 01 01
   43 2016 252 12 28 11 500 0       2.16510509       0.00000000  0  0 f9 f0 18 04 03 002b 01 01
   44 2016 252 12 28 12 500 0       2.23200074       0.00000000  0  0 f9 f0 18 04 03 002c 01 01
   44 2016 252 12 28 13 500 0       2.29826486       0.00000000  0  0 f9 f0 18 04 03 002c 01 01
   44 2016 252 12 28 14 500 0       2.36389446       0.00000000  0  0 f9 f0 18 04 03 002c 01 01
   44 2016 252 12 28 15 500 0       2.42886657       0.00000000  0  0 f9 f0 18 04 03 002c 01 01
   44 2016 252 12 28 16 500 0       2.49318225       0.00000000  0  0 f9 f0 18 04 03 002c 01 01
   44 2016 252 12 28 17 500 0       2.55680776       0.00000000  0  0 f9 f0 18 04 03 002c 01 01
   44 2016 252 12 28 18 500 0       2.61975903       0.00000000  0  0 f9 f0 18 04 03 002c 01 01
   44 2016 252 12 28 19 500 0       2.68203801       0.00000000  0  0 f9 f0 18 04 03 002c 01 01
   44 2016 252 12 28 20 500 0       2.74361874       0.00000000  0  0 f9 f0 18 04 03 002c 01 01
   44 2016 252 12 28 21 500 0       2.80450298       0.00000000  0  0 f9 f0 18 04 03 002c 01 01
   45 2016 252 12 28 22 500 0       2.86468010       0.00000000  0  0 f9 f0 18 04 03 002d 01 01
   45 2016 252 12 28 23 500 0       2.92415610       0.00000000  0  0 f9 f0 18 04 03 002d 01 01
   45 2016 252 12 28 24 500 0       2.98292753       0.00000000  0  0 f9 f0 18 04 03 002d 01 01
   45 2016 252 12 28 25 500 0       3.04097318       0.00000000  0  0 f9 f0 18 04 03 002d 01 01
   45 2016 252 12 28 26 500 0       3.09832084       0.00000000  0  0 f9 f0 18 04 03 002d 01 01
   45 2016 252 12 28 27 500 0       3.15494807       0.00000000  0  0 f9 f0 18 04 03 002d 01 01
   45 2016 252 12 28 28 500 0       3.21085436       0.00000000  0  0 f9 f0 18 04 03 002d 01 01
   45 2016 252 12 28 29 500 0       3.26604967       0.00000000  0  0 f9 f0 18 04 03 002d 01 01
   45 2016 252 12 28 30 500 0       3.32051665       0.00000000  0  0 f9 f0 18 04 03 002d 01 01
   45 2016 252 12 28 31 500 0       3.37427645       0.00000000  0  0 f9 f0 18 04 03 002d 01 01
   46 2016 252 12 28 32 500 0       3.42732325       0.00000000  0  0 f9 f0 18 04 03 002e 01 01
   46 2016 252 12 28 33 500 0       3.47964708       0.00000000  0  0 f9 f0 18 04 03 002e 01 01
   46 2016 252 12 28 34 500 0       3.53126214       0.00000000  0  0 f9 f0 18 04 03 002e 01 01
   46 2016 252 12 28 35 500 0       3.58217490       0.00000000  0  0 f9 f0 18 04 03 002e 01 01
   46 2016 252 12 28 36 500 0       3.63237336       0.00000000  0  0 f9 f0 18 04 03 002e 01 01
   46 2016 252 12 28 37 500 0       3.68187663       0.00000000  0  0 f9 f0 18 04 03 002e 01 01
   46 2016 252 12 28 38 500 0       3.73067165       0.00000000  0  0 f9 f0 18 04 03 002e 01 01
   46 2016 252 12 28 39 500 0       3.77877858       0.00000000  0  0 f9 f0 18 04 03 002e 01 01
   46 2016 252 12 28 40 500 0       3.82620160       0.00000000  0  0 f9 f0 18 04 03 002e 01 01
   46 2016 252 12 28 41 500 0       3.87292426       0.00000000  0  0 f9 f0 18 04 03 002e 01 01
   47 2016 252 12 28 42 500 0       3.91897286       0.00000000  0  0 f9 f0 18 04 03 002f 01 01
   47 2016 252 12 28 43 500 0       3.96433976       0.00000000  0  0 f9 f0 18 04 03 002f 01 01
   47 2016 252 12 28 44 500 0       4.00903409       0.00000000  0  0 f9 f0 18 04 03 002f 01 01
   47 2016 252 12 28 45 500 0       4.05307195       0.00000000  0  0 f9 f0 18 04 03 002f 01 01
   47 2016 252 12 28 46 500 0       4.09643724       0.00000000  0  0 f9 f0 18 04 03 002f 01 01
   47 2016 252 12 28 47 500 0       4.13916981       0.00000000  0  0 f9 f0 18 04 03 002f 01 01
   47 2016 252 12 28 48 500 0       4.18123796       0.00000000  0  0 f9 f0 18 04 03 002f 01 01
   47 2016 252 12 28 49 500 0       4.22267227       0.00000000  0  0 f9 f0 18 04 03 002f 01 01
   47 2016 252 12 28 50 500 0       4.26348038       0.00000000  0  0 f9 f0 18 04 03 002f 01 01
   47 2016 252 12 28 51 500 0       4.30365629       0.00000000  0  0 f9 f0 18 04 03 002f 01 01
   48 2016 252 12 28 52 500 0       4.34321407       0.00000000  0  0 f9 f0 18 04 03 0030 01 01
   48 2016 252 12 28 53 500 0       4.38214878       0.00000000  0  0 f9 f0 18 04 03 0030 01 01
   48 2016 252 12 28 54 500 0       4.42048585       0.00000000  0  0 f9 f0 18 04 03 0030 01 01
   48 2016 252 12 28 55 500 0       4.45823500       0.00000000  0  0 f9 f0 18 04 03 0030 01 01
   48 2016 252 12 28 56 500 0       4.49537880       0.00000000  0  0 f9 f0 18 04 03 0030 01 01
   48 2016 252 12 28 57 500 0       4.53193873       0.00000000  0  0 f9 f0 18 04 03 0030 01 01
   48 2016 252 12 28 58 500 0       4.56792593       0.00000000  0  0 f9 f0 18 04 03 0030 01 01
   48 2016 252 12 28 59 500 0       4.60334659       0.00000000  0  0 f9 f0 18 04 03 0030 01 01
   48 2016 252 12 29 00 500 0       4.63819973       0.00000000  0  0 f9 f0 18 04 03 0030 01 01
   48 2016 252 12 29 01 500 0       4.67250611       0.00000000  0  0 f9 f0 18 04 03 0030 01 01
   49 2016 252 12 29 02 500 0       4.70626375       0.00000000  0  0 f9 f0 18 04 03 0031 01 01
   49 2016 252 12 29 03 500 0       4.73947774       0.00000000  0  0 f9 f0 18 04 03 0031 01 01
   49 2016 252 12 29 04 500 0       4.77215475       0.00000000  0  0 f9 f0 18 04 03 0031 01 01
   49 2016 252 12 29 05 500 0       4.80433089       0.00000000  0  0 f9 f0 18 04 03 0031 01 01
   49 2016 252 12 29 06 500 0       4.83597160       0.00000000  0  0 f9 f0 18 04 03 0031 01 01
   49 2016 252 12 29 07 500 0       4.86711086       0.00000000  0  0 f9 f0 18 04 03 0031 01 01
   49 2016 252 12 29 08 500 0       4.89775239       0.00000000  0  0 f9 f0 18 04 03 0031 01 01
   49 2016 252 12 29 09 500 0       4.92789410       0.00000000  0  0 f9 f0 18 04 03 0031 01 01
   49 2016 252 12 29 10 500 0       4.95754818       0.00000000  0  0 f9 f0 18 04 03 0031 01 01
   49 2016 252 12 29 11 500 0       4.98673407       0.00000000  0  0 f9 f0 18 04 03 0031 01 01
   50 2016 252 12 29 12 500 0       5.01544916       0.00000000  0  0 f9 f0 18 04 03 0032 01 01
   50 2016 252 12 29 13 500 0       5.04369397       0.00000000  0  0 f9 f0 18 04 03 0032 01 01
   50 2016 252 12 29 14 500 0       5.07147920       0.00000000  0  0 f9 f0 18 04 03 0032 01 01
   50 2016 252 12 29 15 500 0       5.09881606       0.00000000  0  0 f9 f0 18 04 03 0032 01 01
   50 2016 252 12 29 16 500 0       5.12570867       0.00000000  0  0 f9 f0 18 04 03 0032 01 01
   50 2016 252 12 29 17 500 0       5.15217626       0.00000000  0  0 f9 f0 18 04 03 0032 01 01
   50 2016 252 12 29 18 500 0       5.17820070       0.00000000  0  0 f9 f0 18 04 03 0032 01 01
   50 2016 252 12 29 19 500 0       5.20381336       0.00000000  0  0 f9 f0 18 04 03 0032 01 01
   50 2016 252 12 29 20 500 0       5.22900674       0.00000000  0  0 f9 f0 18 04 03 0032 01 01
   50 2016 252 12 29 21 500 0       5.25379708       0.00000000  0  0 f9 f0 18 04 03 0032 01 01
   51 2016 252 12 29 22 500 0       5.27817629       0.00000000  0  0 f9 f0 18 04 03 0033 01 01
   51 2016 252 12 29 23 500 0       5.30217737       0.00000000  0  0 f9 f0 18 04 03 0033 01 01
   51 2016 252 12 29 24 500 0       5.32577652       0.00000000  0  0 f9 f0 18 04 03 0033 01 01
   51 2016 252 12 29 25 500 0       5.34900217       0.00000000  0  0 f9 f0 18 04 03 0033 01 01
   51 2016 252 12 29 26 500 0       5.37184774       0.00000000  0  0 f9 f0 18 04 03 0033 01 01
   51 2016 252 12 29 27 500 0       5.39432743       0.00000000  0  0 f9 f0 18 04 03 0033 01 01
   51 2016 252 12 29 28 500 0       5.41644798       0.00000000  0  0 f9 f0 18 04 03 0033 01 01
   51 2016 252 12 29 29 500 0       5.43820931       0.00000000  0  0 f9 f0 18 04 03 0033 01 01
   51 2016 252 12 29 30 500 0       5.45961756       0.00000000  0  0 f9 f0 18 04 03 0033 01 01
   51 2016 252 12 29 31 500 0       5.48068544       0.00000000  0  0 f9 f0 18 04 03 0033 01 01
   52 2016 252 12 29 32 500 0       5.50141295       0.00000000  0  0 f9 f0 18 04 03 0034 01 01
   52 2016 252 12 29 33 500 0       5.52181085       0.00000000  0  0 f9 f0 18 04 03 0034 01 01
   52 2016 252 12 29 34 500 0       5.54188162       0.00000000  0  0 f9 f0 18 04 03 0034 01 01
   52 2016 252 12 29 35 500 0       5.56162885       0.00000000  0  0 f9 f0 18 04 03 0034 01 01
   52 2016 252 12 29 36 500 0       5.58105605       0.00000000  0  0 f9 f0 18 04 03 0034 01 01
   52 2016 252 12 29 37 500 0       5.60018678       0.00000000  0  0 f9 f0 18 04 03 0034 01 01
   52 2016 252 12 29 38 500 0       5.61898836       0.00000000  0  0 f9 f0 18 04 03 0034 01 01
   52 2016 252 12 29 39 500 0       5.63751179       0.00000000  0  0 f9 f0 18 04 03 0034 01 01
   52 2016 252 12 29 40 500 0       5.65572641       0.00000000  0  0 f9 f0 18 04 03 0034 01 01
   52 2016 252 12 29 41 500 0       5.67366947       0.00000000  0  0 f9 f0 18 04 03 0034 01 01
   53 2016 252 12 29 42 500 0       5.69131957       0.00000000  0  0 f9 f0 18 04 03 0035 01 01
   53 2016 252 12 29 43 500 0       5.70868532       0.00000000  0  0 f9 f0 18 04 03 0035 01 01
   53 2016 252 12 29 44 500 0       5.72578003       0.00000000  0  0 f9 f0 18 04 03 0035 01 01
   53 2016 252 12 29 45 500 0       5.74260474       0.00000000  0  0 f9 f0 18 04 03 0035 01 01
   53 2016 252 12 29 46 500 0       5.75915528       0.00000000  0  0 f9 f0 18 04 03 0035 01 01
   53 2016 252 12 29 47 500 0       5.77546229       0.00000000  0  0 f9 f0 18 04 03 0035 01 01
   53 2016 252 12 29 48 500 0       5.79149983       0.00000000  0  0 f9 f0 18 04 03 0035 01 01
   53 2016 252 12 29 49 500 0       5.80729423       0.00000000  0  0 f9 f0 18 04 03 0035 01 01
   53 2016 252 12 29 50 500 0       5.82283292       0.00000000  0  0 f9 f0 18 04 03 0035 01 01
   53 2016 252 12 29 51 500 0       5.83813519       0.00000000  0  0 f9 f0 18 04 03 0035 01 01
   54 2016 252 12 29 52 500 0       5.85319903       0.00000000  0  0 f9 f0 18 04 03 0036 01 01
   54 2016 252 12 29 53 500 0       5.86802743       0.00000000  0  0 f9 f0 18 04 03 0036 01 01
   54 2016 252 12 29 54 500 0       5.88262555       0.00000000  0  0 f9 f0 18 04 03 0036 01 01
   54 2016 252 12 29 55 500 0       5.89700102       0.00000000  0  0 f9 f0 18 04 03 0036 01 01
   54 2016 252 12 29 56 500 0       5.91114562       0.00000000  0  0 f9 f0 18 04 03 0036 01 01
   54 2016 252 12 29 57 500 0       5.92507526       0.00000000  0  0 f9 f0 18 04 03 0036 01 01
   54 2016 252 12 29 58 500 0       5.93879503       0.00000000  0  0 f9 f0 18 04 03 0036 01 01
   54 2016 252 12 29 59 500 0       5.95230069       0.00000000  0  0 f9 f0 18 04 03 0036 01 01
   54 2016 252 12 30 00 500 0       5.96560620       0.00000000  0  0 f9 f0 18 04 03 0036 01 01
   54 2016 252 12 30 01 500 0       5.97869108       0.00000000  0  0 f9 f0 18 04 03 0036 01 01
   55 2016 252 12 30 02 500 0       5.99159452       0.00000000  0  0 f9 f0 18 04 03 0037 01 01
   55 2016 252 12 30 03 500 0       6.00428809       0.00000000  0  0 f9 f0 18 04 03 0037 01 01
   55 2016 252 12 30 04 500 0       6.01679520       0.00000000  0  0 f9 f0 18 04 03 0037 01 01
   55 2016 252 12 30 05 500 0       6.02911071       0.00000000  0  0 f9 f0 18 04 03 0037 01 01
   55 2016 252 12 30 06 500 0       6.04122697       0.00000000  0  0 f9 f0 18 04 03 0037 01 01
   55 2016 252 12 30 07 500 0       6.05317204       0.00000000  0  0 f9 f0 18 04 03 0037 01 01
   55 2016 252 12 30 08 500 0       6.06493881       0.00000000  0  0 f9 f0 18 04 03 0037 01 01
   55 2016 252 12 30 09 500 0       6.07651755       0.00000000  0  0 f9 f0 18 04 03 0037 01 01
   55 2016 252 12 30 10 500 0       6.08793429       0.00000000  0  0 f9 f0 18 04 03 0037 01 01
   55 2016 252 12 30 11 500 0       6.09917722       0.00000000  0  0 f9 f0 18 04 03 0037 01 01
   56 2016 252 12 30 12 500 0       6.11024903       0.00000000  0  0 f9 f0 18 04 03 0038 01 01
   56 2016 252 12 30 13 500 0       6.12116385       0.00000000  0  0 f9 f0 18 04 03 0038 01 01
   56 2016 252 12 30 14 500 0       6.13190194       0.00000000  0  0 f9 f0 18 04 03 0038 01 01
   56 2016 252 12 30 15 500 0       6.14248761       0.00000000  0  0 f9 f0 18 04 03 0038 01 01
   56 2016 252 12 30 16 500 0       6.15292047       0.00000000  0  0 f9 f0 18 04 03 0038 01 01
   56 2016 252 12 30 17 500 0       6.16319029       0.00000000  0  0 f9 f0 18 04 03 0038 01 01
   56 2016 252 12 30 18 500 0       6.17331181       0.00000000  0  0 f9 f0 18 04 03 0038 01 01
   56 2016 252 12 30 19 500 0       6.18328254       0.00000000  0  0 f9 f0 18 04 03 0038 01 01
   56 2016 252 12 30 20 500 0       6.19310908       0.00000000  0  0 f9 f0 18 04 03 0038 01 01
   56 2016 252 12 30 21 500 0       6.20278581       0.00000000  0  0 f9 f0 18 04 03 0038 01 01
   57 2016 252 12 30 22 500 0       6.21232702       0.00000000  0  0 f9 f0 18 04 03 0039 01 01
   57 2016 252 12 30 23 500 0       6.22172299       0.00000000  0  0 f9 f0 18 04 03 0039 01 01
   57 2016 252 12 30 24 500 0       6.23098395       0.00000000  0  0 f9 f0 18 04 03 0039 01 01
   57 2016 252 12 30 25 500 0       6.24011501       0.00000000  0  0 f9 f0 18 04 03 0039 01 01
   57 2016 252 12 30 26 500 0       6.24910950       0.00000000  0  0 f9 f0 18 04 03 0039 01 01
   57 2016 252 12 30 27 500 0       6.25796539       0.00000000  0  0 f9 f0 18 04 03 0039 01 01
   57 2016 252 12 30 28 500 0       6.26671127       0.00000000  0  0 f9 f0 18 04 03 0039 01 01
   57 2016 252 12 30 29 500 0       6.27531237       0.00000000  0  0 f9 f0 18 04 03 0039 01 01
   57 2016 252 12 30 30 500 0       6.28379633       0.00000000  0  0 f9 f0 18 04 03 0039 01 01
   57 2016 252 12 30 31 500 0       6.29216003       0.00000000  0  0 f9 f0 18 04 03 0039 01 01
   58 2016 252 12 30 32 500 0       6.30040405       0.00000000  0  0 f9 f0 18 04 03 003a 01 01
   58 2016 252 12 30 33 500 0       6.30852371       0.00000000  0  0 f9 f0 18 04 03 003a 01 01
   58 2016 252 12 30 34 500 0       6.31652715       0.00000000  0  0 f9 f0 18 04 03 003a 01 01
   58 2016 252 12 30 35 500 0       6.32442519       0.00000000  0  0 f9 f0 18 04 03 003a 01 01
   58 2016 252 12 30 36 500 0       6.33219841       0.00000000  0  0 f9 f0 18 04 03 003a 01 01
   58 2016 252 12 30 37 500 0       6.33986408       0.00000000  0  0 f9 f0 18 04 03 003a 01 01
   58 2016 252 12 30 38 500 0       6.34742887       0.00000000  0  0 f9 f0 18 04 03 003a 01 01
   58 2016 252 12 30 39 500 0       6.35488512       0.00000000  0  0 f9 f0 18 04 03 003a 01 01
   58 2016 252 12 30 40 500 0       6.36223338       0.00000000  0  0 f9 f0 18 04 03 003a 01 01
   58 2016 252 12 30 41 500 0       6.36947207       0.00000000  0  0 f9 f0 18 04 03 003a 01 01
   59 2016 252 12 30 42 500 0       6.37661242       0.00000000  0  0 f9 f0 18 04 03 003b 01 01
   59 2016 252 12 30 43 500 0       6.38365650       0.00000000  0  0 f9 f0 18 04 03 003b 01 01
   59 2016 252 12 30 44 500 0       6.39059049       0.00000000  0  0 f9 f0 18 04 03 003b 01 01
   59 2016 252 12 30 45 500 0       6.39743331       0.00000000  0  0 f9 f0 18 04 03 003b 01 01
   59 2016 252 12 30 46 500 0       6.40419363       0.00000000  0  0 f9 f0 18 04 03 003b 01 01
   59 2016 252 12 30 47 500 0       6.41083975       0.00000000  0  0 f9 f0 18 04 03 003b 01 01
   59 2016 252 12 30 48 500 0       6.41738909       0.00000000  0  0 f9 f0 18 04 03 003b 01 01
   59 2016 252 12 30 49 500 0       6.42386552       0.00000000  0  0 f9 f0 18 04 03 003b 01 01
   59 2016 252 12 30 50 500 0       6.43024418       0.00000000  0  0 f9 f0 18 04 03 003b 01 01
   59 2016 252 12 30 51 500 0       6.43652704       0.00000000  0  0 f9 f0 18 04 03 003b 01 01
   60 2016 252 12 30 52 500 0       6.44273398       0.00000000  0  0 f9 f0 18 04 03 003c 01 01
   60 2016 252 12 30 53 500 0       6.44885125       0.00000000  0  0 f9 f0 18 04 03 003c 01 01
   60 2016 252 12 30 54 500 0       6.45488445       0.00000000  0  0 f9 f0 18 04 03 003c 01 01
   60 2016 252 12 30 55 500 0       6.46082387       0.00000000  0  0 f9 f0 18 04 03 003c 01 01
   60 2016 252 12 30 56 500 0       6.46669351       0.00000000  0  0 f9 f0 18 04 03 003c 01 01
   60 2016 252 12 30 57 500 0       6.47248312       0.00000000  0  0 f9 f0 18 04 03 003c 01 01
   60 2016 252 12 30 58 500 0       6.47818515       0.00000000  0  0 f9 f0 18 04 03 003c 01 01
   60 2016 252 12 30 59 500 0       6.48381381       0.00000000  0  0 f9 f0 18 04 03 003c 01 01
   60 2016 252 12 31 00 500 0       6.48936648       0.00000000  0  0 f9 f0 18 04 03 003c 01 01
   60 2016 252 12 31 01 500 0       6.49483972       0.00000000  0  0 f9 f0 18 04 03 003c 01 01
   61 2016 252 12 31 02 500 0       6.50023810       0.00000000  0  0 f9 f0 18 04 03 003d 01 01
   61 2016 252 12 31 03 500 0       6.50555944       0.00000000  0  0 f9 f0 18 04 03 003d 01 01
   61 2016 252 12 31 04 500 0       6.51081975       0.00000000  0  0 f9 f0 18 04 03 003d 01 01
   61 2016 252 12 31 05 500 0       6.51599644       0.00000000  0  0 f9 f0 18 04 03 003d 01 01
   61 2016 252 12 31 06 500 0       6.52111503       0.00000000  0  0 f9 f0 18 04 03 003d 01 01
   61 2016 252 12 31 07 500 0       6.52615568       0.00000000  0  0 f9 f0 18 04 03 003d 01 01
   61 2016 252 12 31 08 500 0       6.53112198       0.00000000  0  0 f9 f0 18 04 03 003d 01 01
   61 2016 252 12 31 09 500 0       6.53603931       0.00000000  0  0 f9 f0 18 04 03 003d 01 01
   61 2016 252 12 31 10 500 0       6.54087465       0.00000000  0  0 f9 f0 18 04 03 003d 01 01
   61 2016 252 12 31 11 500 0       6.54565286       0.00000000  0  0 f9 f0 18 04 03 003d 01 01
   62 2016 252 12 31 12 500 0       6.55037049       0.00000000  0  0 f9 f0 18 04 03 003e 01 01
   62 2016 252 12 31 13 500 0       6.55501526       0.00000000  0  0 f9 f0 18 04 03 003e 01 01
   62 2016 252 12 31 14 500 0       6.55959789       0.00000000  0  0 f9 f0 18 04 03 003e 01 01
   62 2016 252 12 31 15 500 0       6.56412338       0.00000000  0  0 f9 f0 18 04 03 003e 01 01
   62 2016 252 12 31 16 500 0       6.56858013       0.00000000  0  0 f9 f0 18 04 03 003e 01 01
   62 2016 252 12 31 17 500 0       6.57298849       0.00000000  0  0 f9 f0 18 04 03 003e 01 01
   62 2016 252 12 31 18 500 0       6.57733262       0.00000000  0  0 f9 f0 18 04 03 003e 01 01
   62 2016 252 12 31 19 500 0       6.58161869       0.00000000  0  0 f9 f0 18 04 03 003e 01 01
   62 2016 252 12 31 20 500 0       6.58583036       0.00000000  0  0 f9 f0 18 04 03 003e 01 01
   62 2016 252 12 31 21 500 0       6.59001098       0.00000000  0  0 f9 f0 18 04 03 003e 01 01
   63 2016 252 12 31 22 500 0       6.59413394       0.00000000  0  0 f9 f0 18 04 03 003f 01 01
   63 2016 252 12 31 23 500 0       6.59818263       0.00000000  0  0 f9 f0 18 04 03 003f 01 01
   63 2016 252 12 31 24 500 0       6.60218944       0.00000000  0  0 f9 f0 18 04 03 003f 01 01
   63 2016 252 12 31 25 500 0       6.60613312       0.00000000  0  0 f9 f0 18 04 03 003f 01 01
   63 2016 252 12 31 26 500 0       6.61004367       0.00000000  0  0 f9 f0 18 04 03 003f 01 01
   63 2016 252 12 31 27 500 0       6.61388946       0.00000000  0  0 f9 f0 18 04 03 003f 01 01
   63 2016 252 12 31 28 500 0       6.61768745       0.00000000  0  0 f9 f0 18 04 03 003f 01 01
   63 2016 252 12 31 29 500 0       6.62144154       0.00000000  0  0 f9 f0 18 04 03 003f 01 01
   63 2016 252 12 31 30 500 0       6.62513198       0.00000000  0  0 f9 f0 18 04 03 003f 01 01
   63 2016 252 12 31 31 500 0       6.62876946       0.00000000  0  0 f9 f0 18 04 03 003f 01 01
   64 2016 252 12 31 32 500 0       6.63236866       0.00000000  0  0 f9 f0 18 04 03 0040 01 01
   64 2016 252 12 31 33 500 0       6.63591393       0.00000000  0  0 f9 f0 18 04 03 0040 01 01
   64 2016 252 12 31 34 500 0       6.63943056       0.00000000  0  0 f9 f0 18 04 03 0040 01 01
   64 2016 252 12 31 35 500 0       6.64288713       0.00000000  0  0 f9 f0 18 04 03 0040 01 01
   64 2016 252 12 31 36 500 0       6.64628872       0.00000000  0  0 f9 f0 18 04 03 0040 01 01
   64 2016 252 12 31 37 500 0       6.64965711       0.00000000  0  0 f9 f0 18 04 03 0040 01 01
   64 2016 252 12 31 38 500 0       6.65297000       0.00000000  0  0 f9 f0 18 04 03 0040 01 01
   64 2016 252 12 31 39 500 0       6.65625687       0.00000000  0  0 f9 f0 18 04 03 0040 01 01
   64 2016 252 12 31 40 500 0       6.65948113       0.00000000  0  0 f9 f0 18 04 03 0040 01 01
   64 2016 252 12 31 41 500 0       6.66267174       0.00000000  0  0 f9 f0 18 04 03 0040 01 01
   65 2016 252 12 31 42 500 0       6.66582361       0.00000000  0  0 f9 f0 18 04 03 0041 01 01
   65 2016 252 12 31 43 500 0       6.66892200       0.00000000  0  0 f9 f0 18 04 03 0041 01 01
   65 2016 252 12 31 44 500 0       6.67198524       0.00000000  0  0 f9 f0 18 04 03 0041 01 01
   65 2016 252 12 31 45 500 0       6.67500563       0.00000000  0  0 f9 f0 18 04 03 0041 01 01
   65 2016 252 12 31 46 500 0       6.67799041       0.00000000  0  0 f9 f0 18 04 03 0041 01 01
   65 2016 252 12 31 47 500 0       6.68093540       0.00000000  0  0 f9 f0 18 04 03 0041 01 01
   65 2016 252 12 31 48 500 0       6.68383305       0.00000000  0  0 f9 f0 18 04 03 0041 01 01
   65 2016 252 12 31 49 500 0       6.68670057       0.00000000  0  0 f9 f0 18 04 03 0041 01 01
   65 2016 252 12 31 50 500 0       6.68952993       0.00000000  0  0 f9 f0 18 04 03 0041 01 01
   65 2016 252 12 31 51 500 0       6.69231749       0.00000000  0  0 f9 f0 18 04 03 0041 01 01
   66 2016 252 12 31 52 500 0       6.69507655       0.00000000  0  0 f9 f0 18 04 03 0042 01 01
   66 2016 252 12 31 53 500 0       6.69778005       0.00000000  0  0 f9 f0 18 04 03 0042 01 01
   66 2016 252 12 31 54 500 0       6.70046724       0.00000000  0  0 f9 f0 18 04 03 0042 01 01
   66 2016 252 12 31 55 500 0       6.70309945       0.00000000  0  0 f9 f0 18 04 03 0042 01 01
   66 2016 252 12 31 56 500 0       6.70570511       0.00000000  0  0 f9 f0 18 04 03 0042 01 01
   66 2016 252 12 31 57 500 0       6.70828632       0.00000000  0  0 f9 f0 18 04 03 0042 01 01
   66 2016 252 12 31 58 500 0       6.71080994       0.00000000  0  0 f9 f0 18 04 03 0042 01 01
   66 2016 252 12 31 59 500 0       6.71331883       0.00000000  0  0 f9 f0 18 04 03 0042 01 01
   66 2016 252 12 32 00 500 0       6.71578793       0.00000000  0  0 f9 f0 18 04 03 0042 01 01
   66 2016 252 12 32 01 500 0       6.71822344       0.00000000  0  0 f9 f0 18 04 03 0042 01 01
   67 2016 252 12 32 02 500 0       6.72062784       0.00000000  0  0 f9 f0 18 04 03 0043 01 01
   67 2016 252 12 32 03 500 0       6.72301039       0.00000000  0  0 f9 f0 18 04 03 0043 01 01
   67 2016 252 12 32 04 500 0       6.72534599       0.00000000  0  0 f9 f0 18 04 03 0043 01 01
   67 2016 252 12 32 05 500 0       6.72765459       0.00000000  0  0 f9 f0 18 04 03 0043 01 01
   67 2016 252 12 32 06 500 0       6.72992862       0.00000000  0  0 f9 f0 18 04 03 0043 01 01
   67 2016 252 12 32 07 500 0       6.73217813       0.00000000  0  0 f9 f0 18 04 03 0043 01 01
   67 2016 252 12 32 08 500 0       6.73439249       0.00000000  0  0 f9 f0 18 04 03 0043 01 01
   67 2016 252 12 32 09 500 0       6.73658089       0.00000000  0  0 f9 f0 18 04 03 0043 01 01
   67 2016 252 12 32 10 500 0       6.73873407       0.00000000  0  0 f9 f0 18 04 03 0043 01 01
   67 2016 252 12 32 11 500 0       6.74086593       0.00000000  0  0 f9 f0 18 04 03 0043 01 01
   68 2016 252 12 32 12 500 0       6.74295089       0.00000000  0  0 f9 f0 18 04 03 0044 01 01
   68 2016 252 12 32 13 500 0       6.74502457       0.00000000  0  0 f9 f0 18 04 03 0044 01 01
   68 2016 252 12 32 14 500 0       6.74706219       0.00000000  0  0 f9 f0 18 04 03 0044 01 01
   68 2016 252 12 32 15 500 0       6.74906863       0.00000000  0  0 f9 f0 18 04 03 0044 01 01
   68 2016 252 12 32 16 500 0       6.75106033       0.00000000  0  0 f9 f0 18 04 03 0044 01 01
   68 2016 252 12 32 17 500 0       6.75302555       0.00000000  0  0 f9 f0 18 04 03 0044 01 01
   68 2016 252 12 32 18 500 0       6.75494695       0.00000000  0  0 f9 f0 18 04 03 0044 01 01
   68 2016 252 12 32 19 500 0       6.75685511       0.00000000  0  0 f9 f0 18 04 03 0044 01 01
   68 2016 252 12 32 20 500 0       6.75872655       0.00000000  0  0 f9 f0 18 04 03 0044 01 01
   68 2016 252 12 32 21 500 0       6.76058070       0.00000000  0  0 f9 f0 18 04 03 0044 01 01
   69 2016 252 12 32 22 500 0       6.76241295       0.00000000  0  0 f9 f0 18 04 03 0045 01 01
   69 2016 252 12 32 23 500 0       6.76420645       0.00000000  0  0 f9 f0 18 04 03 0045 01 01
   69 2016 252 12 32 24 500 0       6.76598926       0.00000000  0  0 f9 f0 18 04 03 0045 01 01
   69 2016 252 12 32 25 500 0       6.76772309       0.00000000  0  0 f9 f0 18 04 03 0045 01 01
   69 2016 252 12 32 26 500 0       6.76946109       0.00000000  0  0 f9 f0 18 04 03 0045 01 01
   69 2016 252 12 32 27 500 0       6.77115625       0.00000000  0  0 f9 f0 18 04 03 0045 01 01
   69 2016 252 12 32 28 500 0       6.77283105       0.00000000  0  0 f9 f0 18 04 03 0045 01 01
   69 2016 252 12 32 29 500 0       6.77448747       0.00000000  0  0 f9 f0 18 04 03 0045 01 01
   69 2016 252 12 32 30 500 0       6.77610723       0.00000000  0  0 f9 f0 18 04 03 0045 01 01
   69 2016 252 12 32 31 500 0       6.77773567       0.00000000  0  0 f9 f0 18 04 03 0045 01 01
   70 2016 252 12 32 32 500 0       6.77930449       0.00000000  0  0 f9 f0 18 04 03 0046 01 01
   70 2016 252 12 32 33 500 0       6.78086667       0.00000000  0  0 f9 f0 18 04 03 0046 01 01
   70 2016 252 12 32 34 500 0       6.78240236       0.00000000  0  0 f9 f0 18 04 03 0046 01 01
   70 2016 252 12 32 35 500 0       6.78392019       0.00000000  0  0 f9 f0 18 04 03 0046 01 01
   70 2016 252 12 32 36 500 0       6.78539523       0.00000000  0  0 f9 f0 18 04 03 0046 01 01
   70 2016 252 12 32 37 500 0       6.78687999       0.00000000  0  0 f9 f0 18 04 03 0046 01 01
   70 2016 252 12 32 38 500 0       6.78832347       0.00000000  0  0 f9 f0 18 04 03 0046 01 01
   70 2016 252 12 32 39 500 0       6.78977555       0.00000000  0  0 f9 f0 18 04 03 0046 01 01
   70 2016 252 12 32 40 500 0       6.79118134       0.00000000  0  0 f9 f0 18 04 03 0046 01 01
   70 2016 252 12 32 41 500 0       6.79255294       0.00000000  0  0 f9 f0 18 04 03 0046 01 01
   71 2016 252 12 32 42 500 0       6.79392051       0.00000000  0  0 f9 f0 18 04 03 0047 01 01
   71 2016 252 12 32 43 500 0       6.79526922       0.00000000  0  0 f9 f0 18 04 03 0047 01 01
   71 2016 252 12 32 44 500 0       6.79659648       0.00000000  0  0 f9 f0 18 04 03 0047 01 01
   71 2016 252 12 32 45 500 0       6.79790287       0.00000000  0  0 f9 f0 18 04 03 0047 01 01
   71 2016 252 12 32 46 500 0       6.79917978       0.00000000  0  0 f9 f0 18 04 03 0047 01 01
   71 2016 252 12 32 47 500 0       6.80046321       0.00000000  0  0 f9 f0 18 04 03 0047 01 01
   71 2016 252 12 32 48 500 0       6.80171514       0.00000000  0  0 f9 f0 18 04 03 0047 01 01
   71 2016 252 12 32 49 500 0       6.80293694       0.00000000  0  0 f9 f0 18 04 03 0047 01 01
   71 2016 252 12 32 50 500 0       6.80416083       0.00000000  0  0 f9 f0 18 04 03 0047 01 01
   71 2016 252 12 32 51 500 0       6.80533730       0.00000000  0  0 f9 f0 18 04 03 0047 01 01
   72 2016 252 12 32 52 500 0       6.80650914       0.00000000  0  0 f9 f0 18 04 03 0048 01 01
   72 2016 252 12 32 53 500 0       6.80770401       0.00000000  0  0 f9 f0 18 04 03 0048 01 01
   72 2016 252 12 32 54 500 0       6.80882439       0.00000000  0  0 f9 f0 18 04 03 0048 01 01
   72 2016 252 12 32 55 500 0       6.80992293       0.00000000  0  0 f9 f0 18 04 03 0048 01 01
   72 2016 252 12 32 56 500 0       6.81104743       0.00000000  0  0 f9 f0 18 04 03 0048 01 01
   72 2016 252 12 32 57 500 0       6.81211844       0.00000000  0  0 f9 f0 18 04 03 0048 01 01
   72 2016 252 12 32 58 500 0       6.81314563       0.00000000  0  0 f9 f0 18 04 03 0048 01 01
   72 2016 252 12 32 59 500 0       6.81418352       0.00000000  0  0 f9 f0 18 04 03 0048 01 01
   72 2016 252 12 33 00 500 0       6.81527286       0.00000000  0  0 f9 f0 18 04 03 0048 01 01
   72 2016 252 12 33 01 500 0       6.81630213       0.00000000  0  0 f9 f0 18 04 03 0048 01 01
   73 2016 252 12 33 02 500 0       6.81731960       0.00000000  0  0 f9 f0 18 04 03 0049 01 01
   73 2016 252 12 33 03 500 0       6.81826429       0.00000000  0  0 f9 f0 18 04 03 0049 01 01
   73 2016 252 12 33 04 500 0       6.81934392       0.00000000  0  0 f9 f0 18 04 03 0049 01 01
   73 2016 252 12 33 05 500 0       6.82083833       0.00000000  0  0 f9 f0 18 04 03 0049 01 01
   73 2016 252 12 33 06 500 0       6.81911565       0.00000000  0  0 f9 f0 18 04 03 0049 01 01
   73 2016 252 12 33 07 500 0       6.82360352       0.00000000  0  0 f9 f0 18 04 03 0049 01 01
   73 2016 252 12 33 08 500 0       6.84695169       0.00000000  0  0 f9 f0 18 04 03 0049 01 01
   74 2016 252 12 33 16 300 0       3.29596429       0.00000000  0  0 f9 f0 18 04 03 004a 01 01
   74 2016 252 12 33 17 300 0       3.29639589       0.00000000  0  0 f9 f0 18 04 03 004a 01 01
   74 2016 252 12 33 18 300 0       3.29679326       0.00000000  0  0 f9 f0 18 04 03 004a 01 01
   74 2016 252 12 33 19 300 0       3.29712495       0.00000000  0  0 f9 f0 18 04 03 004a 01 01
   74 2016 252 12 33 20 300 0       3.29752368       0.00000000  0  0 f9 f0 18 04 03 004a 01 01
   74 2016 252 12 33 21 300 0       3.29789738       0.00000000  0  0 f9 f0 18 04 03 004a 01 01
   74 2016 252 12 33 22 300 0       3.29823592       0.00000000  0  0 f9 f0 18 04 03 004a 01 01
   74 2016 252 12 33 23 300 0       3.29856918       0.00000000  0  0 f9 f0 18 04 03 004a 01 01
   74 2016 252 12 33 24 300 0       3.29900326       0.00000000  0  0 f9 f0 18 04 03 004a 01 01
   74 2016 252 12 33 25 300 0       3.29925473       0.00000000  0  0 f9 f0 18 04 03 004a 01 01
