 BkNo Year Day hh mm ss mss ns      Range (km)    RangCalib(km) Tv DvTSnRSnDTpSTpSId BkCtSRtInTim
    1 2016 249 16 26 28 035 0    1576.57945708       0.00000000  0  0 f8 f0 0a 04 01 0001 01 01
    1 2016 249 16 26 29 035 0    1575.20400928       0.00000000  0  0 f8 f0 0a 04 01 0001 01 01
    1 2016 249 16 26 30 035 0    1573.85719167       0.00000000  0  0 f8 f0 0a 04 01 0001 01 01
    1 2016 249 16 26 31 035 0    1572.54005350       0.00000000  0  0 f8 f0 0a 04 01 0001 01 01
    1 2016 249 16 26 32 035 0    1571.25379396       0.00000000  0  0 f8 f0 0a 04 01 0001 01 01
    1 2016 249 16 26 33 035 0    1569.99796335       0.00000000  0  0 f8 f0 0a 04 01 0001 01 01
    1 2016 249 16 26 34 035 0    1568.77316127       0.00000000  0  0 f8 f0 0a 04 01 0001 01 01
    1 2016 249 16 26 35 035 0    1567.57878811       0.00000000  0  0 f8 f0 0a 04 01 0001 01 01
    1 2016 249 16 26 36 035 0    1566.41589317       0.00000000  0  0 f8 f0 0a 04 01 0001 01 01
    1 2016 249 16 26 37 035 0    1565.28357706       0.00000000  0  0 f8 f0 0a 04 01 0001 01 01
    2 2016 249 16 26 38 035 0    1564.18183977       0.00000000  0  0 f8 f0 0a 04 01 0002 01 01
    2 2016 249 16 26 39 035 0    1563.11173059       0.00000000  0  0 f8 f0 0a 04 01 0002 01 01
    2 2016 249 16 26 40 035 0    1562.07160066       0.00000000  0  0 f8 f0 0a 04 01 0002 01 01
    2 2016 249 16 26 41 035 0    1561.06324873       0.00000000  0  0 f8 f0 0a 04 01 0002 01 01
    2 2016 249 16 26 42 035 0    1560.08547563       0.00000000  0  0 f8 f0 0a 04 01 0002 01 01
    2 2016 249 16 26 43 035 0    1559.13978032       0.00000000  0  0 f8 f0 0a 04 01 0002 01 01
    2 2016 249 16 26 44 035 0    1558.22616280       0.00000000  0  0 f8 f0 0a 04 01 0002 01 01
    2 2016 249 16 26 45 035 0    1557.34372370       0.00000000  0  0 f8 f0 0a 04 01 0002 01 01
    2 2016 249 16 26 46 035 0    1556.49246302       0.00000000  0  0 f8 f0 0a 04 01 0002 01 01
    2 2016 249 16 26 47 035 0    1555.67328013       0.00000000  0  0 f8 f0 0a 04 01 0002 01 01
    3 2016 249 16 26 48 035 0    1554.88437627       0.00000000  0  0 f8 f0 0a 04 01 0003 01 01
    3 2016 249 16 26 49 035 0    1554.12725042       0.00000000  0  0 f8 f0 0a 04 01 0003 01 01
    3 2016 249 16 26 50 035 0    1553.40370132       0.00000000  0  0 f8 f0 0a 04 01 0003 01 01
    3 2016 249 16 26 51 035 0    1552.71133064       0.00000000  0  0 f8 f0 0a 04 01 0003 01 01
    3 2016 249 16 26 52 035 0    1552.04878931       0.00000000  0  0 f8 f0 0a 04 01 0003 01 01
    3 2016 249 16 26 53 035 0    1551.41922515       0.00000000  0  0 f8 f0 0a 04 01 0003 01 01
    3 2016 249 16 26 54 035 0    1550.82068950       0.00000000  0  0 f8 f0 0a 04 01 0003 01 01
    3 2016 249 16 26 55 035 0    1550.25468134       0.00000000  0  0 f8 f0 0a 04 01 0003 01 01
    3 2016 249 16 26 56 035 0    1549.72015139       0.00000000  0  0 f8 f0 0a 04 01 0003 01 01
    3 2016 249 16 26 57 035 0    1549.21844871       0.00000000  0  0 f8 f0 0a 04 01 0003 01 01
    4 2016 249 16 26 58 035 0    1548.74762466       0.00000000  0  0 f8 f0 0a 04 01 0004 01 01
    4 2016 249 16 26 59 035 0    1548.30932808       0.00000000  0  0 f8 f0 0a 04 01 0004 01 01
    4 2016 249 16 27 00 035 0    1547.90235982       0.00000000  0  0 f8 f0 0a 04 01 0004 01 01
    4 2016 249 16 27 01 035 0    1547.52791904       0.00000000  0  0 f8 f0 0a 04 01 0004 01 01
    4 2016 249 16 27 02 035 0    1547.18525626       0.00000000  0  0 f8 f0 0a 04 01 0004 01 01
    4 2016 249 16 27 03 035 0    1546.87557065       0.00000000  0  0 f8 f0 0a 04 01 0004 01 01
    4 2016 249 16 27 04 035 0    1546.59886221       0.00000000  0  0 f8 f0 0a 04 01 0004 01 01
    4 2016 249 16 27 05 035 0    1546.35288250       0.00000000  0  0 f8 f0 0a 04 01 0004 01 01
    4 2016 249 16 27 06 035 0    1546.13868079       0.00000000  0  0 f8 f0 0a 04 01 0004 01 01
    4 2016 249 16 27 07 035 0    1545.95730635       0.00000000  0  0 f8 f0 0a 04 01 0004 01 01
    5 2016 249 16 27 08 035 0    1545.80890909       0.00000000  0  0 f8 f0 0a 04 01 0005 01 01
    5 2016 249 16 27 09 035 0    1545.69154034       0.00000000  0  0 f8 f0 0a 04 01 0005 01 01
    5 2016 249 16 27 10 035 0    1545.60759845       0.00000000  0  0 f8 f0 0a 04 01 0005 01 01
    5 2016 249 16 27 11 035 0    1545.55573436       0.00000000  0  0 f8 f0 0a 04 01 0005 01 01
    5 2016 249 16 27 12 035 0    1545.53504868       0.00000000  0  0 f8 f0 0a 04 01 0005 01 01
    5 2016 249 16 27 13 035 0    1545.54659069       0.00000000  0  0 f8 f0 0a 04 01 0005 01 01
    5 2016 249 16 27 14 035 0    1545.59095997       0.00000000  0  0 f8 f0 0a 04 01 0005 01 01
    5 2016 249 16 27 15 035 0    1545.66740705       0.00000000  0  0 f8 f0 0a 04 01 0005 01 01
    5 2016 249 16 27 16 035 0    1545.77563212       0.00000000  0  0 f8 f0 0a 04 01 0005 01 01
    5 2016 249 16 27 17 035 0    1545.91623479       0.00000000  0  0 f8 f0 0a 04 01 0005 01 01
    6 2016 249 16 27 18 035 0    1546.08921504       0.00000000  0  0 f8 f0 0a 04 01 0006 01 01
    6 2016 249 16 27 19 035 0    1546.29352360       0.00000000  0  0 f8 f0 0a 04 01 0006 01 01
    6 2016 249 16 27 20 035 0    1546.53035964       0.00000000  0  0 f8 f0 0a 04 01 0006 01 01
    6 2016 249 16 27 21 035 0    1546.79942337       0.00000000  0  0 f8 f0 0a 04 01 0006 01 01
    6 2016 249 16 27 22 035 0    1547.10086469       0.00000000  0  0 f8 f0 0a 04 01 0006 01 01
    6 2016 249 16 27 23 035 0    1547.43498338       0.00000000  0  0 f8 f0 0a 04 01 0006 01 01
    6 2016 249 16 27 24 035 0    1547.80088007       0.00000000  0  0 f8 f0 0a 04 01 0006 01 01
    6 2016 249 16 27 25 035 0    1548.19855477       0.00000000  0  0 f8 f0 0a 04 01 0006 01 01
    6 2016 249 16 27 26 035 0    1548.62905674       0.00000000  0  0 f8 f0 0a 04 01 0006 01 01
    6 2016 249 16 27 27 035 0    1549.09058723       0.00000000  0  0 f8 f0 0a 04 01 0006 01 01
    7 2016 249 16 27 28 035 0    1549.58464520       0.00000000  0  0 f8 f0 0a 04 01 0007 01 01
    7 2016 249 16 27 29 035 0    1550.11063107       0.00000000  0  0 f8 f0 0a 04 01 0007 01 01
    7 2016 249 16 27 30 035 0    1550.66809514       0.00000000  0  0 f8 f0 0a 04 01 0007 01 01
    7 2016 249 16 27 31 035 0    1551.25838649       0.00000000  0  0 f8 f0 0a 04 01 0007 01 01
    7 2016 249 16 27 32 035 0    1551.88060574       0.00000000  0  0 f8 f0 0a 04 01 0007 01 01
    7 2016 249 16 27 33 035 0    1552.53460299       0.00000000  0  0 f8 f0 0a 04 01 0007 01 01
    7 2016 249 16 27 34 035 0    1553.22007844       0.00000000  0  0 f8 f0 0a 04 01 0007 01 01
    7 2016 249 16 27 35 035 0    1553.93718200       0.00000000  0  0 f8 f0 0a 04 01 0007 01 01
    7 2016 249 16 27 36 035 0    1554.68606356       0.00000000  0  0 f8 f0 0a 04 01 0007 01 01
    7 2016 249 16 27 37 035 0    1555.46627343       0.00000000  0  0 f8 f0 0a 04 01 0007 01 01
    8 2016 249 16 27 38 035 0    1556.27721203       0.00000000  0  0 f8 f0 0a 04 01 0008 01 01
    8 2016 249 16 27 39 035 0    1557.12097791       0.00000000  0  0 f8 f0 0a 04 01 0008 01 01
    8 2016 249 16 27 40 035 0    1557.99562240       0.00000000  0  0 f8 f0 0a 04 01 0008 01 01
    8 2016 249 16 27 41 035 0    1558.90174511       0.00000000  0  0 f8 f0 0a 04 01 0008 01 01
    8 2016 249 16 27 42 035 0    1559.83994560       0.00000000  0  0 f8 f0 0a 04 01 0008 01 01
    8 2016 249 16 27 43 035 0    1560.80977420       0.00000000  0  0 f8 f0 0a 04 01 0008 01 01
    8 2016 249 16 27 44 035 0    1561.81108101       0.00000000  0  0 f8 f0 0a 04 01 0008 01 01
    8 2016 249 16 27 45 035 0    1562.84251697       0.00000000  0  0 f8 f0 0a 04 01 0008 01 01
    8 2016 249 16 27 46 035 0    1563.90573092       0.00000000  0  0 f8 f0 0a 04 01 0008 01 01
    8 2016 249 16 27 47 035 0    1565.00012329       0.00000000  0  0 f8 f0 0a 04 01 0008 01 01
    9 2016 249 16 27 48 035 0    1566.12449490       0.00000000  0  0 f8 f0 0a 04 01 0009 01 01
    9 2016 249 16 27 49 035 0    1567.28019483       0.00000000  0  0 f8 f0 0a 04 01 0009 01 01
    9 2016 249 16 27 50 035 0    1568.46722306       0.00000000  0  0 f8 f0 0a 04 01 0009 01 01
    9 2016 249 16 27 51 035 0    1569.68587940       0.00000000  0  0 f8 f0 0a 04 01 0009 01 01
    9 2016 249 16 27 52 035 0    1570.93436510       0.00000000  0  0 f8 f0 0a 04 01 0009 01 01
    9 2016 249 16 27 53 035 0    1572.21372941       0.00000000  0  0 f8 f0 0a 04 01 0009 01 01
    9 2016 249 16 27 54 035 0    1573.52337276       0.00000000  0  0 f8 f0 0a 04 01 0009 01 01
    9 2016 249 16 27 55 035 0    1574.86389474       0.00000000  0  0 f8 f0 0a 04 01 0009 01 01
    9 2016 249 16 27 56 035 0    1576.23499555       0.00000000  0  0 f8 f0 0a 04 01 0009 01 01
    9 2016 249 16 27 57 035 0    1577.63562591       0.00000000  0  0 f8 f0 0a 04 01 0009 01 01
   10 2016 249 16 27 58 035 0    1579.06788438       0.00000000  0  0 f8 f0 0a 04 01 000a 01 01
   10 2016 249 16 27 59 035 0    1580.52952251       0.00000000  0  0 f8 f0 0a 04 01 000a 01 01
   10 2016 249 16 28 00 035 0    1582.02113988       0.00000000  0  0 f8 f0 0a 04 01 000a 01 01
   10 2016 249 16 28 01 035 0    1583.54288640       0.00000000  0  0 f8 f0 0a 04 01 000a 01 01
   10 2016 249 16 28 02 035 0    1585.09521175       0.00000000  0  0 f8 f0 0a 04 01 000a 01 01
   10 2016 249 16 28 03 035 0    1586.67751634       0.00000000  0  0 f8 f0 0a 04 01 000a 01 01
   10 2016 249 16 28 04 035 0    1588.28890080       0.00000000  0  0 f8 f0 0a 04 01 000a 01 01
   10 2016 249 16 28 05 035 0    1589.92936513       0.00000000  0  0 f8 f0 0a 04 01 000a 01 01
   10 2016 249 16 28 06 035 0    1591.60115777       0.00000000  0  0 f8 f0 0a 04 01 000a 01 01
   10 2016 249 16 28 07 035 0    1593.30188039       0.00000000  0  0 f8 f0 0a 04 01 000a 01 01
   11 2016 249 16 28 08 035 0    1595.03048370       0.00000000  0  0 f8 f0 0a 04 01 000b 01 01
   11 2016 249 16 28 09 035 0    1596.78936605       0.00000000  0  0 f8 f0 0a 04 01 000b 01 01
   11 2016 249 16 28 10 035 0    1598.57747817       0.00000000  0  0 f8 f0 0a 04 01 000b 01 01
   11 2016 249 16 28 11 035 0    1600.39392067       0.00000000  0  0 f8 f0 0a 04 01 000b 01 01
   11 2016 249 16 28 12 035 0    1602.24094200       0.00000000  0  0 f8 f0 0a 04 01 000b 01 01
   11 2016 249 16 28 13 035 0    1604.11614383       0.00000000  0  0 f8 f0 0a 04 01 000b 01 01
   11 2016 249 16 28 14 035 0    1606.02042552       0.00000000  0  0 f8 f0 0a 04 01 000b 01 01
   11 2016 249 16 28 15 035 0    1607.95318750       0.00000000  0  0 f8 f0 0a 04 01 000b 01 01
   11 2016 249 16 28 16 035 0    1609.91532914       0.00000000  0  0 f8 f0 0a 04 01 000b 01 01
   11 2016 249 16 28 17 035 0    1611.90505168       0.00000000  0  0 f8 f0 0a 04 01 000b 01 01
   12 2016 249 16 28 18 035 0    1613.92265492       0.00000000  0  0 f8 f0 0a 04 01 000c 01 01
   12 2016 249 16 28 19 035 0    1615.96948793       0.00000000  0  0 f8 f0 0a 04 01 000c 01 01
   12 2016 249 16 28 20 035 0    1618.04405174       0.00000000  0  0 f8 f0 0a 04 01 000c 01 01
   12 2016 249 16 28 21 035 0    1620.14679604       0.00000000  0  0 f8 f0 0a 04 01 000c 01 01
   12 2016 249 16 28 22 035 0    1622.27757093       0.00000000  0  0 f8 f0 0a 04 01 000c 01 01
   12 2016 249 16 28 23 035 0    1624.43592674       0.00000000  0  0 f8 f0 0a 04 01 000c 01 01
   12 2016 249 16 28 24 035 0    1626.62201334       0.00000000  0  0 f8 f0 0a 04 01 000c 01 01
   12 2016 249 16 28 25 035 0    1628.83538106       0.00000000  0  0 f8 f0 0a 04 01 000c 01 01
   12 2016 249 16 28 26 035 0    1631.07617978       0.00000000  0  0 f8 f0 0a 04 01 000c 01 01
   12 2016 249 16 28 27 035 0    1633.34500911       0.00000000  0  0 f8 f0 0a 04 01 000c 01 01
   13 2016 249 16 28 28 035 0    1635.64111954       0.00000000  0  0 f8 f0 0a 04 01 000d 01 01
   13 2016 249 16 28 29 035 0    1637.96391151       0.00000000  0  0 f8 f0 0a 04 01 000d 01 01
   13 2016 249 16 28 30 035 0    1640.31413448       0.00000000  0  0 f8 f0 0a 04 01 000d 01 01
   13 2016 249 16 28 31 035 0    1642.69088909       0.00000000  0  0 f8 f0 0a 04 01 000d 01 01
   13 2016 249 16 28 32 035 0    1645.09447512       0.00000000  0  0 f8 f0 0a 04 01 000d 01 01
   13 2016 249 16 28 33 035 0    1647.52504247       0.00000000  0  0 f8 f0 0a 04 01 000d 01 01
   13 2016 249 16 28 34 035 0    1649.98184167       0.00000000  0  0 f8 f0 0a 04 01 000d 01 01
   13 2016 249 16 28 35 035 0    1652.46562218       0.00000000  0  0 f8 f0 0a 04 01 000d 01 01
   13 2016 249 16 28 36 035 0    1654.97443537       0.00000000  0  0 f8 f0 0a 04 01 000d 01 01
   13 2016 249 16 28 37 035 0    1657.51007998       0.00000000  0  0 f8 f0 0a 04 01 000d 01 01
   14 2016 249 16 28 38 035 0    1660.07165663       0.00000000  0  0 f8 f0 0a 04 01 000e 01 01
   14 2016 249 16 28 39 035 0    1662.66036451       0.00000000  0  0 f8 f0 0a 04 01 000e 01 01
   14 2016 249 16 28 40 035 0    1665.27380526       0.00000000  0  0 f8 f0 0a 04 01 000e 01 01
   14 2016 249 16 28 41 035 0    1667.91317806       0.00000000  0  0 f8 f0 0a 04 01 000e 01 01
   14 2016 249 16 28 42 035 0    1670.57803322       0.00000000  0  0 f8 f0 0a 04 01 000e 01 01
   14 2016 249 16 28 43 035 0    1673.26807095       0.00000000  0  0 f8 f0 0a 04 01 000e 01 01
   14 2016 249 16 28 44 035 0    1675.98374093       0.00000000  0  0 f8 f0 0a 04 01 000e 01 01
   14 2016 249 16 28 45 035 0    1678.72474337       0.00000000  0  0 f8 f0 0a 04 01 000e 01 01
   14 2016 249 16 28 46 035 0    1681.49092838       0.00000000  0  0 f8 f0 0a 04 01 000e 01 01
   14 2016 249 16 28 47 035 0    1684.28184627       0.00000000  0  0 f8 f0 0a 04 01 000e 01 01
   15 2016 249 16 28 48 035 0    1687.09689745       0.00000000  0  0 f8 f0 0a 04 01 000f 01 01
   15 2016 249 16 28 49 035 0    1689.93773078       0.00000000  0  0 f8 f0 0a 04 01 000f 01 01
   15 2016 249 16 28 50 035 0    1692.80269741       0.00000000  0  0 f8 f0 0a 04 01 000f 01 01
   15 2016 249 16 28 51 035 0    1695.69269670       0.00000000  0  0 f8 f0 0a 04 01 000f 01 01
   15 2016 249 16 28 52 035 0    1698.60607981       0.00000000  0  0 f8 f0 0a 04 01 000f 01 01
   15 2016 249 16 28 53 035 0    1701.54329641       0.00000000  0  0 f8 f0 0a 04 01 000f 01 01
   15 2016 249 16 28 54 035 0    1704.50464631       0.00000000  0  0 f8 f0 0a 04 01 000f 01 01
   15 2016 249 16 28 55 035 0    1707.49102888       0.00000000  0  0 f8 f0 0a 04 01 000f 01 01
   15 2016 249 16 28 56 035 0    1710.50064537       0.00000000  0  0 f8 f0 0a 04 01 000f 01 01
   15 2016 249 16 28 57 035 0    1713.53439515       0.00000000  0  0 f8 f0 0a 04 01 000f 01 01
   16 2016 249 16 28 58 035 0    1716.59137884       0.00000000  0  0 f8 f0 0a 04 01 0010 01 01
   16 2016 249 16 28 59 035 0    1719.67129666       0.00000000  0  0 f8 f0 0a 04 01 0010 01 01
   16 2016 249 16 29 00 035 0    1722.77519787       0.00000000  0  0 f8 f0 0a 04 01 0010 01 01
   16 2016 249 16 29 01 035 0    1725.90173342       0.00000000  0  0 f8 f0 0a 04 01 0010 01 01
   16 2016 249 16 29 02 035 0    1729.05135298       0.00000000  0  0 f8 f0 0a 04 01 0010 01 01
   16 2016 249 16 29 03 035 0    1732.22375677       0.00000000  0  0 f8 f0 0a 04 01 0010 01 01
   16 2016 249 16 29 04 035 0    1735.41879489       0.00000000  0  0 f8 f0 0a 04 01 0010 01 01
   16 2016 249 16 29 05 035 0    1738.63661724       0.00000000  0  0 f8 f0 0a 04 01 0010 01 01
   16 2016 249 16 29 06 035 0    1741.87707392       0.00000000  0  0 f8 f0 0a 04 01 0010 01 01
   16 2016 249 16 29 07 035 0    1745.13971524       0.00000000  0  0 f8 f0 0a 04 01 0010 01 01
   17 2016 249 16 29 08 035 0    1748.42514079       0.00000000  0  0 f8 f0 0a 04 01 0011 01 01
   17 2016 249 16 29 09 035 0    1751.73230129       0.00000000  0  0 f8 f0 0a 04 01 0011 01 01
   17 2016 249 16 29 10 035 0    1755.06224602       0.00000000  0  0 f8 f0 0a 04 01 0011 01 01
   17 2016 249 16 29 11 035 0    1758.41467518       0.00000000  0  0 f8 f0 0a 04 01 0011 01 01
   17 2016 249 16 29 12 035 0    1761.78704054       0.00000000  0  0 f8 f0 0a 04 01 0011 01 01
   17 2016 249 16 29 13 035 0    1765.18189033       0.00000000  0  0 f8 f0 0a 04 01 0011 01 01
   17 2016 249 16 29 14 035 0    1768.59787550       0.00000000  0  0 f8 f0 0a 04 01 0011 01 01
   17 2016 249 16 29 15 035 0    1772.03529582       0.00000000  0  0 f8 f0 0a 04 01 0011 01 01
   17 2016 249 16 29 16 035 0    1775.49445110       0.00000000  0  0 f8 f0 0a 04 01 0011 01 01
   17 2016 249 16 29 17 035 0    1778.97429205       0.00000000  0  0 f8 f0 0a 04 01 0011 01 01
   18 2016 249 16 29 18 035 0    1782.47481869       0.00000000  0  0 f8 f0 0a 04 01 0012 01 01
   18 2016 249 16 29 19 035 0    1785.99618090       0.00000000  0  0 f8 f0 0a 04 01 0012 01 01
   18 2016 249 16 29 20 035 0    1789.53897827       0.00000000  0  0 f8 f0 0a 04 01 0012 01 01
   18 2016 249 16 29 21 035 0    1793.10201163       0.00000000  0  0 f8 f0 0a 04 01 0012 01 01
   18 2016 249 16 29 22 035 0    1796.68513109       0.00000000  0  0 f8 f0 0a 04 01 0012 01 01
   18 2016 249 16 29 23 035 0    1800.28893623       0.00000000  0  0 f8 f0 0a 04 01 0012 01 01
   18 2016 249 16 29 24 035 0    1803.91312726       0.00000000  0  0 f8 f0 0a 04 01 0012 01 01
   18 2016 249 16 29 25 035 0    1807.55770417       0.00000000  0  0 f8 f0 0a 04 01 0012 01 01
   18 2016 249 16 29 26 035 0    1811.22191749       0.00000000  0  0 f8 f0 0a 04 01 0012 01 01
   18 2016 249 16 29 27 035 0    1814.90636679       0.00000000  0  0 f8 f0 0a 04 01 0012 01 01
   19 2016 249 16 29 28 035 0    1818.60880365       0.00000000  0  0 f8 f0 0a 04 01 0013 01 01
   19 2016 249 16 29 29 035 0    1822.33252577       0.00000000  0  0 f8 f0 0a 04 01 0013 01 01
   19 2016 249 16 29 30 035 0    1826.07483502       0.00000000  0  0 f8 f0 0a 04 01 0013 01 01
   19 2016 249 16 29 31 035 0    1829.83768006       0.00000000  0  0 f8 f0 0a 04 01 0013 01 01
   19 2016 249 16 29 32 035 0    1833.61806296       0.00000000  0  0 f8 f0 0a 04 01 0013 01 01
   19 2016 249 16 29 33 035 0    1837.41928143       0.00000000  0  0 f8 f0 0a 04 01 0013 01 01
   19 2016 249 16 29 34 035 0    1841.23893713       0.00000000  0  0 f8 f0 0a 04 01 0013 01 01
   19 2016 249 16 29 35 035 0    1845.07732987       0.00000000  0  0 f8 f0 0a 04 01 0013 01 01
   19 2016 249 16 29 36 035 0    1848.93415984       0.00000000  0  0 f8 f0 0a 04 01 0013 01 01
   19 2016 249 16 29 37 035 0    1852.81002664       0.00000000  0  0 f8 f0 0a 04 01 0013 01 01
   20 2016 249 16 29 38 035 0    1856.70418077       0.00000000  0  0 f8 f0 0a 04 01 0014 01 01
   20 2016 249 16 29 39 035 0    1860.61647235       0.00000000  0  0 f8 f0 0a 04 01 0014 01 01
   20 2016 249 16 29 40 035 0    1864.54750095       0.00000000  0  0 f8 f0 0a 04 01 0014 01 01
   20 2016 249 16 29 41 035 0    1868.49621731       0.00000000  0  0 f8 f0 0a 04 01 0014 01 01
   20 2016 249 16 29 42 035 0    1872.46337091       0.00000000  0  0 f8 f0 0a 04 01 0014 01 01
   20 2016 249 16 29 43 035 0    1876.44956133       0.00000000  0  0 f8 f0 0a 04 01 0014 01 01
   20 2016 249 16 29 44 035 0    1880.45164074       0.00000000  0  0 f8 f0 0a 04 01 0014 01 01
   20 2016 249 16 29 45 035 0    1884.47155781       0.00000000  0  0 f8 f0 0a 04 01 0014 01 01
   20 2016 249 16 29 46 035 0    1888.50991212       0.00000000  0  0 f8 f0 0a 04 01 0014 01 01
   20 2016 249 16 29 47 035 0    1892.56475501       0.00000000  0  0 f8 f0 0a 04 01 0014 01 01
   21 2016 249 16 29 48 035 0    1896.63728566       0.00000000  0  0 f8 f0 0a 04 01 0015 01 01
   21 2016 249 16 29 49 035 0    1900.72735416       0.00000000  0  0 f8 f0 0a 04 01 0015 01 01
   21 2016 249 16 29 50 035 0    1904.83451084       0.00000000  0  0 f8 f0 0a 04 01 0015 01 01
   21 2016 249 16 29 51 035 0    1908.95800620       0.00000000  0  0 f8 f0 0a 04 01 0015 01 01
   21 2016 249 16 29 52 035 0    1913.09933921       0.00000000  0  0 f8 f0 0a 04 01 0015 01 01
   21 2016 249 16 29 53 035 0    1917.25716081       0.00000000  0  0 f8 f0 0a 04 01 0015 01 01
   21 2016 249 16 29 54 035 0    1921.43132110       0.00000000  0  0 f8 f0 0a 04 01 0015 01 01
   21 2016 249 16 29 55 035 0    1925.62241967       0.00000000  0  0 f8 f0 0a 04 01 0015 01 01
   21 2016 249 16 29 56 035 0    1929.82970702       0.00000000  0  0 f8 f0 0a 04 01 0015 01 01
   21 2016 249 16 29 57 035 0    1934.05363286       0.00000000  0  0 f8 f0 0a 04 01 0015 01 01
   22 2016 249 16 29 58 035 0    1938.29284811       0.00000000  0  0 f8 f0 0a 04 01 0016 01 01
   22 2016 249 16 29 59 035 0    1942.54915153       0.00000000  0  0 f8 f0 0a 04 01 0016 01 01
   22 2016 249 16 30 00 035 0    1946.82074437       0.00000000  0  0 f8 f0 0a 04 01 0016 01 01
   22 2016 249 16 30 01 035 0    1951.10852600       0.00000000  0  0 f8 f0 0a 04 01 0016 01 01
   22 2016 249 16 30 02 035 0    1955.41219663       0.00000000  0  0 f8 f0 0a 04 01 0016 01 01
   22 2016 249 16 30 03 035 0    1959.73130657       0.00000000  0  0 f8 f0 0a 04 01 0016 01 01
   22 2016 249 16 30 04 035 0    1964.06615562       0.00000000  0  0 f8 f0 0a 04 01 0016 01 01
   22 2016 249 16 30 05 035 0    1968.41674377       0.00000000  0  0 f8 f0 0a 04 01 0016 01 01
   22 2016 249 16 30 06 035 0    1972.78187186       0.00000000  0  0 f8 f0 0a 04 01 0016 01 01
   22 2016 249 16 30 07 035 0    1977.16258915       0.00000000  0  0 f8 f0 0a 04 01 0016 01 01
   23 2016 249 16 30 08 035 0    1981.55829606       0.00000000  0  0 f8 f0 0a 04 01 0017 01 01
   23 2016 249 16 30 09 035 0    1985.96914250       0.00000000  0  0 f8 f0 0a 04 01 0017 01 01
   23 2016 249 16 30 10 035 0    1990.39437897       0.00000000  0  0 f8 f0 0a 04 01 0017 01 01
   23 2016 249 16 30 11 035 0    1994.83520465       0.00000000  0  0 f8 f0 0a 04 01 0017 01 01
   23 2016 249 16 30 12 035 0    1999.29012058       0.00000000  0  0 f8 f0 0a 04 01 0017 01 01
   23 2016 249 16 30 13 035 0    2003.76047581       0.00000000  0  0 f8 f0 0a 04 01 0017 01 01
   23 2016 249 16 30 14 035 0    2008.24552088       0.00000000  0  0 f8 f0 0a 04 01 0017 01 01
   23 2016 249 16 30 15 035 0    2012.74390671       0.00000000  0  0 f8 f0 0a 04 01 0017 01 01
   23 2016 249 16 30 16 035 0    2017.25653269       0.00000000  0  0 f8 f0 0a 04 01 0017 01 01
   23 2016 249 16 30 17 035 0    2021.78414829       0.00000000  0  0 f8 f0 0a 04 01 0017 01 01
   24 2016 249 16 30 18 035 0    2026.32525454       0.00000000  0  0 f8 f0 0a 04 01 0018 01 01
   24 2016 249 16 30 19 035 0    2030.88060094       0.00000000  0  0 f8 f0 0a 04 01 0018 01 01
   24 2016 249 16 30 20 035 0    2035.44958790       0.00000000  0  0 f8 f0 0a 04 01 0018 01 01
   24 2016 249 16 30 21 035 0    2040.03311479       0.00000000  0  0 f8 f0 0a 04 01 0018 01 01
   24 2016 249 16 30 22 035 0    2044.62923296       0.00000000  0  0 f8 f0 0a 04 01 0018 01 01
   24 2016 249 16 30 23 035 0    2049.24019086       0.00000000  0  0 f8 f0 0a 04 01 0018 01 01
   24 2016 249 16 30 24 035 0    2053.86403984       0.00000000  0  0 f8 f0 0a 04 01 0018 01 01
   24 2016 249 16 30 25 035 0    2058.50107968       0.00000000  0  0 f8 f0 0a 04 01 0018 01 01
   24 2016 249 16 30 26 035 0    2063.15176008       0.00000000  0  0 f8 f0 0a 04 01 0018 01 01
   24 2016 249 16 30 27 035 0    2067.81533156       0.00000000  0  0 f8 f0 0a 04 01 0018 01 01
   25 2016 249 16 30 28 035 0    2072.49254359       0.00000000  0  0 f8 f0 0a 04 01 0019 01 01
   25 2016 249 16 30 29 035 0    2077.18324629       0.00000000  0  0 f8 f0 0a 04 01 0019 01 01
   25 2016 249 16 30 30 035 0    2081.88594068       0.00000000  0  0 f8 f0 0a 04 01 0019 01 01
   25 2016 249 16 30 31 035 0    2086.60197584       0.00000000  0  0 f8 f0 0a 04 01 0019 01 01
   25 2016 249 16 30 32 035 0    2091.33150166       0.00000000  0  0 f8 f0 0a 04 01 0019 01 01
   25 2016 249 16 30 33 035 0    2096.07256948       0.00000000  0  0 f8 f0 0a 04 01 0019 01 01
   25 2016 249 16 30 34 035 0    2100.82592880       0.00000000  0  0 f8 f0 0a 04 01 0019 01 01
   25 2016 249 16 30 35 035 0    2105.59247899       0.00000000  0  0 f8 f0 0a 04 01 0019 01 01
   25 2016 249 16 30 36 035 0    2110.37192025       0.00000000  0  0 f8 f0 0a 04 01 0019 01 01
   25 2016 249 16 30 37 035 0    2115.16335321       0.00000000  0  0 f8 f0 0a 04 01 0019 01 01
   26 2016 249 16 30 38 035 0    2119.96587849       0.00000000  0  0 f8 f0 0a 04 01 001a 01 01
   26 2016 249 16 30 39 035 0    2124.78159464       0.00000000  0  0 f8 f0 0a 04 01 001a 01 01
   26 2016 249 16 30 40 035 0    2129.60840311       0.00000000  0  0 f8 f0 0a 04 01 001a 01 01
   26 2016 249 16 30 41 035 0    2134.44825255       0.00000000  0  0 f8 f0 0a 04 01 001a 01 01
   26 2016 249 16 30 42 035 0    2139.29934421       0.00000000  0  0 f8 f0 0a 04 01 001a 01 01
   26 2016 249 16 30 43 035 0    2144.16257746       0.00000000  0  0 f8 f0 0a 04 01 001a 01 01
   26 2016 249 16 30 44 035 0    2149.03720283       0.00000000  0  0 f8 f0 0a 04 01 001a 01 01
   26 2016 249 16 30 45 035 0    2153.92337021       0.00000000  0  0 f8 f0 0a 04 01 001a 01 01
   26 2016 249 16 30 46 035 0    2158.82167918       0.00000000  0  0 f8 f0 0a 04 01 001a 01 01
   26 2016 249 16 30 47 035 0    2163.73093057       0.00000000  0  0 f8 f0 0a 04 01 001a 01 01
   27 2016 249 16 30 48 035 0    2168.65157408       0.00000000  0  0 f8 f0 0a 04 01 001b 01 01
   27 2016 249 16 30 49 035 0    2173.58390950       0.00000000  0  0 f8 f0 0a 04 01 001b 01 01
   27 2016 249 16 30 50 035 0    2178.52718734       0.00000000  0  0 f8 f0 0a 04 01 001b 01 01
   27 2016 249 16 30 51 035 0    2183.48095791       0.00000000  0  0 f8 f0 0a 04 01 001b 01 01
   27 2016 249 16 30 52 035 0    2188.44657029       0.00000000  0  0 f8 f0 0a 04 01 001b 01 01
   27 2016 249 16 30 53 035 0    2193.42357478       0.00000000  0  0 f8 f0 0a 04 01 001b 01 01
   27 2016 249 16 30 54 035 0    2198.41077222       0.00000000  0  0 f8 f0 0a 04 01 001b 01 01
   27 2016 249 16 30 55 035 0    2203.40801270       0.00000000  0  0 f8 f0 0a 04 01 001b 01 01
   27 2016 249 16 30 56 035 0    2208.41709499       0.00000000  0  0 f8 f0 0a 04 01 001b 01 01
   27 2016 249 16 30 57 035 0    2213.43652011       0.00000000  0  0 f8 f0 0a 04 01 001b 01 01
   28 2016 249 16 30 58 035 0    2218.46673776       0.00000000  0  0 f8 f0 0a 04 01 001c 01 01
   28 2016 249 16 30 59 035 0    2223.50834753       0.00000000  0  0 f8 f0 0a 04 01 001c 01 01
   28 2016 249 16 31 00 035 0    2228.55820159       0.00000000  0  0 f8 f0 0a 04 01 001c 01 01
   28 2016 249 16 31 01 035 0    2233.61899807       0.00000000  0  0 f8 f0 0a 04 01 001c 01 01
   28 2016 249 16 31 02 035 0    2238.69208605       0.00000000  0  0 f8 f0 0a 04 01 001c 01 01
   28 2016 249 16 31 03 035 0    2243.77296862       0.00000000  0  0 f8 f0 0a 04 01 001c 01 01
   28 2016 249 16 31 04 035 0    2248.86419404       0.00000000  0  0 f8 f0 0a 04 01 001c 01 01
   28 2016 249 16 31 05 035 0    2253.96741116       0.00000000  0  0 f8 f0 0a 04 01 001c 01 01
   28 2016 249 16 31 06 035 0    2259.07887257       0.00000000  0  0 f8 f0 0a 04 01 001c 01 01
   28 2016 249 16 31 07 035 0    2264.20052692       0.00000000  0  0 f8 f0 0a 04 01 001c 01 01
   29 2016 249 16 31 08 035 0    2269.33237422       0.00000000  0  0 f8 f0 0a 04 01 001d 01 01
   29 2016 249 16 31 09 035 0    2274.47351508       0.00000000  0  0 f8 f0 0a 04 01 001d 01 01
   29 2016 249 16 31 10 035 0    2279.62439919       0.00000000  0  0 f8 f0 0a 04 01 001d 01 01
   29 2016 249 16 31 11 035 0    2284.78547626       0.00000000  0  0 f8 f0 0a 04 01 001d 01 01
   29 2016 249 16 31 12 035 0    2289.95554709       0.00000000  0  0 f8 f0 0a 04 01 001d 01 01
   29 2016 249 16 31 13 035 0    2295.13536118       0.00000000  0  0 f8 f0 0a 04 01 001d 01 01
   29 2016 249 16 31 14 035 0    2300.32506842       0.00000000  0  0 f8 f0 0a 04 01 001d 01 01
   29 2016 249 16 31 15 035 0    2305.52331974       0.00000000  0  0 f8 f0 0a 04 01 001d 01 01
   29 2016 249 16 31 16 035 0    2310.73101453       0.00000000  0  0 f8 f0 0a 04 01 001d 01 01
   29 2016 249 16 31 17 035 0    2315.94845258       0.00000000  0  0 f8 f0 0a 04 01 001d 01 01
   30 2016 249 16 31 18 035 0    2321.17473450       0.00000000  0  0 f8 f0 0a 04 01 001e 01 01
   30 2016 249 16 31 19 035 0    2326.40941061       0.00000000  0  0 f8 f0 0a 04 01 001e 01 01
   30 2016 249 16 31 20 035 0    2331.65353018       0.00000000  0  0 f8 f0 0a 04 01 001e 01 01
   30 2016 249 16 31 21 035 0    2336.90739300       0.00000000  0  0 f8 f0 0a 04 01 001e 01 01
   30 2016 249 16 31 22 035 0    2342.16890054       0.00000000  0  0 f8 f0 0a 04 01 001e 01 01
   30 2016 249 16 31 23 035 0    2347.43895216       0.00000000  0  0 f8 f0 0a 04 01 001e 01 01
   30 2016 249 16 31 24 035 0    2352.71904682       0.00000000  0  0 f8 f0 0a 04 01 001e 01 01
   30 2016 249 16 31 25 035 0    2358.00708599       0.00000000  0  0 f8 f0 0a 04 01 001e 01 01
   30 2016 249 16 31 26 035 0    2363.30456862       0.00000000  0  0 f8 f0 0a 04 01 001e 01 01
   30 2016 249 16 31 27 035 0    2368.60954606       0.00000000  0  0 f8 f0 0a 04 01 001e 01 01
   31 2016 249 16 31 28 035 0    2373.92291769       0.00000000  0  0 f8 f0 0a 04 01 001f 01 01
   31 2016 249 16 31 29 035 0    2379.24513320       0.00000000  0  0 f8 f0 0a 04 01 001f 01 01
   31 2016 249 16 31 30 035 0    2384.57604268       0.00000000  0  0 f8 f0 0a 04 01 001f 01 01
   31 2016 249 16 31 31 035 0    2389.91549626       0.00000000  0  0 f8 f0 0a 04 01 001f 01 01
   31 2016 249 16 31 32 035 0    2395.26199495       0.00000000  0  0 f8 f0 0a 04 01 001f 01 01
   31 2016 249 16 31 33 035 0    2400.61748742       0.00000000  0  0 f8 f0 0a 04 01 001f 01 01
   31 2016 249 16 31 34 035 0    2405.98032481       0.00000000  0  0 f8 f0 0a 04 01 001f 01 01
   31 2016 249 16 31 35 035 0    2411.35245576       0.00000000  0  0 f8 f0 0a 04 01 001f 01 01
   31 2016 249 16 31 36 035 0    2416.73193163       0.00000000  0  0 f8 f0 0a 04 01 001f 01 01
   31 2016 249 16 31 37 035 0    2422.11920210       0.00000000  0  0 f8 f0 0a 04 01 001f 01 01
   32 2016 249 16 31 38 035 0    2427.51456696       0.00000000  0  0 f8 f0 0a 04 01 0020 01 01
   32 2016 249 16 31 39 035 0    2432.91757654       0.00000000  0  0 f8 f0 0a 04 01 0020 01 01
   32 2016 249 16 31 40 035 0    2438.32838071       0.00000000  0  0 f8 f0 0a 04 01 0020 01 01
   32 2016 249 16 31 41 035 0    2443.74742919       0.00000000  0  0 f8 f0 0a 04 01 0020 01 01
   32 2016 249 16 31 42 035 0    2449.17442216       0.00000000  0  0 f8 f0 0a 04 01 0020 01 01
   32 2016 249 16 31 43 035 0    2454.60756087       0.00000000  0  0 f8 f0 0a 04 01 0020 01 01
   32 2016 249 16 31 44 035 0    2460.04924367       0.00000000  0  0 f8 f0 0a 04 01 0020 01 01
   32 2016 249 16 31 45 035 0    2465.49797160       0.00000000  0  0 f8 f0 0a 04 01 0020 01 01
   32 2016 249 16 31 46 035 0    2470.95419433       0.00000000  0  0 f8 f0 0a 04 01 0020 01 01
   32 2016 249 16 31 47 035 0    2476.41806178       0.00000000  0  0 f8 f0 0a 04 01 0020 01 01
   33 2016 249 16 31 48 035 0    2481.88897434       0.00000000  0  0 f8 f0 0a 04 01 0021 01 01
   33 2016 249 16 31 49 035 0    2487.36723182       0.00000000  0  0 f8 f0 0a 04 01 0021 01 01
   33 2016 249 16 31 50 035 0    2492.85313401       0.00000000  0  0 f8 f0 0a 04 01 0021 01 01
   33 2016 249 16 31 51 035 0    2498.34593143       0.00000000  0  0 f8 f0 0a 04 01 0021 01 01
   33 2016 249 16 31 52 035 0    2503.84562407       0.00000000  0  0 f8 f0 0a 04 01 0021 01 01
   33 2016 249 16 31 53 035 0    2509.35221194       0.00000000  0  0 f8 f0 0a 04 01 0021 01 01
   33 2016 249 16 31 54 035 0    2514.86659441       0.00000000  0  0 f8 f0 0a 04 01 0021 01 01
   33 2016 249 16 31 55 035 0    2520.38757232       0.00000000  0  0 f8 f0 0a 04 01 0021 01 01
   33 2016 249 16 31 56 035 0    2525.91484587       0.00000000  0  0 f8 f0 0a 04 01 0021 01 01
   33 2016 249 16 31 57 035 0    2531.44931443       0.00000000  0  0 f8 f0 0a 04 01 0021 01 01
   34 2016 249 16 31 58 035 0    2536.99037843       0.00000000  0  0 f8 f0 0a 04 01 0022 01 01
   34 2016 249 16 31 59 035 0    2542.53848756       0.00000000  0  0 f8 f0 0a 04 01 0022 01 01
   34 2016 249 16 32 00 035 0    2548.09349191       0.00000000  0  0 f8 f0 0a 04 01 0022 01 01
   34 2016 249 16 32 01 035 0    2553.65494180       0.00000000  0  0 f8 f0 0a 04 01 0022 01 01
   34 2016 249 16 32 02 035 0    2559.22238754       0.00000000  0  0 f8 f0 0a 04 01 0022 01 01
   34 2016 249 16 32 03 035 0    2564.79672850       0.00000000  0  0 f8 f0 0a 04 01 0022 01 01
   34 2016 249 16 32 04 035 0    2570.37766490       0.00000000  0  0 f8 f0 0a 04 01 0022 01 01
   34 2016 249 16 32 05 035 0    2575.96594621       0.00000000  0  0 f8 f0 0a 04 01 0022 01 01
   34 2016 249 16 32 06 035 0    2581.55992358       0.00000000  0  0 f8 f0 0a 04 01 0022 01 01
   34 2016 249 16 32 07 035 0    2587.15989680       0.00000000  0  0 f8 f0 0a 04 01 0022 01 01
   35 2016 249 16 32 08 035 0    2592.76646545       0.00000000  0  0 f8 f0 0a 04 01 0023 01 01
   35 2016 249 16 32 09 035 0    2598.38007923       0.00000000  0  0 f8 f0 0a 04 01 0023 01 01
   35 2016 249 16 32 10 035 0    2603.99938906       0.00000000  0  0 f8 f0 0a 04 01 0023 01 01
   35 2016 249 16 32 11 035 0    2609.62439495       0.00000000  0  0 f8 f0 0a 04 01 0023 01 01
   35 2016 249 16 32 12 035 0    2615.25539669       0.00000000  0  0 f8 f0 0a 04 01 0023 01 01
   35 2016 249 16 32 13 035 0    2620.89329366       0.00000000  0  0 f8 f0 0a 04 01 0023 01 01
   35 2016 249 16 32 14 035 0    2626.53673678       0.00000000  0  0 f8 f0 0a 04 01 0023 01 01
   35 2016 249 16 32 15 035 0    2632.18662544       0.00000000  0  0 f8 f0 0a 04 01 0023 01 01
   35 2016 249 16 32 16 035 0    2637.84101099       0.00000000  0  0 f8 f0 0a 04 01 0023 01 01
   35 2016 249 16 32 17 035 0    2643.50334105       0.00000000  0  0 f8 f0 0a 04 01 0023 01 01
   36 2016 249 16 32 18 035 0    2649.17001809       0.00000000  0  0 f8 f0 0a 04 01 0024 01 01
   36 2016 249 16 32 19 035 0    2654.84209139       0.00000000  0  0 f8 f0 0a 04 01 0024 01 01
   36 2016 249 16 32 20 035 0    2660.52165951       0.00000000  0  0 f8 f0 0a 04 01 0024 01 01
   36 2016 249 16 32 21 035 0    2666.20602430       0.00000000  0  0 f8 f0 0a 04 01 0024 01 01
   36 2016 249 16 32 22 035 0    2671.89668474       0.00000000  0  0 f8 f0 0a 04 01 0024 01 01
   36 2016 249 16 32 23 035 0    2677.59229176       0.00000000  0  0 f8 f0 0a 04 01 0024 01 01
   36 2016 249 16 32 24 035 0    2683.29374472       0.00000000  0  0 f8 f0 0a 04 01 0024 01 01
   36 2016 249 16 32 25 035 0    2689.00089374       0.00000000  0  0 f8 f0 0a 04 01 0024 01 01
   36 2016 249 16 32 26 035 0    2694.71343903       0.00000000  0  0 f8 f0 0a 04 01 0024 01 01
   36 2016 249 16 32 27 035 0    2700.43153048       0.00000000  0  0 f8 f0 0a 04 01 0024 01 01
   37 2016 249 16 32 28 035 0    2706.15516809       0.00000000  0  0 f8 f0 0a 04 01 0025 01 01
   37 2016 249 16 32 29 035 0    2711.88390217       0.00000000  0  0 f8 f0 0a 04 01 0025 01 01
   37 2016 249 16 32 30 035 0    2717.61848220       0.00000000  0  0 f8 f0 0a 04 01 0025 01 01
   37 2016 249 16 32 31 035 0    2723.35770902       0.00000000  0  0 f8 f0 0a 04 01 0025 01 01
   37 2016 249 16 32 32 035 0    2729.10293168       0.00000000  0  0 f8 f0 0a 04 01 0025 01 01
   37 2016 249 16 32 33 035 0    2734.85310092       0.00000000  0  0 f8 f0 0a 04 01 0025 01 01
   37 2016 249 16 32 34 035 0    2740.60821674       0.00000000  0  0 f8 f0 0a 04 01 0025 01 01
   37 2016 249 16 32 35 035 0    2746.36887872       0.00000000  0  0 f8 f0 0a 04 01 0025 01 01
   37 2016 249 16 32 36 035 0    2752.13388768       0.00000000  0  0 f8 f0 0a 04 01 0025 01 01
   37 2016 249 16 32 37 035 0    2757.90459271       0.00000000  0  0 f8 f0 0a 04 01 0025 01 01
   38 2016 249 16 32 38 035 0    2763.67994451       0.00000000  0  0 f8 f0 0a 04 01 0026 01 01
   38 2016 249 16 32 39 035 0    2769.46114227       0.00000000  0  0 f8 f0 0a 04 01 0026 01 01
   38 2016 249 16 32 40 035 0    2775.24743651       0.00000000  0  0 f8 f0 0a 04 01 0026 01 01
   38 2016 249 16 32 41 035 0    2781.03807773       0.00000000  0  0 f8 f0 0a 04 01 0026 01 01
   38 2016 249 16 32 42 035 0    2786.83366553       0.00000000  0  0 f8 f0 0a 04 01 0026 01 01
   38 2016 249 16 32 43 035 0    2792.63360031       0.00000000  0  0 f8 f0 0a 04 01 0026 01 01
   38 2016 249 16 32 44 035 0    2798.43938106       0.00000000  0  0 f8 f0 0a 04 01 0026 01 01
   38 2016 249 16 32 45 035 0    2804.24980858       0.00000000  0  0 f8 f0 0a 04 01 0026 01 01
   38 2016 249 16 32 46 035 0    2810.06488289       0.00000000  0  0 f8 f0 0a 04 01 0026 01 01
   38 2016 249 16 32 47 035 0    2815.88355471       0.00000000  0  0 f8 f0 0a 04 01 0026 01 01
   39 2016 249 16 32 48 035 0    2821.70747289       0.00000000  0  0 f8 f0 0a 04 01 0027 01 01
   39 2016 249 16 32 49 035 0    2827.53633765       0.00000000  0  0 f8 f0 0a 04 01 0027 01 01
   39 2016 249 16 32 50 035 0    2833.37029889       0.00000000  0  0 f8 f0 0a 04 01 0027 01 01
   39 2016 249 16 32 51 035 0    2839.20740794       0.00000000  0  0 f8 f0 0a 04 01 0027 01 01
   39 2016 249 16 32 52 035 0    2845.05171201       0.00000000  0  0 f8 f0 0a 04 01 0027 01 01
   39 2016 249 16 32 53 035 0    2850.89811463       0.00000000  0  0 f8 f0 0a 04 01 0027 01 01
   39 2016 249 16 32 54 035 0    2856.74886424       0.00000000  0  0 f8 f0 0a 04 01 0027 01 01
   39 2016 249 16 32 55 035 0    2862.60486022       0.00000000  0  0 f8 f0 0a 04 01 0027 01 01
   39 2016 249 16 32 56 035 0    2868.46655225       0.00000000  0  0 f8 f0 0a 04 01 0027 01 01
   39 2016 249 16 32 57 035 0    2874.33109232       0.00000000  0  0 f8 f0 0a 04 01 0027 01 01
   40 2016 249 16 32 58 035 0    2880.20012927       0.00000000  0  0 f8 f0 0a 04 01 0028 01 01
   40 2016 249 16 32 59 035 0    2886.07381300       0.00000000  0  0 f8 f0 0a 04 01 0028 01 01
   40 2016 249 16 33 00 035 0    2891.95154393       0.00000000  0  0 f8 f0 0a 04 01 0028 01 01
   40 2016 249 16 33 01 035 0    2897.83377175       0.00000000  0  0 f8 f0 0a 04 01 0028 01 01
   40 2016 249 16 33 02 035 0    2903.71959708       0.00000000  0  0 f8 f0 0a 04 01 0028 01 01
   40 2016 249 16 33 03 035 0    2909.61006919       0.00000000  0  0 f8 f0 0a 04 01 0028 01 01
   40 2016 249 16 33 04 035 0    2915.50383902       0.00000000  0  0 f8 f0 0a 04 01 0028 01 01
   40 2016 249 16 33 05 035 0    2921.40315501       0.00000000  0  0 f8 f0 0a 04 01 0028 01 01
   40 2016 249 16 33 06 035 0    2927.30801716       0.00000000  0  0 f8 f0 0a 04 01 0028 01 01
   40 2016 249 16 33 07 035 0    2933.21587723       0.00000000  0  0 f8 f0 0a 04 01 0028 01 01
   41 2016 249 16 33 08 035 0    2939.12493647       0.00000000  0  0 f8 f0 0a 04 01 0029 01 01
   41 2016 249 16 33 09 035 0    2945.03984167       0.00000000  0  0 f8 f0 0a 04 01 0029 01 01
   41 2016 249 16 33 10 035 0    2950.95774479       0.00000000  0  0 f8 f0 0a 04 01 0029 01 01
   41 2016 249 16 33 11 035 0    2956.88059449       0.00000000  0  0 f8 f0 0a 04 01 0029 01 01
   41 2016 249 16 33 12 035 0    2962.80794107       0.00000000  0  0 f8 f0 0a 04 01 0029 01 01
   41 2016 249 16 33 13 035 0    2968.73828558       0.00000000  0  0 f8 f0 0a 04 01 0029 01 01
   41 2016 249 16 33 14 035 0    2974.67207770       0.00000000  0  0 f8 f0 0a 04 01 0029 01 01
   41 2016 249 16 33 15 035 0    2980.61141598       0.00000000  0  0 f8 f0 0a 04 01 0029 01 01
   41 2016 249 16 33 16 035 0    2986.55390208       0.00000000  0  0 f8 f0 0a 04 01 0029 01 01
   41 2016 249 16 33 17 035 0    2992.50028549       0.00000000  0  0 f8 f0 0a 04 01 0029 01 01
   42 2016 249 16 33 18 035 0    2998.44981671       0.00000000  0  0 f8 f0 0a 04 01 002a 01 01
   42 2016 249 16 33 19 035 0    3004.40174628       0.00000000  0  0 f8 f0 0a 04 01 002a 01 01
   42 2016 249 16 33 20 035 0    3010.35802283       0.00000000  0  0 f8 f0 0a 04 01 002a 01 01
   42 2016 249 16 33 21 035 0    3016.31939586       0.00000000  0  0 f8 f0 0a 04 01 002a 01 01
   42 2016 249 16 33 22 035 0    3022.28526578       0.00000000  0  0 f8 f0 0a 04 01 002a 01 01
   42 2016 249 16 33 23 035 0    3028.25263465       0.00000000  0  0 f8 f0 0a 04 01 002a 01 01
   42 2016 249 16 33 24 035 0    3034.22599938       0.00000000  0  0 f8 f0 0a 04 01 002a 01 01
   42 2016 249 16 33 25 035 0    3040.19981379       0.00000000  0  0 f8 f0 0a 04 01 002a 01 01
   42 2016 249 16 33 26 035 0    3046.17677603       0.00000000  0  0 f8 f0 0a 04 01 002a 01 01
   42 2016 249 16 33 27 035 0    3052.15823515       0.00000000  0  0 f8 f0 0a 04 01 002a 01 01
   43 2016 249 16 33 28 035 0    3058.14269220       0.00000000  0  0 f8 f0 0a 04 01 002b 01 01
   43 2016 249 16 33 29 035 0    3064.13329499       0.00000000  0  0 f8 f0 0a 04 01 002b 01 01
   43 2016 249 16 33 30 035 0    3070.12734539       0.00000000  0  0 f8 f0 0a 04 01 002b 01 01
   43 2016 249 16 33 31 035 0    3076.12244507       0.00000000  0  0 f8 f0 0a 04 01 002b 01 01
   43 2016 249 16 33 32 035 0    3082.12054267       0.00000000  0  0 f8 f0 0a 04 01 002b 01 01
   43 2016 249 16 33 33 035 0    3088.12253758       0.00000000  0  0 f8 f0 0a 04 01 002b 01 01
   43 2016 249 16 33 34 035 0    3094.12783020       0.00000000  0  0 f8 f0 0a 04 01 002b 01 01
   43 2016 249 16 33 35 035 0    3100.13761971       0.00000000  0  0 f8 f0 0a 04 01 002b 01 01
   43 2016 249 16 33 36 035 0    3106.14890818       0.00000000  0  0 f8 f0 0a 04 01 002b 01 01
   43 2016 249 16 33 37 035 0    3112.16469354       0.00000000  0  0 f8 f0 0a 04 01 002b 01 01
