 BkNo Year Day hh mm ss mss ns RangeRate(km/s)                  Tv DvTSnRSnDTpSTpSId BkCtSRtInTim
    1 2016 249 16 17 37 300 0      -5.42678898       0.00000000  0  0 f8 f0 0a 04 08 0001 01 01
    2 2016 249 16 19 38 500 0     -14.59307876       0.00000000  0  6 f8 f0 0a 04 08 0002 01 01
    2 2016 249 16 19 39 500 0     -14.59276018       0.00000000  0  6 f8 f0 0a 04 08 0002 01 01
    2 2016 249 16 19 40 500 0     -14.59325157       0.00000000  0  6 f8 f0 0a 04 08 0002 01 01
    2 2016 249 16 19 41 500 0     -14.59271860       0.00000000  0  6 f8 f0 0a 04 08 0002 01 01
    2 2016 249 16 19 42 500 0     -14.59279242       0.00000000  0  6 f8 f0 0a 04 08 0002 01 01
    2 2016 249 16 19 43 500 0     -14.59274459       0.00000000  0  6 f8 f0 0a 04 08 0002 01 01
    2 2016 249 16 19 44 500 0     -14.59293819       0.00000000  0  6 f8 f0 0a 04 08 0002 01 01
    2 2016 249 16 19 45 500 0     -14.59288929       0.00000000  0  6 f8 f0 0a 04 08 0002 01 01
    2 2016 249 16 19 46 500 0     -14.59340973       0.00000000  0  6 f8 f0 0a 04 08 0002 01 01
    2 2016 249 16 19 47 500 0     -14.59300694       0.00000000  0  6 f8 f0 0a 04 08 0002 01 01
    3 2016 249 16 19 48 500 0     -14.59317242       0.00000000  0  6 f8 f0 0a 04 08 0003 01 01
    3 2016 249 16 19 49 500 0     -14.59318801       0.00000000  0  6 f8 f0 0a 04 08 0003 01 01
    3 2016 249 16 19 50 500 0     -14.59304438       0.00000000  0  6 f8 f0 0a 04 08 0003 01 01
    3 2016 249 16 19 51 500 0     -14.59315270       0.00000000  0  6 f8 f0 0a 04 08 0003 01 01
    3 2016 249 16 19 52 500 0     -14.59313911       0.00000000  0  6 f8 f0 0a 04 08 0003 01 01
    3 2016 249 16 19 53 500 0     -14.59338481       0.00000000  0  6 f8 f0 0a 04 08 0003 01 01
    3 2016 249 16 19 54 500 0     -14.59292366       0.00000000  0  6 f8 f0 0a 04 08 0003 01 01
    3 2016 249 16 19 55 500 0     -14.59264466       0.00000000  0  6 f8 f0 0a 04 08 0003 01 01
    3 2016 249 16 19 56 500 0     -14.59279242       0.00000000  0  6 f8 f0 0a 04 08 0003 01 01
    3 2016 249 16 19 57 500 0     -14.59279975       0.00000000  0  6 f8 f0 0a 04 08 0003 01 01
    4 2016 249 16 19 58 500 0     -14.59375122       0.00000000  0  6 f8 f0 0a 04 08 0004 01 01
    4 2016 249 16 19 59 500 0     -14.59225013       0.00000000  0  6 f8 f0 0a 04 08 0004 01 01
    4 2016 249 16 20 00 500 0     -14.59218244       0.00000000  0  6 f8 f0 0a 04 08 0004 01 01
    4 2016 249 16 20 01 500 0     -14.59217312       0.00000000  0  6 f8 f0 0a 04 08 0004 01 01
    4 2016 249 16 20 02 500 0     -14.59230942       0.00000000  0  6 f8 f0 0a 04 08 0004 01 01
    4 2016 249 16 20 03 500 0     -14.59254886       0.00000000  0  6 f8 f0 0a 04 08 0004 01 01
    4 2016 249 16 20 04 500 0     -14.59265305       0.00000000  0  6 f8 f0 0a 04 08 0004 01 01
    4 2016 249 16 20 05 500 0     -14.59235113       0.00000000  0  6 f8 f0 0a 04 08 0004 01 01
    4 2016 249 16 20 06 500 0     -14.59244479       0.00000000  0  6 f8 f0 0a 04 08 0004 01 01
    4 2016 249 16 20 07 500 0     -14.59252394       0.00000000  0  6 f8 f0 0a 04 08 0004 01 01
    5 2016 249 16 20 08 500 0     -14.59263426       0.00000000  0  6 f8 f0 0a 04 08 0005 01 01
    5 2016 249 16 20 09 500 0     -14.59262280       0.00000000  0  6 f8 f0 0a 04 08 0005 01 01
    5 2016 249 16 20 10 500 0     -14.59255405       0.00000000  0  6 f8 f0 0a 04 08 0005 01 01
    5 2016 249 16 20 11 500 0     -14.59267583       0.00000000  0  6 f8 f0 0a 04 08 0005 01 01
    5 2016 249 16 20 12 500 0     -14.59255205       0.00000000  0  6 f8 f0 0a 04 08 0005 01 01
    5 2016 249 16 20 13 500 0     -14.59266864       0.00000000  0  6 f8 f0 0a 04 08 0005 01 01
    5 2016 249 16 20 14 500 0     -14.59311620       0.00000000  0  6 f8 f0 0a 04 08 0005 01 01
    5 2016 249 16 20 15 500 0     -14.59325876       0.00000000  0  6 f8 f0 0a 04 08 0005 01 01
    5 2016 249 16 20 16 500 0     -14.59350766       0.00000000  0  6 f8 f0 0a 04 08 0005 01 01
    5 2016 249 16 20 17 500 0     -14.59339107       0.00000000  0  6 f8 f0 0a 04 08 0005 01 01
    6 2016 249 16 20 18 500 0     -14.59322026       0.00000000  0  6 f8 f0 0a 04 08 0006 01 01
    6 2016 249 16 20 19 500 0     -14.59318695       0.00000000  0  6 f8 f0 0a 04 08 0006 01 01
    6 2016 249 16 20 20 500 0     -14.59338161       0.00000000  0  6 f8 f0 0a 04 08 0006 01 01
    6 2016 249 16 20 21 500 0     -14.59362518       0.00000000  0  6 f8 f0 0a 04 08 0006 01 01
    6 2016 249 16 20 22 500 0     -14.59403023       0.00000000  0  6 f8 f0 0a 04 08 0006 01 01
    6 2016 249 16 20 23 500 0     -14.59336815       0.00000000  0  6 f8 f0 0a 04 08 0006 01 01
    7 2016 249 16 20 56 100 0      -6.19452629       0.00000000  0  0 f8 f0 0a 04 08 0007 01 01
    7 2016 249 16 20 57 100 0      -6.19114476       0.00000000  0  0 f8 f0 0a 04 08 0007 01 01
    7 2016 249 16 20 58 100 0      -6.18775910       0.00000000  0  0 f8 f0 0a 04 08 0007 01 01
    7 2016 249 16 20 59 100 0      -6.18453893       0.00000000  0  0 f8 f0 0a 04 08 0007 01 01
    7 2016 249 16 21 00 100 0      -6.18075195       0.00000000  0  0 f8 f0 0a 04 08 0007 01 01
    7 2016 249 16 21 01 100 0      -6.17746516       0.00000000  0  0 f8 f0 0a 04 08 0007 01 01
    7 2016 249 16 21 02 100 0      -6.17388697       0.00000000  0  0 f8 f0 0a 04 08 0007 01 01
    7 2016 249 16 21 03 100 0      -6.17049812       0.00000000  0  0 f8 f0 0a 04 08 0007 01 01
    7 2016 249 16 21 04 100 0      -6.16692872       0.00000000  0  0 f8 f0 0a 04 08 0007 01 01
    7 2016 249 16 21 05 100 0      -6.16342542       0.00000000  0  0 f8 f0 0a 04 08 0007 01 01
    8 2016 249 16 21 06 100 0      -6.15988773       0.00000000  0  0 f8 f0 0a 04 08 0008 01 01
    8 2016 249 16 21 07 100 0      -6.15614446       0.00000000  0  0 f8 f0 0a 04 08 0008 01 01
    8 2016 249 16 21 08 100 0      -6.15246314       0.00000000  0  0 f8 f0 0a 04 08 0008 01 01
    8 2016 249 16 21 09 100 0      -6.14899687       0.00000000  0  0 f8 f0 0a 04 08 0008 01 01
    8 2016 249 16 21 10 100 0      -6.14520723       0.00000000  0  0 f8 f0 0a 04 08 0008 01 01
    8 2016 249 16 21 11 100 0      -6.14164463       0.00000000  0  0 f8 f0 0a 04 08 0008 01 01
    8 2016 249 16 21 12 100 0      -6.13777238       0.00000000  0  0 f8 f0 0a 04 08 0008 01 01
    8 2016 249 16 21 13 100 0      -6.13400618       0.00000000  0  0 f8 f0 0a 04 08 0008 01 01
    8 2016 249 16 21 14 100 0      -6.13039775       0.00000000  0  0 f8 f0 0a 04 08 0008 01 01
    8 2016 249 16 21 15 100 0      -6.12645568       0.00000000  0  0 f8 f0 0a 04 08 0008 01 01
    9 2016 249 16 21 16 100 0      -6.12261620       0.00000000  0  0 f8 f0 0a 04 08 0009 01 01
    9 2016 249 16 21 17 100 0      -6.11880111       0.00000000  0  0 f8 f0 0a 04 08 0009 01 01
    9 2016 249 16 21 18 100 0      -6.11482986       0.00000000  0  0 f8 f0 0a 04 08 0009 01 01
    9 2016 249 16 21 19 100 0      -6.11096480       0.00000000  0  0 f8 f0 0a 04 08 0009 01 01
    9 2016 249 16 21 20 100 0      -6.10693426       0.00000000  0  0 f8 f0 0a 04 08 0009 01 01
    9 2016 249 16 21 21 100 0      -6.10267001       0.00000000  0  0 f8 f0 0a 04 08 0009 01 01
    9 2016 249 16 21 22 100 0      -6.09883933       0.00000000  0  0 f8 f0 0a 04 08 0009 01 01
    9 2016 249 16 21 23 100 0      -6.09465423       0.00000000  0  0 f8 f0 0a 04 08 0009 01 01
    9 2016 249 16 21 24 100 0      -6.09064980       0.00000000  0  0 f8 f0 0a 04 08 0009 01 01
    9 2016 249 16 21 25 100 0      -6.08648548       0.00000000  0  0 f8 f0 0a 04 08 0009 01 01
   10 2016 249 16 21 26 100 0      -6.08223163       0.00000000  0  0 f8 f0 0a 04 08 000a 01 01
   10 2016 249 16 21 27 100 0      -6.07793353       0.00000000  0  0 f8 f0 0a 04 08 000a 01 01
   10 2016 249 16 21 28 100 0      -6.07359800       0.00000000  0  0 f8 f0 0a 04 08 000a 01 01
   10 2016 249 16 21 29 100 0      -6.06956746       0.00000000  0  0 f8 f0 0a 04 08 000a 01 01
   10 2016 249 16 21 30 100 0      -6.06536104       0.00000000  0  0 f8 f0 0a 04 08 000a 01 01
   10 2016 249 16 21 31 100 0      -6.06092184       0.00000000  0  0 f8 f0 0a 04 08 000a 01 01
   10 2016 249 16 21 32 100 0      -6.05650157       0.00000000  0  0 f8 f0 0a 04 08 000a 01 01
   10 2016 249 16 21 33 100 0      -6.05233206       0.00000000  0  0 f8 f0 0a 04 08 000a 01 01
   10 2016 249 16 21 34 100 0      -6.04787101       0.00000000  0  0 f8 f0 0a 04 08 000a 01 01
   10 2016 249 16 21 35 100 0      -6.04332163       0.00000000  0  0 f8 f0 0a 04 08 000a 01 01
   11 2016 249 16 21 36 100 0      -6.03885805       0.00000000  0  0 f8 f0 0a 04 08 000b 01 01
   11 2016 249 16 21 37 100 0      -6.03441579       0.00000000  0  0 f8 f0 0a 04 08 000b 01 01
   11 2016 249 16 21 38 100 0      -6.02971745       0.00000000  0  0 f8 f0 0a 04 08 000b 01 01
   11 2016 249 16 21 39 100 0      -6.02517219       0.00000000  0  0 f8 f0 0a 04 08 000b 01 01
   11 2016 249 16 21 40 100 0      -6.02054406       0.00000000  0  0 f8 f0 0a 04 08 000b 01 01
   11 2016 249 16 21 41 100 0      -6.01576564       0.00000000  0  0 f8 f0 0a 04 08 000b 01 01
   11 2016 249 16 21 42 100 0      -6.01097682       0.00000000  0  0 f8 f0 0a 04 08 000b 01 01
   11 2016 249 16 21 43 100 0      -6.00646954       0.00000000  0  0 f8 f0 0a 04 08 000b 01 01
   11 2016 249 16 21 44 100 0      -6.00146407       0.00000000  0  0 f8 f0 0a 04 08 000b 01 01
   11 2016 249 16 21 45 100 0      -5.99667419       0.00000000  0  0 f8 f0 0a 04 08 000b 01 01
   12 2016 249 16 21 46 100 0      -5.99179010       0.00000000  0  0 f8 f0 0a 04 08 000c 01 01
   12 2016 249 16 21 47 100 0      -5.98679090       0.00000000  0  0 f8 f0 0a 04 08 000c 01 01
   12 2016 249 16 21 48 100 0      -5.98196984       0.00000000  0  0 f8 f0 0a 04 08 000c 01 01
   12 2016 249 16 21 49 100 0      -5.97701433       0.00000000  0  0 f8 f0 0a 04 08 000c 01 01
   12 2016 249 16 21 50 100 0      -5.97192199       0.00000000  0  0 f8 f0 0a 04 08 000c 01 01
   12 2016 249 16 21 51 100 0      -5.96690466       0.00000000  0  0 f8 f0 0a 04 08 000c 01 01
   12 2016 249 16 21 52 100 0      -5.96188267       0.00000000  0  0 f8 f0 0a 04 08 000c 01 01
   12 2016 249 16 21 53 100 0      -5.95682058       0.00000000  0  0 f8 f0 0a 04 08 000c 01 01
   12 2016 249 16 21 54 100 0      -5.95163870       0.00000000  0  0 f8 f0 0a 04 08 000c 01 01
   12 2016 249 16 21 55 100 0      -5.94645482       0.00000000  0  0 f8 f0 0a 04 08 000c 01 01
   13 2016 249 16 21 56 100 0      -5.94106162       0.00000000  0  0 f8 f0 0a 04 08 000d 01 01
   13 2016 249 16 21 57 100 0      -5.93574757       0.00000000  0  0 f8 f0 0a 04 08 000d 01 01
   13 2016 249 16 21 58 100 0      -5.93025870       0.00000000  0  0 f8 f0 0a 04 08 000d 01 01
   13 2016 249 16 21 59 100 0      -5.92477809       0.00000000  0  0 f8 f0 0a 04 08 000d 01 01
   13 2016 249 16 22 00 100 0      -5.91944072       0.00000000  0  0 f8 f0 0a 04 08 000d 01 01
   13 2016 249 16 22 01 100 0      -5.91410375       0.00000000  0  0 f8 f0 0a 04 08 000d 01 01
   13 2016 249 16 22 02 100 0      -5.90860756       0.00000000  0  0 f8 f0 0a 04 08 000d 01 01
   13 2016 249 16 22 03 100 0      -5.90307445       0.00000000  0  0 f8 f0 0a 04 08 000d 01 01
   13 2016 249 16 22 04 100 0      -5.89753082       0.00000000  0  0 f8 f0 0a 04 08 000d 01 01
   13 2016 249 16 22 05 100 0      -5.89193110       0.00000000  0  0 f8 f0 0a 04 08 000d 01 01
   14 2016 249 16 22 06 100 0      -5.88640213       0.00000000  0  0 f8 f0 0a 04 08 000e 01 01
   14 2016 249 16 22 07 100 0      -5.88067476       0.00000000  0  0 f8 f0 0a 04 08 000e 01 01
   14 2016 249 16 22 08 100 0      -5.87472475       0.00000000  0  0 f8 f0 0a 04 08 000e 01 01
   14 2016 249 16 22 09 100 0      -5.86890531       0.00000000  0  0 f8 f0 0a 04 08 000e 01 01
   14 2016 249 16 22 10 100 0      -5.86325149       0.00000000  0  0 f8 f0 0a 04 08 000e 01 01
   14 2016 249 16 22 11 100 0      -5.85753358       0.00000000  0  0 f8 f0 0a 04 08 000e 01 01
   14 2016 249 16 22 12 100 0      -5.85127538       0.00000000  0  0 f8 f0 0a 04 08 000e 01 01
   14 2016 249 16 22 13 100 0      -5.84528779       0.00000000  0  0 f8 f0 0a 04 08 000e 01 01
   14 2016 249 16 22 14 100 0      -5.83951992       0.00000000  0  0 f8 f0 0a 04 08 000e 01 01
   14 2016 249 16 22 15 100 0      -5.83340442       0.00000000  0  0 f8 f0 0a 04 08 000e 01 01
   15 2016 249 16 22 16 100 0      -5.82739085       0.00000000  0  0 f8 f0 0a 04 08 000f 01 01
   15 2016 249 16 22 17 100 0      -5.82117275       0.00000000  0  0 f8 f0 0a 04 08 000f 01 01
   15 2016 249 16 22 18 100 0      -5.81516811       0.00000000  0  0 f8 f0 0a 04 08 000f 01 01
   15 2016 249 16 22 19 100 0      -5.80860079       0.00000000  0  0 f8 f0 0a 04 08 000f 01 01
   15 2016 249 16 22 20 100 0      -5.80250181       0.00000000  0  0 f8 f0 0a 04 08 000f 01 01
   15 2016 249 16 22 21 100 0      -5.79610264       0.00000000  0  0 f8 f0 0a 04 08 000f 01 01
   15 2016 249 16 22 22 100 0      -5.78976903       0.00000000  0  0 f8 f0 0a 04 08 000f 01 01
   15 2016 249 16 22 23 100 0      -5.78338531       0.00000000  0  0 f8 f0 0a 04 08 000f 01 01
   15 2016 249 16 22 24 100 0      -5.77671806       0.00000000  0  0 f8 f0 0a 04 08 000f 01 01
   15 2016 249 16 22 25 100 0      -5.77056819       0.00000000  0  0 f8 f0 0a 04 08 000f 01 01
   16 2016 249 16 22 26 100 0      -5.76375943       0.00000000  0  0 f8 f0 0a 04 08 0010 01 01
   16 2016 249 16 22 27 100 0      -5.75694895       0.00000000  0  0 f8 f0 0a 04 08 0010 01 01
   16 2016 249 16 22 28 100 0      -5.75026251       0.00000000  0  0 f8 f0 0a 04 08 0010 01 01
   16 2016 249 16 22 29 100 0      -5.74351345       0.00000000  0  0 f8 f0 0a 04 08 0010 01 01
   16 2016 249 16 22 30 100 0      -5.73671509       0.00000000  0  0 f8 f0 0a 04 08 0010 01 01
   16 2016 249 16 22 31 100 0      -5.72974232       0.00000000  0  0 f8 f0 0a 04 08 0010 01 01
   16 2016 249 16 22 32 100 0      -5.72295008       0.00000000  0  0 f8 f0 0a 04 08 0010 01 01
   16 2016 249 16 22 33 100 0      -5.71592894       0.00000000  0  0 f8 f0 0a 04 08 0010 01 01
   16 2016 249 16 22 34 100 0      -5.70908675       0.00000000  0  0 f8 f0 0a 04 08 0010 01 01
   16 2016 249 16 22 35 100 0      -5.70213276       0.00000000  0  0 f8 f0 0a 04 08 0010 01 01
   17 2016 249 16 22 36 100 0      -5.69488565       0.00000000  0  0 f8 f0 0a 04 08 0011 01 01
   17 2016 249 16 22 37 100 0      -5.68777390       0.00000000  0  0 f8 f0 0a 04 08 0011 01 01
   17 2016 249 16 22 38 100 0      -5.68058155       0.00000000  0  0 f8 f0 0a 04 08 0011 01 01
   17 2016 249 16 22 39 100 0      -5.67343916       0.00000000  0  0 f8 f0 0a 04 08 0011 01 01
   17 2016 249 16 22 40 100 0      -5.66595208       0.00000000  0  0 f8 f0 0a 04 08 0011 01 01
   17 2016 249 16 22 41 100 0      -5.65840104       0.00000000  0  0 f8 f0 0a 04 08 0011 01 01
   17 2016 249 16 22 42 100 0      -5.65111395       0.00000000  0  0 f8 f0 0a 04 08 0011 01 01
   17 2016 249 16 22 43 100 0      -5.64371494       0.00000000  0  0 f8 f0 0a 04 08 0011 01 01
   17 2016 249 16 22 44 100 0      -5.63596977       0.00000000  0  0 f8 f0 0a 04 08 0011 01 01
   17 2016 249 16 22 45 100 0      -5.62841500       0.00000000  0  0 f8 f0 0a 04 08 0011 01 01
   18 2016 249 16 22 46 100 0      -5.62082811       0.00000000  0  0 f8 f0 0a 04 08 0012 01 01
   18 2016 249 16 22 47 100 0      -5.61313970       0.00000000  0  0 f8 f0 0a 04 08 0012 01 01
   18 2016 249 16 22 48 100 0      -5.60514630       0.00000000  0  0 f8 f0 0a 04 08 0012 01 01
   18 2016 249 16 22 49 100 0      -5.59736782       0.00000000  0  0 f8 f0 0a 04 08 0012 01 01
   18 2016 249 16 22 50 100 0      -5.58947435       0.00000000  0  0 f8 f0 0a 04 08 0012 01 01
   18 2016 249 16 22 51 100 0      -5.58124405       0.00000000  0  0 f8 f0 0a 04 08 0012 01 01
   18 2016 249 16 22 52 100 0      -5.57346450       0.00000000  0  0 f8 f0 0a 04 08 0012 01 01
   18 2016 249 16 22 53 100 0      -5.56533427       0.00000000  0  0 f8 f0 0a 04 08 0012 01 01
   18 2016 249 16 22 54 100 0      -5.55741322       0.00000000  0  0 f8 f0 0a 04 08 0012 01 01
   18 2016 249 16 22 55 100 0      -5.54922195       0.00000000  0  0 f8 f0 0a 04 08 0012 01 01
   19 2016 249 16 22 56 100 0      -5.54093756       0.00000000  0  0 f8 f0 0a 04 08 0013 01 01
   19 2016 249 16 22 57 100 0      -5.53263184       0.00000000  0  0 f8 f0 0a 04 08 0013 01 01
   19 2016 249 16 22 58 100 0      -5.52423978       0.00000000  0  0 f8 f0 0a 04 08 0013 01 01
   19 2016 249 16 22 59 100 0      -5.51584453       0.00000000  0  0 f8 f0 0a 04 08 0013 01 01
   19 2016 249 16 23 00 100 0      -5.50527118       0.00000000  0  0 f8 f0 0a 04 08 0013 01 01
   19 2016 249 16 23 01 100 0      -5.52546027       0.00000000  0  0 f8 f0 0a 04 08 0013 01 01
   19 2016 249 16 23 02 100 0      -5.46962706       0.00000000  0  0 f8 f0 0a 04 08 0013 01 01
   20 2016 249 16 23 09 100 0      -5.42802359       0.00000000  0  0 f8 f0 0a 04 08 0014 01 01
   20 2016 249 16 23 10 100 0      -5.41892935       0.00000000  0  0 f8 f0 0a 04 08 0014 01 01
   20 2016 249 16 23 11 100 0      -5.40956504       0.00000000  0  0 f8 f0 0a 04 08 0014 01 01
   20 2016 249 16 23 12 100 0      -5.40007467       0.00000000  0  0 f8 f0 0a 04 08 0014 01 01
   20 2016 249 16 23 13 100 0      -5.39079989       0.00000000  0  0 f8 f0 0a 04 08 0014 01 01
   20 2016 249 16 23 14 100 0      -5.38145996       0.00000000  0  0 f8 f0 0a 04 08 0014 01 01
   20 2016 249 16 23 15 100 0      -5.37189738       0.00000000  0  0 f8 f0 0a 04 08 0014 01 01
   20 2016 249 16 23 16 100 0      -5.36241275       0.00000000  0  0 f8 f0 0a 04 08 0014 01 01
   20 2016 249 16 23 17 100 0      -5.35284803       0.00000000  0  0 f8 f0 0a 04 08 0014 01 01
   20 2016 249 16 23 18 100 0      -5.34292837       0.00000000  0  0 f8 f0 0a 04 08 0014 01 01
   21 2016 249 16 23 19 100 0      -5.33291437       0.00000000  0  0 f8 f0 0a 04 08 0015 01 01
   21 2016 249 16 23 20 100 0      -5.32325958       0.00000000  0  0 f8 f0 0a 04 08 0015 01 01
   21 2016 249 16 23 21 100 0      -5.31346490       0.00000000  0  0 f8 f0 0a 04 08 0015 01 01
   21 2016 249 16 23 22 100 0      -5.30342238       0.00000000  0  0 f8 f0 0a 04 08 0015 01 01
   21 2016 249 16 23 23 100 0      -5.29314616       0.00000000  0  0 f8 f0 0a 04 08 0015 01 01
   21 2016 249 16 23 24 100 0      -5.28313736       0.00000000  0  0 f8 f0 0a 04 08 0015 01 01
   21 2016 249 16 23 25 100 0      -5.27258693       0.00000000  0  0 f8 f0 0a 04 08 0015 01 01
   21 2016 249 16 23 26 100 0      -5.26249445       0.00000000  0  0 f8 f0 0a 04 08 0015 01 01
   21 2016 249 16 23 27 100 0      -5.25215468       0.00000000  0  0 f8 f0 0a 04 08 0015 01 01
   21 2016 249 16 23 28 100 0      -5.24165674       0.00000000  0  0 f8 f0 0a 04 08 0015 01 01
   22 2016 249 16 23 29 100 0      -5.23106874       0.00000000  0  0 f8 f0 0a 04 08 0016 01 01
   22 2016 249 16 23 30 100 0      -5.22032937       0.00000000  0  0 f8 f0 0a 04 08 0016 01 01
   22 2016 249 16 23 31 100 0      -5.20972831       0.00000000  0  0 f8 f0 0a 04 08 0016 01 01
   22 2016 249 16 23 32 100 0      -5.19879895       0.00000000  0  0 f8 f0 0a 04 08 0016 01 01
   22 2016 249 16 23 33 100 0      -5.18798457       0.00000000  0  0 f8 f0 0a 04 08 0016 01 01
   22 2016 249 16 23 34 100 0      -5.17721855       0.00000000  0  0 f8 f0 0a 04 08 0016 01 01
   22 2016 249 16 23 35 100 0      -5.16601951       0.00000000  0  0 f8 f0 0a 04 08 0016 01 01
   22 2016 249 16 23 36 100 0      -5.15485230       0.00000000  0  0 f8 f0 0a 04 08 0016 01 01
   22 2016 249 16 23 37 100 0      -5.14382807       0.00000000  0  0 f8 f0 0a 04 08 0016 01 01
   22 2016 249 16 23 38 100 0      -5.13257026       0.00000000  0  0 f8 f0 0a 04 08 0016 01 01
   23 2016 249 16 23 39 100 0      -5.12122918       0.00000000  0  0 f8 f0 0a 04 08 0017 01 01
   23 2016 249 16 23 40 100 0      -5.10958511       0.00000000  0  0 f8 f0 0a 04 08 0017 01 01
   23 2016 249 16 23 41 100 0      -5.09813064       0.00000000  0  0 f8 f0 0a 04 08 0017 01 01
   23 2016 249 16 23 42 100 0      -5.08647351       0.00000000  0  0 f8 f0 0a 04 08 0017 01 01
   23 2016 249 16 23 43 100 0      -5.07475256       0.00000000  0  0 f8 f0 0a 04 08 0017 01 01
   23 2016 249 16 23 44 100 0      -5.06294766       0.00000000  0  0 f8 f0 0a 04 08 0017 01 01
   23 2016 249 16 23 45 100 0      -5.05113810       0.00000000  0  0 f8 f0 0a 04 08 0017 01 01
   23 2016 249 16 23 46 100 0      -5.03924007       0.00000000  0  0 f8 f0 0a 04 08 0017 01 01
   23 2016 249 16 23 47 100 0      -5.02732179       0.00000000  0  0 f8 f0 0a 04 08 0017 01 01
   23 2016 249 16 23 48 100 0      -5.01515888       0.00000000  0  0 f8 f0 0a 04 08 0017 01 01
   24 2016 249 16 23 49 100 0      -5.00312134       0.00000000  0  0 f8 f0 0a 04 08 0018 01 01
   24 2016 249 16 23 50 100 0      -4.99072633       0.00000000  0  0 f8 f0 0a 04 08 0018 01 01
   24 2016 249 16 23 51 100 0      -4.97832758       0.00000000  0  0 f8 f0 0a 04 08 0018 01 01
   24 2016 249 16 23 52 100 0      -4.96599811       0.00000000  0  0 f8 f0 0a 04 08 0018 01 01
   24 2016 249 16 23 53 100 0      -4.95337405       0.00000000  0  0 f8 f0 0a 04 08 0018 01 01
   24 2016 249 16 23 54 100 0      -4.94083580       0.00000000  0  0 f8 f0 0a 04 08 0018 01 01
   24 2016 249 16 23 55 100 0      -4.92796870       0.00000000  0  0 f8 f0 0a 04 08 0018 01 01
   24 2016 249 16 23 56 100 0      -4.91508389       0.00000000  0  0 f8 f0 0a 04 08 0018 01 01
   24 2016 249 16 23 57 100 0      -4.90229688       0.00000000  0  0 f8 f0 0a 04 08 0018 01 01
   24 2016 249 16 23 58 100 0      -4.88929868       0.00000000  0  0 f8 f0 0a 04 08 0018 01 01
   25 2016 249 16 23 59 100 0      -4.87611713       0.00000000  0  0 f8 f0 0a 04 08 0019 01 01
   25 2016 249 16 24 00 100 0      -4.86300328       0.00000000  0  0 f8 f0 0a 04 08 0019 01 01
   25 2016 249 16 24 01 100 0      -4.84954806       0.00000000  0  0 f8 f0 0a 04 08 0019 01 01
   25 2016 249 16 24 02 100 0      -4.83612442       0.00000000  0  0 f8 f0 0a 04 08 0019 01 01
   25 2016 249 16 24 03 100 0      -4.82268333       0.00000000  0  0 f8 f0 0a 04 08 0019 01 01
   25 2016 249 16 24 04 100 0      -4.80896043       0.00000000  0  0 f8 f0 0a 04 08 0019 01 01
   25 2016 249 16 24 05 100 0      -4.79534705       0.00000000  0  0 f8 f0 0a 04 08 0019 01 01
   25 2016 249 16 24 06 100 0      -4.78147799       0.00000000  0  0 f8 f0 0a 04 08 0019 01 01
   25 2016 249 16 24 07 100 0      -4.76764010       0.00000000  0  0 f8 f0 0a 04 08 0019 01 01
   25 2016 249 16 24 08 100 0      -4.75372267       0.00000000  0  0 f8 f0 0a 04 08 0019 01 01
   26 2016 249 16 24 09 100 0      -4.73962203       0.00000000  0  0 f8 f0 0a 04 08 001a 01 01
   26 2016 249 16 24 10 100 0      -4.72531993       0.00000000  0  0 f8 f0 0a 04 08 001a 01 01
   26 2016 249 16 24 11 100 0      -4.71100584       0.00000000  0  0 f8 f0 0a 04 08 001a 01 01
   26 2016 249 16 24 12 100 0      -4.69667776       0.00000000  0  0 f8 f0 0a 04 08 001a 01 01
   26 2016 249 16 24 13 100 0      -4.68217633       0.00000000  0  0 f8 f0 0a 04 08 001a 01 01
   26 2016 249 16 24 14 100 0      -4.66766611       0.00000000  0  0 f8 f0 0a 04 08 001a 01 01
   26 2016 249 16 24 15 100 0      -4.65308767       0.00000000  0  0 f8 f0 0a 04 08 001a 01 01
   26 2016 249 16 24 16 100 0      -4.63818239       0.00000000  0  0 f8 f0 0a 04 08 001a 01 01
   26 2016 249 16 24 17 100 0      -4.62341128       0.00000000  0  0 f8 f0 0a 04 08 001a 01 01
   26 2016 249 16 24 18 100 0      -4.60836130       0.00000000  0  0 f8 f0 0a 04 08 001a 01 01
   27 2016 249 16 24 19 100 0      -4.59318021       0.00000000  0  0 f8 f0 0a 04 08 001b 01 01
   27 2016 249 16 24 20 100 0      -4.57787720       0.00000000  0  0 f8 f0 0a 04 08 001b 01 01
   27 2016 249 16 24 21 100 0      -4.56262842       0.00000000  0  0 f8 f0 0a 04 08 001b 01 01
   27 2016 249 16 24 22 100 0      -4.54709491       0.00000000  0  0 f8 f0 0a 04 08 001b 01 01
   27 2016 249 16 24 23 100 0      -4.53147439       0.00000000  0  0 f8 f0 0a 04 08 001b 01 01
   27 2016 249 16 24 24 100 0      -4.51574315       0.00000000  0  0 f8 f0 0a 04 08 001b 01 01
   27 2016 249 16 24 25 100 0      -4.50008572       0.00000000  0  0 f8 f0 0a 04 08 001b 01 01
   27 2016 249 16 24 26 100 0      -4.48411505       0.00000000  0  0 f8 f0 0a 04 08 001b 01 01
   27 2016 249 16 24 27 100 0      -4.46839420       0.00000000  0  0 f8 f0 0a 04 08 001b 01 01
   27 2016 249 16 24 28 100 0      -4.45211320       0.00000000  0  0 f8 f0 0a 04 08 001b 01 01
   28 2016 249 16 24 29 100 0      -4.43589896       0.00000000  0  0 f8 f0 0a 04 08 001c 01 01
   28 2016 249 16 24 30 100 0      -4.41970910       0.00000000  0  0 f8 f0 0a 04 08 001c 01 01
   28 2016 249 16 24 31 100 0      -4.40327834       0.00000000  0  0 f8 f0 0a 04 08 001c 01 01
   28 2016 249 16 24 32 100 0      -4.38669449       0.00000000  0  0 f8 f0 0a 04 08 001c 01 01
   28 2016 249 16 24 33 100 0      -4.37004815       0.00000000  0  0 f8 f0 0a 04 08 001c 01 01
   28 2016 249 16 24 34 100 0      -4.35322526       0.00000000  0  0 f8 f0 0a 04 08 001c 01 01
   28 2016 249 16 24 35 100 0      -4.33627806       0.00000000  0  0 f8 f0 0a 04 08 001c 01 01
   28 2016 249 16 24 36 100 0      -4.31928675       0.00000000  0  0 f8 f0 0a 04 08 001c 01 01
   28 2016 249 16 24 37 100 0      -4.30200099       0.00000000  0  0 f8 f0 0a 04 08 001c 01 01
   28 2016 249 16 24 38 100 0      -4.28481182       0.00000000  0  0 f8 f0 0a 04 08 001c 01 01
   29 2016 249 16 24 39 100 0      -4.26743305       0.00000000  0  0 f8 f0 0a 04 08 001d 01 01
   29 2016 249 16 24 40 100 0      -4.24995169       0.00000000  0  0 f8 f0 0a 04 08 001d 01 01
   29 2016 249 16 24 41 100 0      -4.23231416       0.00000000  0  0 f8 f0 0a 04 08 001d 01 01
   29 2016 249 16 24 42 100 0      -4.21472261       0.00000000  0  0 f8 f0 0a 04 08 001d 01 01
   29 2016 249 16 24 43 100 0      -4.19699248       0.00000000  0  0 f8 f0 0a 04 08 001d 01 01
   29 2016 249 16 24 44 100 0      -4.17896483       0.00000000  0  0 f8 f0 0a 04 08 001d 01 01
   29 2016 249 16 24 45 100 0      -4.16093118       0.00000000  0  0 f8 f0 0a 04 08 001d 01 01
   29 2016 249 16 24 46 100 0      -4.14281905       0.00000000  0  0 f8 f0 0a 04 08 001d 01 01
   29 2016 249 16 24 47 100 0      -4.12447522       0.00000000  0  0 f8 f0 0a 04 08 001d 01 01
   29 2016 249 16 24 48 100 0      -4.10607462       0.00000000  0  0 f8 f0 0a 04 08 001d 01 01
   30 2016 249 16 24 49 100 0      -4.08765644       0.00000000  0  0 f8 f0 0a 04 08 001e 01 01
   30 2016 249 16 24 50 100 0      -4.06881109       0.00000000  0  0 f8 f0 0a 04 08 001e 01 01
   30 2016 249 16 24 51 100 0      -4.05015454       0.00000000  0  0 f8 f0 0a 04 08 001e 01 01
   30 2016 249 16 24 52 100 0      -4.03123070       0.00000000  0  0 f8 f0 0a 04 08 001e 01 01
   30 2016 249 16 24 53 100 0      -4.01211181       0.00000000  0  0 f8 f0 0a 04 08 001e 01 01
   30 2016 249 16 24 54 100 0      -3.99317572       0.00000000  0  0 f8 f0 0a 04 08 001e 01 01
   30 2016 249 16 24 55 100 0      -3.97376582       0.00000000  0  0 f8 f0 0a 04 08 001e 01 01
   30 2016 249 16 24 56 100 0      -3.95430289       0.00000000  0  0 f8 f0 0a 04 08 001e 01 01
   30 2016 249 16 24 57 100 0      -3.93489939       0.00000000  0  0 f8 f0 0a 04 08 001e 01 01
   30 2016 249 16 24 58 100 0      -3.91522608       0.00000000  0  0 f8 f0 0a 04 08 001e 01 01
   31 2016 249 16 24 59 100 0      -3.89560939       0.00000000  0  0 f8 f0 0a 04 08 001f 01 01
   31 2016 249 16 25 00 100 0      -3.87576047       0.00000000  0  0 f8 f0 0a 04 08 001f 01 01
   31 2016 249 16 25 01 100 0      -3.87922887       0.00000000  0  0 f8 f0 0a 04 08 001f 01 01
   31 2016 249 16 25 02 100 0      -3.85980271       0.00000000  0  0 f8 f0 0a 04 08 001f 01 01
   32 2016 249 16 25 07 000 0      -6.97250117       0.00000000  0  0 f8 f0 0a 04 08 0020 01 01
   32 2016 249 16 25 08 000 0      -6.93073582       0.00000000  0  0 f8 f0 0a 04 08 0020 01 01
   32 2016 249 16 25 09 000 0      -6.88869572       0.00000000  0  0 f8 f0 0a 04 08 0020 01 01
   32 2016 249 16 25 10 000 0      -6.84644377       0.00000000  0  0 f8 f0 0a 04 08 0020 01 01
   32 2016 249 16 25 11 000 0      -6.80390122       0.00000000  0  0 f8 f0 0a 04 08 0020 01 01
   32 2016 249 16 25 12 000 0      -6.76113297       0.00000000  0  0 f8 f0 0a 04 08 0020 01 01
   32 2016 249 16 25 13 000 0      -6.71811328       0.00000000  0  0 f8 f0 0a 04 08 0020 01 01
   32 2016 249 16 25 14 000 0      -6.67481099       0.00000000  0  0 f8 f0 0a 04 08 0020 01 01
   32 2016 249 16 25 15 000 0      -6.63127340       0.00000000  0  0 f8 f0 0a 04 08 0020 01 01
   32 2016 249 16 25 16 000 0      -6.58746306       0.00000000  0  0 f8 f0 0a 04 08 0020 01 01
   33 2016 249 16 25 17 000 0      -6.54340396       0.00000000  0  0 f8 f0 0a 04 08 0021 01 01
   33 2016 249 16 25 18 000 0      -6.49907172       0.00000000  0  0 f8 f0 0a 04 08 0021 01 01
   33 2016 249 16 25 19 000 0      -6.45452030       0.00000000  0  0 f8 f0 0a 04 08 0021 01 01
   33 2016 249 16 25 20 000 0      -6.40966175       0.00000000  0  0 f8 f0 0a 04 08 0021 01 01
   33 2016 249 16 25 21 000 0      -6.36452686       0.00000000  0  0 f8 f0 0a 04 08 0021 01 01
   33 2016 249 16 25 22 000 0      -6.31921024       0.00000000  0  0 f8 f0 0a 04 08 0021 01 01
   33 2016 249 16 25 23 000 0      -6.27361473       0.00000000  0  0 f8 f0 0a 04 08 0021 01 01
   33 2016 249 16 25 24 000 0      -6.22773303       0.00000000  0  0 f8 f0 0a 04 08 0021 01 01
   33 2016 249 16 25 25 000 0      -6.18159617       0.00000000  0  0 f8 f0 0a 04 08 0021 01 01
   33 2016 249 16 25 26 000 0      -6.13526318       0.00000000  0  0 f8 f0 0a 04 08 0021 01 01
   34 2016 249 16 25 27 000 0      -6.08858083       0.00000000  0  0 f8 f0 0a 04 08 0022 01 01
   34 2016 249 16 25 28 000 0      -6.04169196       0.00000000  0  0 f8 f0 0a 04 08 0022 01 01
   34 2016 249 16 25 29 000 0      -5.99452408       0.00000000  0  0 f8 f0 0a 04 08 0022 01 01
   34 2016 249 16 25 30 000 0      -5.94712196       0.00000000  0  0 f8 f0 0a 04 08 0022 01 01
   34 2016 249 16 25 31 000 0      -5.89945709       0.00000000  0  0 f8 f0 0a 04 08 0022 01 01
   34 2016 249 16 25 32 000 0      -5.85152467       0.00000000  0  0 f8 f0 0a 04 08 0022 01 01
   34 2016 249 16 25 33 000 0      -5.80334443       0.00000000  0  0 f8 f0 0a 04 08 0022 01 01
   34 2016 249 16 25 34 000 0      -5.75490823       0.00000000  0  0 f8 f0 0a 04 08 0022 01 01
   34 2016 249 16 25 35 000 0      -5.70620234       0.00000000  0  0 f8 f0 0a 04 08 0022 01 01
   34 2016 249 16 25 36 000 0      -5.65725703       0.00000000  0  0 f8 f0 0a 04 08 0022 01 01
   35 2016 249 16 25 37 000 0      -5.60803537       0.00000000  0  0 f8 f0 0a 04 08 0023 01 01
   35 2016 249 16 25 38 000 0      -5.55861385       0.00000000  0  0 f8 f0 0a 04 08 0023 01 01
   35 2016 249 16 25 39 000 0      -5.50888948       0.00000000  0  0 f8 f0 0a 04 08 0023 01 01
   35 2016 249 16 25 40 000 0      -5.45892660       0.00000000  0  0 f8 f0 0a 04 08 0023 01 01
   35 2016 249 16 25 41 000 0      -5.40868644       0.00000000  0  0 f8 f0 0a 04 08 0023 01 01
   35 2016 249 16 25 42 000 0      -5.35824110       0.00000000  0  0 f8 f0 0a 04 08 0023 01 01
   35 2016 249 16 25 43 000 0      -5.30755592       0.00000000  0  0 f8 f0 0a 04 08 0023 01 01
   35 2016 249 16 25 44 000 0      -5.25654444       0.00000000  0  0 f8 f0 0a 04 08 0023 01 01
   35 2016 249 16 25 45 000 0      -5.20534855       0.00000000  0  0 f8 f0 0a 04 08 0023 01 01
   35 2016 249 16 25 46 000 0      -5.15388217       0.00000000  0  0 f8 f0 0a 04 08 0023 01 01
   36 2016 249 16 25 47 000 0      -5.10217930       0.00000000  0  0 f8 f0 0a 04 08 0024 01 01
   36 2016 249 16 25 48 000 0      -5.05020075       0.00000000  0  0 f8 f0 0a 04 08 0024 01 01
   36 2016 249 16 25 49 000 0      -4.99798437       0.00000000  0  0 f8 f0 0a 04 08 0024 01 01
   36 2016 249 16 25 50 000 0      -4.94554400       0.00000000  0  0 f8 f0 0a 04 08 0024 01 01
   36 2016 249 16 25 51 000 0      -4.89286181       0.00000000  0  0 f8 f0 0a 04 08 0024 01 01
   36 2016 249 16 25 52 000 0      -4.83990101       0.00000000  0  0 f8 f0 0a 04 08 0024 01 01
   36 2016 249 16 25 53 000 0      -4.78675820       0.00000000  0  0 f8 f0 0a 04 08 0024 01 01
   36 2016 249 16 25 54 000 0      -4.73330094       0.00000000  0  0 f8 f0 0a 04 08 0024 01 01
   36 2016 249 16 25 55 000 0      -4.67966713       0.00000000  0  0 f8 f0 0a 04 08 0024 01 01
   36 2016 249 16 25 56 000 0      -4.62576285       0.00000000  0  0 f8 f0 0a 04 08 0024 01 01
   37 2016 249 16 25 57 000 0      -4.57166537       0.00000000  0  0 f8 f0 0a 04 08 0025 01 01
   37 2016 249 16 25 58 000 0      -4.51727289       0.00000000  0  0 f8 f0 0a 04 08 0025 01 01
   37 2016 249 16 25 59 000 0      -4.46269960       0.00000000  0  0 f8 f0 0a 04 08 0025 01 01
   37 2016 249 16 26 00 000 0      -4.40784545       0.00000000  0  0 f8 f0 0a 04 08 0025 01 01
   37 2016 249 16 26 01 000 0      -4.35283766       0.00000000  0  0 f8 f0 0a 04 08 0025 01 01
   37 2016 249 16 26 02 000 0      -4.29751423       0.00000000  0  0 f8 f0 0a 04 08 0025 01 01
   37 2016 249 16 26 03 000 0      -4.24201238       0.00000000  0  0 f8 f0 0a 04 08 0025 01 01
   37 2016 249 16 26 04 000 0      -4.18627510       0.00000000  0  0 f8 f0 0a 04 08 0025 01 01
   37 2016 249 16 26 05 000 0      -4.13033836       0.00000000  0  0 f8 f0 0a 04 08 0025 01 01
   37 2016 249 16 26 06 000 0      -4.07414499       0.00000000  0  0 f8 f0 0a 04 08 0025 01 01
   38 2016 249 16 26 07 000 0      -4.01774724       0.00000000  0  0 f8 f0 0a 04 08 0026 01 01
   38 2016 249 16 26 08 000 0      -3.96112710       0.00000000  0  0 f8 f0 0a 04 08 0026 01 01
   38 2016 249 16 26 09 000 0      -3.90428472       0.00000000  0  0 f8 f0 0a 04 08 0026 01 01
   38 2016 249 16 26 10 000 0      -3.84727565       0.00000000  0  0 f8 f0 0a 04 08 0026 01 01
   38 2016 249 16 26 11 000 0      -3.78999011       0.00000000  0  0 f8 f0 0a 04 08 0026 01 01
   38 2016 249 16 26 12 000 0      -3.73256107       0.00000000  0  0 f8 f0 0a 04 08 0026 01 01
   38 2016 249 16 26 13 000 0      -3.67484689       0.00000000  0  0 f8 f0 0a 04 08 0026 01 01
   38 2016 249 16 26 14 000 0      -3.61701040       0.00000000  0  0 f8 f0 0a 04 08 0026 01 01
   38 2016 249 16 26 15 000 0      -3.55892514       0.00000000  0  0 f8 f0 0a 04 08 0026 01 01
   38 2016 249 16 26 16 000 0      -3.50061418       0.00000000  0  0 f8 f0 0a 04 08 0026 01 01
   39 2016 249 16 26 17 000 0      -3.44212986       0.00000000  0  0 f8 f0 0a 04 08 0027 01 01
   39 2016 249 16 26 18 000 0      -3.38350751       0.00000000  0  0 f8 f0 0a 04 08 0027 01 01
   39 2016 249 16 26 19 000 0      -3.32461122       0.00000000  0  0 f8 f0 0a 04 08 0027 01 01
   39 2016 249 16 26 20 000 0      -3.26558262       0.00000000  0  0 f8 f0 0a 04 08 0027 01 01
   39 2016 249 16 26 21 000 0      -3.20632444       0.00000000  0  0 f8 f0 0a 04 08 0027 01 01
   39 2016 249 16 26 22 000 0      -3.14690744       0.00000000  0  0 f8 f0 0a 04 08 0027 01 01
   39 2016 249 16 26 23 000 0      -3.08729058       0.00000000  0  0 f8 f0 0a 04 08 0027 01 01
   39 2016 249 16 26 24 000 0      -3.02749318       0.00000000  0  0 f8 f0 0a 04 08 0027 01 01
   39 2016 249 16 26 25 000 0      -2.96752909       0.00000000  0  0 f8 f0 0a 04 08 0027 01 01
   39 2016 249 16 26 26 000 0      -2.90741937       0.00000000  0  0 f8 f0 0a 04 08 0027 01 01
   40 2016 249 16 26 27 000 0      -2.84708927       0.00000000  0  0 f8 f0 0a 04 08 0028 01 01
   40 2016 249 16 26 28 000 0      -2.78659781       0.00000000  0  0 f8 f0 0a 04 08 0028 01 01
   40 2016 249 16 26 29 000 0      -2.72594580       0.00000000  0  0 f8 f0 0a 04 08 0028 01 01
   40 2016 249 16 26 30 000 0      -2.66514722       0.00000000  0  0 f8 f0 0a 04 08 0028 01 01
   40 2016 249 16 26 31 000 0      -2.60417663       0.00000000  0  0 f8 f0 0a 04 08 0028 01 01
   40 2016 249 16 26 32 000 0      -2.54306454       0.00000000  0  0 f8 f0 0a 04 08 0028 01 01
   40 2016 249 16 26 33 000 0      -2.48181294       0.00000000  0  0 f8 f0 0a 04 08 0028 01 01
   40 2016 249 16 26 34 000 0      -2.42038693       0.00000000  0  0 f8 f0 0a 04 08 0028 01 01
   40 2016 249 16 26 35 000 0      -2.35878425       0.00000000  0  0 f8 f0 0a 04 08 0028 01 01
   40 2016 249 16 26 36 000 0      -2.29712094       0.00000000  0  0 f8 f0 0a 04 08 0028 01 01
   41 2016 249 16 26 37 000 0      -2.23525603       0.00000000  0  0 f8 f0 0a 04 08 0029 01 01
   41 2016 249 16 26 38 000 0      -2.17326281       0.00000000  0  0 f8 f0 0a 04 08 0029 01 01
   41 2016 249 16 26 39 000 0      -2.11108839       0.00000000  0  0 f8 f0 0a 04 08 0029 01 01
   41 2016 249 16 26 40 000 0      -2.04883882       0.00000000  0  0 f8 f0 0a 04 08 0029 01 01
   41 2016 249 16 26 41 000 0      -1.98646373       0.00000000  0  0 f8 f0 0a 04 08 0029 01 01
   41 2016 249 16 26 42 000 0      -1.92396273       0.00000000  0  0 f8 f0 0a 04 08 0029 01 01
   41 2016 249 16 26 43 000 0      -1.86133502       0.00000000  0  0 f8 f0 0a 04 08 0029 01 01
   41 2016 249 16 26 44 000 0      -1.79860872       0.00000000  0  0 f8 f0 0a 04 08 0029 01 01
   41 2016 249 16 26 45 000 0      -1.73580526       0.00000000  0  0 f8 f0 0a 04 08 0029 01 01
   41 2016 249 16 26 46 000 0      -1.67281394       0.00000000  0  0 f8 f0 0a 04 08 0029 01 01
   42 2016 249 16 26 47 000 0      -1.60974879       0.00000000  0  0 f8 f0 0a 04 08 002a 01 01
   42 2016 249 16 26 48 000 0      -1.54657706       0.00000000  0  0 f8 f0 0a 04 08 002a 01 01
   42 2016 249 16 26 49 000 0      -1.48331645       0.00000000  0  0 f8 f0 0a 04 08 002a 01 01
   42 2016 249 16 26 50 000 0      -1.41992914       0.00000000  0  0 f8 f0 0a 04 08 002a 01 01
   42 2016 249 16 26 51 000 0      -1.35649132       0.00000000  0  0 f8 f0 0a 04 08 002a 01 01
   42 2016 249 16 26 52 000 0      -1.29296490       0.00000000  0  0 f8 f0 0a 04 08 002a 01 01
   42 2016 249 16 26 53 000 0      -1.22936480       0.00000000  0  0 f8 f0 0a 04 08 002a 01 01
   42 2016 249 16 26 54 000 0      -1.16566902       0.00000000  0  0 f8 f0 0a 04 08 002a 01 01
   42 2016 249 16 26 55 000 0      -1.10189557       0.00000000  0  0 f8 f0 0a 04 08 002a 01 01
   42 2016 249 16 26 56 000 0      -1.03806550       0.00000000  0  0 f8 f0 0a 04 08 002a 01 01
   43 2016 249 16 26 57 000 0      -0.97413016       0.00000000  0  0 f8 f0 0a 04 08 002b 01 01
   43 2016 249 16 26 58 000 0      -0.91017337       0.00000000  0  0 f8 f0 0a 04 08 002b 01 01
   43 2016 249 16 26 59 000 0      -0.84614662       0.00000000  0  0 f8 f0 0a 04 08 002b 01 01
   43 2016 249 16 27 00 000 0      -0.78204740       0.00000000  0  0 f8 f0 0a 04 08 002b 01 01
   43 2016 249 16 27 01 000 0      -0.71788782       0.00000000  0  0 f8 f0 0a 04 08 002b 01 01
   43 2016 249 16 27 02 000 0      -0.65371811       0.00000000  0  0 f8 f0 0a 04 08 002b 01 01
   43 2016 249 16 27 03 000 0      -0.58947685       0.00000000  0  0 f8 f0 0a 04 08 002b 01 01
   43 2016 249 16 27 04 000 0      -0.52524385       0.00000000  0  0 f8 f0 0a 04 08 002b 01 01
   43 2016 249 16 27 05 000 0      -0.46092624       0.00000000  0  0 f8 f0 0a 04 08 002b 01 01
   43 2016 249 16 27 06 000 0      -0.39660384       0.00000000  0  0 f8 f0 0a 04 08 002b 01 01
   44 2016 249 16 27 07 000 0      -0.33222560       0.00000000  0  0 f8 f0 0a 04 08 002c 01 01
   44 2016 249 16 27 08 000 0      -0.26784098       0.00000000  0  0 f8 f0 0a 04 08 002c 01 01
   44 2016 249 16 27 09 000 0      -0.20346434       0.00000000  0  0 f8 f0 0a 04 08 002c 01 01
   44 2016 249 16 27 10 000 0      -0.13904521       0.00000000  0  0 f8 f0 0a 04 08 002c 01 01
   44 2016 249 16 27 11 000 0      -0.07463260       0.00000000  0  0 f8 f0 0a 04 08 002c 01 01
   44 2016 249 16 27 12 000 0      -0.01019987       0.00000000  0  0 f8 f0 0a 04 08 002c 01 01
   44 2016 249 16 27 13 000 0       0.05425497       0.00000000  0  0 f8 f0 0a 04 08 002c 01 01
   44 2016 249 16 27 14 000 0       0.11866185       0.00000000  0  0 f8 f0 0a 04 08 002c 01 01
   44 2016 249 16 27 15 000 0       0.18311923       0.00000000  0  0 f8 f0 0a 04 08 002c 01 01
   44 2016 249 16 27 16 000 0       0.24751398       0.00000000  0  0 f8 f0 0a 04 08 002c 01 01
   45 2016 249 16 27 17 000 0       0.31190954       0.00000000  0  0 f8 f0 0a 04 08 002d 01 01
   45 2016 249 16 27 18 000 0       0.37632508       0.00000000  0  0 f8 f0 0a 04 08 002d 01 01
   45 2016 249 16 27 19 000 0       0.44070198       0.00000000  0  0 f8 f0 0a 04 08 002d 01 01
   45 2016 249 16 27 20 000 0       0.50501638       0.00000000  0  0 f8 f0 0a 04 08 002d 01 01
   45 2016 249 16 27 21 000 0       0.56932147       0.00000000  0  0 f8 f0 0a 04 08 002d 01 01
   45 2016 249 16 27 22 000 0       0.63356526       0.00000000  0  0 f8 f0 0a 04 08 002d 01 01
   45 2016 249 16 27 23 000 0       0.69781651       0.00000000  0  0 f8 f0 0a 04 08 002d 01 01
   45 2016 249 16 27 24 000 0       0.76201060       0.00000000  0  0 f8 f0 0a 04 08 002d 01 01
   45 2016 249 16 27 25 000 0       0.82612222       0.00000000  0  0 f8 f0 0a 04 08 002d 01 01
   45 2016 249 16 27 26 000 0       0.89023344       0.00000000  0  0 f8 f0 0a 04 08 002d 01 01
   46 2016 249 16 27 27 000 0       0.95424979       0.00000000  0  0 f8 f0 0a 04 08 002e 01 01
   46 2016 249 16 27 28 000 0       1.01825947       0.00000000  0  0 f8 f0 0a 04 08 002e 01 01
   46 2016 249 16 27 29 000 0       1.08217003       0.00000000  0  0 f8 f0 0a 04 08 002e 01 01
   46 2016 249 16 27 30 000 0       1.14600664       0.00000000  0  0 f8 f0 0a 04 08 002e 01 01
   46 2016 249 16 27 31 000 0       1.20978475       0.00000000  0  0 f8 f0 0a 04 08 002e 01 01
   46 2016 249 16 27 32 000 0       1.27348998       0.00000000  0  0 f8 f0 0a 04 08 002e 01 01
   46 2016 249 16 27 33 000 0       1.33710034       0.00000000  0  0 f8 f0 0a 04 08 002e 01 01
   46 2016 249 16 27 34 000 0       1.40066767       0.00000000  0  0 f8 f0 0a 04 08 002e 01 01
   46 2016 249 16 27 35 000 0       1.46414519       0.00000000  0  0 f8 f0 0a 04 08 002e 01 01
   46 2016 249 16 27 36 000 0       1.52747508       0.00000000  0  0 f8 f0 0a 04 08 002e 01 01
   47 2016 249 16 27 37 000 0       1.59077953       0.00000000  0  0 f8 f0 0a 04 08 002f 01 01
   47 2016 249 16 27 38 000 0       1.65393274       0.00000000  0  0 f8 f0 0a 04 08 002f 01 01
   47 2016 249 16 27 39 000 0       1.71701560       0.00000000  0  0 f8 f0 0a 04 08 002f 01 01
   47 2016 249 16 27 40 000 0       1.77997375       0.00000000  0  0 f8 f0 0a 04 08 002f 01 01
   47 2016 249 16 27 41 000 0       1.84284636       0.00000000  0  0 f8 f0 0a 04 08 002f 01 01
   47 2016 249 16 27 42 000 0       1.90561211       0.00000000  0  0 f8 f0 0a 04 08 002f 01 01
   47 2016 249 16 27 43 000 0       1.96824448       0.00000000  0  0 f8 f0 0a 04 08 002f 01 01
   47 2016 249 16 27 44 000 0       2.03075893       0.00000000  0  0 f8 f0 0a 04 08 002f 01 01
   47 2016 249 16 27 45 000 0       2.09313415       0.00000000  0  0 f8 f0 0a 04 08 002f 01 01
   47 2016 249 16 27 46 000 0       2.15543143       0.00000000  0  0 f8 f0 0a 04 08 002f 01 01
   48 2016 249 16 27 47 000 0       2.21756241       0.00000000  0  0 f8 f0 0a 04 08 0030 01 01
   48 2016 249 16 27 48 000 0       2.27959374       0.00000000  0  0 f8 f0 0a 04 08 0030 01 01
   48 2016 249 16 27 49 000 0       2.34144745       0.00000000  0  0 f8 f0 0a 04 08 0030 01 01
   48 2016 249 16 27 50 000 0       2.40316859       0.00000000  0  0 f8 f0 0a 04 08 0030 01 01
   48 2016 249 16 27 51 000 0       2.46478500       0.00000000  0  0 f8 f0 0a 04 08 0030 01 01
   48 2016 249 16 27 52 000 0       2.52619848       0.00000000  0  0 f8 f0 0a 04 08 0030 01 01
   48 2016 249 16 27 53 000 0       2.58748699       0.00000000  0  0 f8 f0 0a 04 08 0030 01 01
   48 2016 249 16 27 54 000 0       2.64866010       0.00000000  0  0 f8 f0 0a 04 08 0030 01 01
   48 2016 249 16 27 55 000 0       2.70961577       0.00000000  0  0 f8 f0 0a 04 08 0030 01 01
   48 2016 249 16 27 56 000 0       2.77044819       0.00000000  0  0 f8 f0 0a 04 08 0030 01 01
   49 2016 249 16 27 57 000 0       2.83113844       0.00000000  0  0 f8 f0 0a 04 08 0031 01 01
   49 2016 249 16 27 58 000 0       2.89161631       0.00000000  0  0 f8 f0 0a 04 08 0031 01 01
   49 2016 249 16 27 59 000 0       2.95195680       0.00000000  0  0 f8 f0 0a 04 08 0031 01 01
   49 2016 249 16 28 00 000 0       3.01210503       0.00000000  0  0 f8 f0 0a 04 08 0031 01 01
   49 2016 249 16 28 01 000 0       3.07207445       0.00000000  0  0 f8 f0 0a 04 08 0031 01 01
   49 2016 249 16 28 02 000 0       3.13190862       0.00000000  0  0 f8 f0 0a 04 08 0031 01 01
   49 2016 249 16 28 03 000 0       3.19151083       0.00000000  0  0 f8 f0 0a 04 08 0031 01 01
   49 2016 249 16 28 04 000 0       3.25095488       0.00000000  0  0 f8 f0 0a 04 08 0031 01 01
   49 2016 249 16 28 05 000 0       3.31026169       0.00000000  0  0 f8 f0 0a 04 08 0031 01 01
   49 2016 249 16 28 06 000 0       3.36937410       0.00000000  0  0 f8 f0 0a 04 08 0031 01 01
   50 2016 249 16 28 07 000 0       3.42825134       0.00000000  0  0 f8 f0 0a 04 08 0032 01 01
   50 2016 249 16 28 08 000 0       3.48693285       0.00000000  0  0 f8 f0 0a 04 08 0032 01 01
   50 2016 249 16 28 09 000 0       3.54541716       0.00000000  0  0 f8 f0 0a 04 08 0032 01 01
   50 2016 249 16 28 10 000 0       3.60376343       0.00000000  0  0 f8 f0 0a 04 08 0032 01 01
   50 2016 249 16 28 11 000 0       3.66187267       0.00000000  0  0 f8 f0 0a 04 08 0032 01 01
   50 2016 249 16 28 12 000 0       3.71972742       0.00000000  0  0 f8 f0 0a 04 08 0032 01 01
   50 2016 249 16 28 13 000 0       3.77745719       0.00000000  0  0 f8 f0 0a 04 08 0032 01 01
   50 2016 249 16 28 14 000 0       3.83493700       0.00000000  0  0 f8 f0 0a 04 08 0032 01 01
   50 2016 249 16 28 15 000 0       3.89224186       0.00000000  0  0 f8 f0 0a 04 08 0032 01 01
   50 2016 249 16 28 16 000 0       3.94931901       0.00000000  0  0 f8 f0 0a 04 08 0032 01 01
   51 2016 249 16 28 17 000 0       4.00619910       0.00000000  0  0 f8 f0 0a 04 08 0033 01 01
   51 2016 249 16 28 18 000 0       4.06285081       0.00000000  0  0 f8 f0 0a 04 08 0033 01 01
   51 2016 249 16 28 19 000 0       4.11927295       0.00000000  0  0 f8 f0 0a 04 08 0033 01 01
   51 2016 249 16 28 20 000 0       4.17549963       0.00000000  0  0 f8 f0 0a 04 08 0033 01 01
   51 2016 249 16 28 21 000 0       4.23146955       0.00000000  0  0 f8 f0 0a 04 08 0033 01 01
   51 2016 249 16 28 22 000 0       4.28719710       0.00000000  0  0 f8 f0 0a 04 08 0033 01 01
   51 2016 249 16 28 23 000 0       4.34280541       0.00000000  0  0 f8 f0 0a 04 08 0033 01 01
   51 2016 249 16 28 24 000 0       4.39810672       0.00000000  0  0 f8 f0 0a 04 08 0033 01 01
   51 2016 249 16 28 25 000 0       4.45321750       0.00000000  0  0 f8 f0 0a 04 08 0033 01 01
   51 2016 249 16 28 26 000 0       4.50811336       0.00000000  0  0 f8 f0 0a 04 08 0033 01 01
   52 2016 249 16 28 27 000 0       4.56271050       0.00000000  0  0 f8 f0 0a 04 08 0034 01 01
   52 2016 249 16 28 28 000 0       4.61712283       0.00000000  0  0 f8 f0 0a 04 08 0034 01 01
   52 2016 249 16 28 29 000 0       4.67129000       0.00000000  0  0 f8 f0 0a 04 08 0034 01 01
   52 2016 249 16 28 30 000 0       4.72521680       0.00000000  0  0 f8 f0 0a 04 08 0034 01 01
   52 2016 249 16 28 31 000 0       4.77890723       0.00000000  0  0 f8 f0 0a 04 08 0034 01 01
   52 2016 249 16 28 32 000 0       4.83236862       0.00000000  0  0 f8 f0 0a 04 08 0034 01 01
   52 2016 249 16 28 33 000 0       4.88563121       0.00000000  0  0 f8 f0 0a 04 08 0034 01 01
   52 2016 249 16 28 34 000 0       4.93860134       0.00000000  0  0 f8 f0 0a 04 08 0034 01 01
   52 2016 249 16 28 35 000 0       4.99131685       0.00000000  0  0 f8 f0 0a 04 08 0034 01 01
   52 2016 249 16 28 36 000 0       5.04380971       0.00000000  0  0 f8 f0 0a 04 08 0034 01 01
   53 2016 249 16 28 37 000 0       5.09607100       0.00000000  0  0 f8 f0 0a 04 08 0035 01 01
   53 2016 249 16 28 38 000 0       5.14808286       0.00000000  0  0 f8 f0 0a 04 08 0035 01 01
   53 2016 249 16 28 39 000 0       5.19983250       0.00000000  0  0 f8 f0 0a 04 08 0035 01 01
   53 2016 249 16 28 40 000 0       5.25136815       0.00000000  0  0 f8 f0 0a 04 08 0035 01 01
   53 2016 249 16 28 41 000 0       5.30265398       0.00000000  0  0 f8 f0 0a 04 08 0035 01 01
   53 2016 249 16 28 42 000 0       5.35364522       0.00000000  0  0 f8 f0 0a 04 08 0035 01 01
   53 2016 249 16 28 43 000 0       5.40443512       0.00000000  0  0 f8 f0 0a 04 08 0035 01 01
   53 2016 249 16 28 44 000 0       5.45495481       0.00000000  0  0 f8 f0 0a 04 08 0035 01 01
   53 2016 249 16 28 45 000 0       5.50521589       0.00000000  0  0 f8 f0 0a 04 08 0035 01 01
   53 2016 249 16 28 46 000 0       5.55524738       0.00000000  0  0 f8 f0 0a 04 08 0035 01 01
   54 2016 249 16 28 47 000 0       5.60502279       0.00000000  0  0 f8 f0 0a 04 08 0036 01 01
   54 2016 249 16 28 48 000 0       5.65452599       0.00000000  0  0 f8 f0 0a 04 08 0036 01 01
   54 2016 249 16 28 49 000 0       5.70381067       0.00000000  0  0 f8 f0 0a 04 08 0036 01 01
   54 2016 249 16 28 50 000 0       5.75278929       0.00000000  0  0 f8 f0 0a 04 08 0036 01 01
   54 2016 249 16 28 51 000 0       5.80156273       0.00000000  0  0 f8 f0 0a 04 08 0036 01 01
   54 2016 249 16 28 52 000 0       5.85006875       0.00000000  0  0 f8 f0 0a 04 08 0036 01 01
   54 2016 249 16 28 53 000 0       5.89828590       0.00000000  0  0 f8 f0 0a 04 08 0036 01 01
   54 2016 249 16 28 54 000 0       5.94629853       0.00000000  0  0 f8 f0 0a 04 08 0036 01 01
   54 2016 249 16 28 55 000 0       5.99402322       0.00000000  0  0 f8 f0 0a 04 08 0036 01 01
   54 2016 249 16 28 56 000 0       6.04151275       0.00000000  0  0 f8 f0 0a 04 08 0036 01 01
   55 2016 249 16 28 57 000 0       6.08872753       0.00000000  0  0 f8 f0 0a 04 08 0037 01 01
   55 2016 249 16 28 58 000 0       6.13567783       0.00000000  0  0 f8 f0 0a 04 08 0037 01 01
   55 2016 249 16 28 59 000 0       6.18237310       0.00000000  0  0 f8 f0 0a 04 08 0037 01 01
   55 2016 249 16 29 00 000 0       6.22883933       0.00000000  0  0 f8 f0 0a 04 08 0037 01 01
   55 2016 249 16 29 01 000 0       6.27504588       0.00000000  0  0 f8 f0 0a 04 08 0037 01 01
   55 2016 249 16 29 02 000 0       6.32098807       0.00000000  0  0 f8 f0 0a 04 08 0037 01 01
   55 2016 249 16 29 03 000 0       6.36665952       0.00000000  0  0 f8 f0 0a 04 08 0037 01 01
   55 2016 249 16 29 04 000 0       6.41211245       0.00000000  0  0 f8 f0 0a 04 08 0037 01 01
   55 2016 249 16 29 05 000 0       6.45725520       0.00000000  0  0 f8 f0 0a 04 08 0037 01 01
   55 2016 249 16 29 06 000 0       6.50215905       0.00000000  0  0 f8 f0 0a 04 08 0037 01 01
   56 2016 249 16 29 07 000 0       6.54680361       0.00000000  0  0 f8 f0 0a 04 08 0038 01 01
   56 2016 249 16 29 08 000 0       6.59120727       0.00000000  0  0 f8 f0 0a 04 08 0038 01 01
   56 2016 249 16 29 09 000 0       6.63537256       0.00000000  0  0 f8 f0 0a 04 08 0038 01 01
   56 2016 249 16 29 10 000 0       6.67925831       0.00000000  0  0 f8 f0 0a 04 08 0038 01 01
   56 2016 249 16 29 11 000 0       6.72286719       0.00000000  0  0 f8 f0 0a 04 08 0038 01 01
   56 2016 249 16 29 12 000 0       6.76622624       0.00000000  0  0 f8 f0 0a 04 08 0038 01 01
   56 2016 249 16 29 13 000 0       6.80935625       0.00000000  0  0 f8 f0 0a 04 08 0038 01 01
   56 2016 249 16 29 14 000 0       6.85223017       0.00000000  0  0 f8 f0 0a 04 08 0038 01 01
   56 2016 249 16 29 15 000 0       6.89482628       0.00000000  0  0 f8 f0 0a 04 08 0038 01 01
   56 2016 249 16 29 16 000 0       6.93718855       0.00000000  0  0 f8 f0 0a 04 08 0038 01 01
   57 2016 249 16 29 17 000 0       6.97928807       0.00000000  0  0 f8 f0 0a 04 08 0039 01 01
   57 2016 249 16 29 18 000 0       7.02111791       0.00000000  0  0 f8 f0 0a 04 08 0039 01 01
   57 2016 249 16 29 19 000 0       7.06270486       0.00000000  0  0 f8 f0 0a 04 08 0039 01 01
   57 2016 249 16 29 20 000 0       7.10407089       0.00000000  0  0 f8 f0 0a 04 08 0039 01 01
   57 2016 249 16 29 21 000 0       7.14512846       0.00000000  0  0 f8 f0 0a 04 08 0039 01 01
   57 2016 249 16 29 22 000 0       7.18598245       0.00000000  0  0 f8 f0 0a 04 08 0039 01 01
   57 2016 249 16 29 23 000 0       7.22653611       0.00000000  0  0 f8 f0 0a 04 08 0039 01 01
   57 2016 249 16 29 24 000 0       7.26691868       0.00000000  0  0 f8 f0 0a 04 08 0039 01 01
   57 2016 249 16 29 25 000 0       7.30699454       0.00000000  0  0 f8 f0 0a 04 08 0039 01 01
   57 2016 249 16 29 26 000 0       7.34683043       0.00000000  0  0 f8 f0 0a 04 08 0039 01 01
   58 2016 249 16 29 27 000 0       7.38641769       0.00000000  0  0 f8 f0 0a 04 08 003a 01 01
   58 2016 249 16 29 28 000 0       7.42577951       0.00000000  0  0 f8 f0 0a 04 08 003a 01 01
   58 2016 249 16 29 29 000 0       7.46486445       0.00000000  0  0 f8 f0 0a 04 08 003a 01 01
   58 2016 249 16 29 30 000 0       7.50372142       0.00000000  0  0 f8 f0 0a 04 08 003a 01 01
   58 2016 249 16 29 31 000 0       7.54230404       0.00000000  0  0 f8 f0 0a 04 08 003a 01 01
   58 2016 249 16 29 32 000 0       7.58067694       0.00000000  0  0 f8 f0 0a 04 08 003a 01 01
   58 2016 249 16 29 33 000 0       7.61876777       0.00000000  0  0 f8 f0 0a 04 08 003a 01 01
   58 2016 249 16 29 34 000 0       7.65663316       0.00000000  0  0 f8 f0 0a 04 08 003a 01 01
   58 2016 249 16 29 35 000 0       7.69425245       0.00000000  0  0 f8 f0 0a 04 08 003a 01 01
   58 2016 249 16 29 36 000 0       7.73165415       0.00000000  0  0 f8 f0 0a 04 08 003a 01 01
   59 2016 249 16 29 37 000 0       7.76878112       0.00000000  0  0 f8 f0 0a 04 08 003b 01 01
   59 2016 249 16 29 38 000 0       7.80572581       0.00000000  0  0 f8 f0 0a 04 08 003b 01 01
   59 2016 249 16 29 39 000 0       7.84235365       0.00000000  0  0 f8 f0 0a 04 08 003b 01 01
   59 2016 249 16 29 40 000 0       7.87878416       0.00000000  0  0 f8 f0 0a 04 08 003b 01 01
   59 2016 249 16 29 41 000 0       7.91496485       0.00000000  0  0 f8 f0 0a 04 08 003b 01 01
   59 2016 249 16 29 42 000 0       7.95092582       0.00000000  0  0 f8 f0 0a 04 08 003b 01 01
   59 2016 249 16 29 43 000 0       7.98661152       0.00000000  0  0 f8 f0 0a 04 08 003b 01 01
   59 2016 249 16 29 44 000 0       8.02210628       0.00000000  0  0 f8 f0 0a 04 08 003b 01 01
   59 2016 249 16 29 45 000 0       8.05736627       0.00000000  0  0 f8 f0 0a 04 08 003b 01 01
   59 2016 249 16 29 46 000 0       8.09236910       0.00000000  0  0 f8 f0 0a 04 08 003b 01 01
   60 2016 249 16 29 47 000 0       8.12714396       0.00000000  0  0 f8 f0 0a 04 08 003c 01 01
   60 2016 249 16 29 48 000 0       8.16169964       0.00000000  0  0 f8 f0 0a 04 08 003c 01 01
   60 2016 249 16 29 49 000 0       8.19602028       0.00000000  0  0 f8 f0 0a 04 08 003c 01 01
   60 2016 249 16 29 50 000 0       8.23010082       0.00000000  0  0 f8 f0 0a 04 08 003c 01 01
   60 2016 249 16 29 51 000 0       8.26398150       0.00000000  0  0 f8 f0 0a 04 08 003c 01 01
   60 2016 249 16 29 52 000 0       8.29759210       0.00000000  0  0 f8 f0 0a 04 08 003c 01 01
   60 2016 249 16 29 53 000 0       8.33099297       0.00000000  0  0 f8 f0 0a 04 08 003c 01 01
   60 2016 249 16 29 54 000 0       8.36421997       0.00000000  0  0 f8 f0 0a 04 08 003c 01 01
   60 2016 249 16 29 55 000 0       8.39713145       0.00000000  0  0 f8 f0 0a 04 08 003c 01 01
   60 2016 249 16 29 56 000 0       8.42988598       0.00000000  0  0 f8 f0 0a 04 08 003c 01 01
   61 2016 249 16 29 57 000 0       8.46238162       0.00000000  0  0 f8 f0 0a 04 08 003d 01 01
   61 2016 249 16 29 58 000 0       8.49469724       0.00000000  0  0 f8 f0 0a 04 08 003d 01 01
   61 2016 249 16 29 59 000 0       8.52678703       0.00000000  0  0 f8 f0 0a 04 08 003d 01 01
   61 2016 249 16 30 00 000 0       8.55861499       0.00000000  0  0 f8 f0 0a 04 08 003d 01 01
   61 2016 249 16 30 01 000 0       8.59024523       0.00000000  0  0 f8 f0 0a 04 08 003d 01 01
   61 2016 249 16 30 02 000 0       8.62166881       0.00000000  0  0 f8 f0 0a 04 08 003d 01 01
   61 2016 249 16 30 03 000 0       8.65286535       0.00000000  0  0 f8 f0 0a 04 08 003d 01 01
   61 2016 249 16 30 04 000 0       8.68384497       0.00000000  0  0 f8 f0 0a 04 08 003d 01 01
   61 2016 249 16 30 05 000 0       8.71461686       0.00000000  0  0 f8 f0 0a 04 08 003d 01 01
   61 2016 249 16 30 06 000 0       8.74520302       0.00000000  0  0 f8 f0 0a 04 08 003d 01 01
   62 2016 249 16 30 07 000 0       8.77556640       0.00000000  0  0 f8 f0 0a 04 08 003e 01 01
   62 2016 249 16 30 08 000 0       8.80569861       0.00000000  0  0 f8 f0 0a 04 08 003e 01 01
   62 2016 249 16 30 09 000 0       8.83558525       0.00000000  0  0 f8 f0 0a 04 08 003e 01 01
   62 2016 249 16 30 10 000 0       8.86533759       0.00000000  0  0 f8 f0 0a 04 08 003e 01 01
   62 2016 249 16 30 11 000 0       8.89486301       0.00000000  0  0 f8 f0 0a 04 08 003e 01 01
   62 2016 249 16 30 12 000 0       8.92419271       0.00000000  0  0 f8 f0 0a 04 08 003e 01 01
   62 2016 249 16 30 13 000 0       8.95327777       0.00000000  0  0 f8 f0 0a 04 08 003e 01 01
   62 2016 249 16 30 14 000 0       8.98221081       0.00000000  0  0 f8 f0 0a 04 08 003e 01 01
   62 2016 249 16 30 15 000 0       9.01089615       0.00000000  0  0 f8 f0 0a 04 08 003e 01 01
   62 2016 249 16 30 16 000 0       9.03939935       0.00000000  0  0 f8 f0 0a 04 08 003e 01 01
   63 2016 249 16 30 17 000 0       9.06772241       0.00000000  0  0 f8 f0 0a 04 08 003f 01 01
   63 2016 249 16 30 18 000 0       9.09581550       0.00000000  0  0 f8 f0 0a 04 08 003f 01 01
   63 2016 249 16 30 19 000 0       9.12372538       0.00000000  0  0 f8 f0 0a 04 08 003f 01 01
   63 2016 249 16 30 20 000 0       9.15140728       0.00000000  0  0 f8 f0 0a 04 08 003f 01 01
   63 2016 249 16 30 21 000 0       9.17891943       0.00000000  0  0 f8 f0 0a 04 08 003f 01 01
   63 2016 249 16 30 22 000 0       9.20623492       0.00000000  0  0 f8 f0 0a 04 08 003f 01 01
   63 2016 249 16 30 23 000 0       9.23337760       0.00000000  0  0 f8 f0 0a 04 08 003f 01 01
   63 2016 249 16 30 24 000 0       9.26031002       0.00000000  0  0 f8 f0 0a 04 08 003f 01 01
   63 2016 249 16 30 25 000 0       9.28706537       0.00000000  0  0 f8 f0 0a 04 08 003f 01 01
   63 2016 249 16 30 26 000 0       9.31362311       0.00000000  0  0 f8 f0 0a 04 08 003f 01 01
   64 2016 249 16 30 27 000 0       9.33996208       0.00000000  0  0 f8 f0 0a 04 08 0040 01 01
   64 2016 249 16 30 28 000 0       9.36617007       0.00000000  0  0 f8 f0 0a 04 08 0040 01 01
   64 2016 249 16 30 29 000 0       9.39213223       0.00000000  0  0 f8 f0 0a 04 08 0040 01 01
   64 2016 249 16 30 30 000 0       9.41795289       0.00000000  0  0 f8 f0 0a 04 08 0040 01 01
   64 2016 249 16 30 31 000 0       9.44357995       0.00000000  0  0 f8 f0 0a 04 08 0040 01 01
   64 2016 249 16 30 32 000 0       9.46901860       0.00000000  0  0 f8 f0 0a 04 08 0040 01 01
   64 2016 249 16 30 33 000 0       9.49428444       0.00000000  0  0 f8 f0 0a 04 08 0040 01 01
   64 2016 249 16 30 34 000 0       9.51938373       0.00000000  0  0 f8 f0 0a 04 08 0040 01 01
   64 2016 249 16 30 35 000 0       9.54425825       0.00000000  0  0 f8 f0 0a 04 08 0040 01 01
   64 2016 249 16 30 36 000 0       9.56900258       0.00000000  0  0 f8 f0 0a 04 08 0040 01 01
   65 2016 249 16 30 37 000 0       9.59355226       0.00000000  0  0 f8 f0 0a 04 08 0041 01 01
   65 2016 249 16 30 38 000 0       9.61789154       0.00000000  0  0 f8 f0 0a 04 08 0041 01 01
   65 2016 249 16 30 39 000 0       9.64209145       0.00000000  0  0 f8 f0 0a 04 08 0041 01 01
   65 2016 249 16 30 40 000 0       9.66610816       0.00000000  0  0 f8 f0 0a 04 08 0041 01 01
   65 2016 249 16 30 41 000 0       9.68999069       0.00000000  0  0 f8 f0 0a 04 08 0041 01 01
   65 2016 249 16 30 42 000 0       9.71359928       0.00000000  0  0 f8 f0 0a 04 08 0041 01 01
   65 2016 249 16 30 43 000 0       9.73714858       0.00000000  0  0 f8 f0 0a 04 08 0041 01 01
   65 2016 249 16 30 44 000 0       9.76047310       0.00000000  0  0 f8 f0 0a 04 08 0041 01 01
   65 2016 249 16 30 45 000 0       9.78364146       0.00000000  0  0 f8 f0 0a 04 08 0041 01 01
   65 2016 249 16 30 46 000 0       9.80663074       0.00000000  0  0 f8 f0 0a 04 08 0041 01 01
   66 2016 249 16 30 47 000 0       9.82946081       0.00000000  0  0 f8 f0 0a 04 08 0042 01 01
   66 2016 249 16 30 48 000 0       9.85212845       0.00000000  0  0 f8 f0 0a 04 08 0042 01 01
   66 2016 249 16 30 49 000 0       9.87463260       0.00000000  0  0 f8 f0 0a 04 08 0042 01 01
   66 2016 249 16 30 50 000 0       9.89696301       0.00000000  0  0 f8 f0 0a 04 08 0042 01 01
   66 2016 249 16 30 51 000 0       9.91918203       0.00000000  0  0 f8 f0 0a 04 08 0042 01 01
   66 2016 249 16 30 52 000 0       9.94118546       0.00000000  0  0 f8 f0 0a 04 08 0042 01 01
   66 2016 249 16 30 53 000 0       9.96306311       0.00000000  0  0 f8 f0 0a 04 08 0042 01 01
   66 2016 249 16 30 54 000 0       9.98471892       0.00000000  0  0 f8 f0 0a 04 08 0042 01 01
   66 2016 249 16 30 55 000 0      10.00626960       0.00000000  0  0 f8 f0 0a 04 08 0042 01 01
   66 2016 249 16 30 56 000 0      10.02769224       0.00000000  0  0 f8 f0 0a 04 08 0042 01 01
   67 2016 249 16 30 57 000 0      10.04888703       0.00000000  0  0 f8 f0 0a 04 08 0043 01 01
   67 2016 249 16 30 58 000 0      10.06997857       0.00000000  0  0 f8 f0 0a 04 08 0043 01 01
   67 2016 249 16 30 59 000 0      10.09090888       0.00000000  0  0 f8 f0 0a 04 08 0043 01 01
   67 2016 249 16 31 00 000 0      10.11168623       0.00000000  0  0 f8 f0 0a 04 08 0043 01 01
   67 2016 249 16 31 01 000 0      10.13228756       0.00000000  0  0 f8 f0 0a 04 08 0043 01 01
   67 2016 249 16 31 02 000 0      10.15276605       0.00000000  0  0 f8 f0 0a 04 08 0043 01 01
   67 2016 249 16 31 03 000 0      10.17308532       0.00000000  0  0 f8 f0 0a 04 08 0043 01 01
   67 2016 249 16 31 04 000 0      10.19326615       0.00000000  0  0 f8 f0 0a 04 08 0043 01 01
   67 2016 249 16 31 05 000 0      10.21328469       0.00000000  0  0 f8 f0 0a 04 08 0043 01 01
   67 2016 249 16 31 06 000 0      10.23317705       0.00000000  0  0 f8 f0 0a 04 08 0043 01 01
   68 2016 249 16 31 07 000 0      10.25290100       0.00000000  0  0 f8 f0 0a 04 08 0044 01 01
   68 2016 249 16 31 08 000 0      10.27251862       0.00000000  0  0 f8 f0 0a 04 08 0044 01 01
   68 2016 249 16 31 09 000 0      10.29193438       0.00000000  0  0 f8 f0 0a 04 08 0044 01 01
   68 2016 249 16 31 10 000 0      10.31127099       0.00000000  0  0 f8 f0 0a 04 08 0044 01 01
   68 2016 249 16 31 11 000 0      10.33047223       0.00000000  0  0 f8 f0 0a 04 08 0044 01 01
   68 2016 249 16 31 12 000 0      10.34942378       0.00000000  0  0 f8 f0 0a 04 08 0044 01 01
   68 2016 249 16 31 13 000 0      10.36833149       0.00000000  0  0 f8 f0 0a 04 08 0044 01 01
   68 2016 249 16 31 14 000 0      10.38706745       0.00000000  0  0 f8 f0 0a 04 08 0044 01 01
   68 2016 249 16 31 15 000 0      10.40566391       0.00000000  0  0 f8 f0 0a 04 08 0044 01 01
   68 2016 249 16 31 16 000 0      10.42414911       0.00000000  0  0 f8 f0 0a 04 08 0044 01 01
   69 2016 249 16 31 17 000 0      10.44251240       0.00000000  0  0 f8 f0 0a 04 08 0045 01 01
   69 2016 249 16 31 18 000 0      10.46071340       0.00000000  0  0 f8 f0 0a 04 08 0045 01 01
   69 2016 249 16 31 19 000 0      10.47877370       0.00000000  0  0 f8 f0 0a 04 08 0045 01 01
   69 2016 249 16 31 20 000 0      10.49670608       0.00000000  0  0 f8 f0 0a 04 08 0045 01 01
   69 2016 249 16 31 21 000 0      10.51449803       0.00000000  0  0 f8 f0 0a 04 08 0045 01 01
   69 2016 249 16 31 22 000 0      10.53220031       0.00000000  0  0 f8 f0 0a 04 08 0045 01 01
   69 2016 249 16 31 23 000 0      10.54975482       0.00000000  0  0 f8 f0 0a 04 08 0045 01 01
   69 2016 249 16 31 24 000 0      10.56714798       0.00000000  0  0 f8 f0 0a 04 08 0045 01 01
   69 2016 249 16 31 25 000 0      10.58444014       0.00000000  0  0 f8 f0 0a 04 08 0045 01 01
   69 2016 249 16 31 26 000 0      10.60160533       0.00000000  0  0 f8 f0 0a 04 08 0045 01 01
   70 2016 249 16 31 27 000 0      10.61867484       0.00000000  0  0 f8 f0 0a 04 08 0046 01 01
   70 2016 249 16 31 28 000 0      10.63558287       0.00000000  0  0 f8 f0 0a 04 08 0046 01 01
   70 2016 249 16 31 29 000 0      10.65238164       0.00000000  0  0 f8 f0 0a 04 08 0046 01 01
   70 2016 249 16 31 30 000 0      10.66901080       0.00000000  0  0 f8 f0 0a 04 08 0046 01 01
   70 2016 249 16 31 31 000 0      10.68556187       0.00000000  0  0 f8 f0 0a 04 08 0046 01 01
   70 2016 249 16 31 32 000 0      10.70198064       0.00000000  0  0 f8 f0 0a 04 08 0046 01 01
   70 2016 249 16 31 33 000 0      10.71831307       0.00000000  0  0 f8 f0 0a 04 08 0046 01 01
   70 2016 249 16 31 34 000 0      10.73445722       0.00000000  0  0 f8 f0 0a 04 08 0046 01 01
   70 2016 249 16 31 35 000 0      10.75054076       0.00000000  0  0 f8 f0 0a 04 08 0046 01 01
   70 2016 249 16 31 36 000 0      10.76647146       0.00000000  0  0 f8 f0 0a 04 08 0046 01 01
   71 2016 249 16 31 37 000 0      10.78228864       0.00000000  0  0 f8 f0 0a 04 08 0047 01 01
   71 2016 249 16 31 38 000 0      10.79800789       0.00000000  0  0 f8 f0 0a 04 08 0047 01 01
   71 2016 249 16 31 39 000 0      10.81362215       0.00000000  0  0 f8 f0 0a 04 08 0047 01 01
   71 2016 249 16 31 40 000 0      10.82906773       0.00000000  0  0 f8 f0 0a 04 08 0047 01 01
   71 2016 249 16 31 41 000 0      10.84445907       0.00000000  0  0 f8 f0 0a 04 08 0047 01 01
   71 2016 249 16 31 42 000 0      10.85970585       0.00000000  0  0 f8 f0 0a 04 08 0047 01 01
   71 2016 249 16 31 43 000 0      10.87487135       0.00000000  0  0 f8 f0 0a 04 08 0047 01 01
   71 2016 249 16 31 44 000 0      10.88985897       0.00000000  0  0 f8 f0 0a 04 08 0047 01 01
   71 2016 249 16 31 45 000 0      10.90479650       0.00000000  0  0 f8 f0 0a 04 08 0047 01 01
   71 2016 249 16 31 46 000 0      10.91958520       0.00000000  0  0 f8 f0 0a 04 08 0047 01 01
   72 2016 249 16 31 47 000 0      10.93432606       0.00000000  0  0 f8 f0 0a 04 08 0048 01 01
   72 2016 249 16 31 48 000 0      10.94888891       0.00000000  0  0 f8 f0 0a 04 08 0048 01 01
   72 2016 249 16 31 49 000 0      10.96338208       0.00000000  0  0 f8 f0 0a 04 08 0048 01 01
   72 2016 249 16 31 50 000 0      10.97776998       0.00000000  0  0 f8 f0 0a 04 08 0048 01 01
   72 2016 249 16 31 51 000 0      10.99202052       0.00000000  0  0 f8 f0 0a 04 08 0048 01 01
   72 2016 249 16 31 52 000 0      11.00618364       0.00000000  0  0 f8 f0 0a 04 08 0048 01 01
   72 2016 249 16 31 53 000 0      11.02028641       0.00000000  0  0 f8 f0 0a 04 08 0048 01 01
   72 2016 249 16 31 54 000 0      11.03421011       0.00000000  0  0 f8 f0 0a 04 08 0048 01 01
   72 2016 249 16 31 55 000 0      11.04804107       0.00000000  0  0 f8 f0 0a 04 08 0048 01 01
   72 2016 249 16 31 56 000 0      11.06181393       0.00000000  0  0 f8 f0 0a 04 08 0048 01 01
   73 2016 249 16 31 57 000 0      11.07543783       0.00000000  0  0 f8 f0 0a 04 08 0049 01 01
   73 2016 249 16 31 58 000 0      11.08902523       0.00000000  0  0 f8 f0 0a 04 08 0049 01 01
   73 2016 249 16 31 59 000 0      11.10244927       0.00000000  0  0 f8 f0 0a 04 08 0049 01 01
   73 2016 249 16 32 00 000 0      11.11583893       0.00000000  0  0 f8 f0 0a 04 08 0049 01 01
   73 2016 249 16 32 01 000 0      11.12905072       0.00000000  0  0 f8 f0 0a 04 08 0049 01 01
   73 2016 249 16 32 02 000 0      11.14224572       0.00000000  0  0 f8 f0 0a 04 08 0049 01 01
   73 2016 249 16 32 03 000 0      11.15526484       0.00000000  0  0 f8 f0 0a 04 08 0049 01 01
   73 2016 249 16 32 04 000 0      11.16821627       0.00000000  0  0 f8 f0 0a 04 08 0049 01 01
   73 2016 249 16 32 05 000 0      11.18110108       0.00000000  0  0 f8 f0 0a 04 08 0049 01 01
   73 2016 249 16 32 06 000 0      11.19385679       0.00000000  0  0 f8 f0 0a 04 08 0049 01 01
   74 2016 249 16 32 07 000 0      11.20653348       0.00000000  0  0 f8 f0 0a 04 08 004a 01 01
   74 2016 249 16 32 08 000 0      11.21908732       0.00000000  0  0 f8 f0 0a 04 08 004a 01 01
   74 2016 249 16 32 09 000 0      11.23160572       0.00000000  0  0 f8 f0 0a 04 08 004a 01 01
   74 2016 249 16 32 10 000 0      11.24399088       0.00000000  0  0 f8 f0 0a 04 08 004a 01 01
   74 2016 249 16 32 11 000 0      11.25629596       0.00000000  0  0 f8 f0 0a 04 08 004a 01 01
   74 2016 249 16 32 12 000 0      11.26856134       0.00000000  0  0 f8 f0 0a 04 08 004a 01 01
   74 2016 249 16 32 13 000 0      11.28066762       0.00000000  0  0 f8 f0 0a 04 08 004a 01 01
   74 2016 249 16 32 14 000 0      11.29266345       0.00000000  0  0 f8 f0 0a 04 08 004a 01 01
   74 2016 249 16 32 15 000 0      11.30462384       0.00000000  0  0 f8 f0 0a 04 08 004a 01 01
   74 2016 249 16 32 16 000 0      11.31651561       0.00000000  0  0 f8 f0 0a 04 08 004a 01 01
   75 2016 249 16 32 17 000 0      11.32822523       0.00000000  0  0 f8 f0 0a 04 08 004b 01 01
   75 2016 249 16 32 18 000 0      11.33993486       0.00000000  0  0 f8 f0 0a 04 08 004b 01 01
   75 2016 249 16 32 19 000 0      11.35154136       0.00000000  0  0 f8 f0 0a 04 08 004b 01 01
   75 2016 249 16 32 20 000 0      11.36304806       0.00000000  0  0 f8 f0 0a 04 08 004b 01 01
   75 2016 249 16 32 21 000 0      11.37445057       0.00000000  0  0 f8 f0 0a 04 08 004b 01 01
   75 2016 249 16 32 22 000 0      11.38580311       0.00000000  0  0 f8 f0 0a 04 08 004b 01 01
   75 2016 249 16 32 23 000 0      11.39701828       0.00000000  0  0 f8 f0 0a 04 08 004b 01 01
   75 2016 249 16 32 24 000 0      11.40820426       0.00000000  0  0 f8 f0 0a 04 08 004b 01 01
   75 2016 249 16 32 25 000 0      11.41929765       0.00000000  0  0 f8 f0 0a 04 08 004b 01 01
   75 2016 249 16 32 26 000 0      11.43028378       0.00000000  0  0 f8 f0 0a 04 08 004b 01 01
   76 2016 249 16 32 27 000 0      11.44121475       0.00000000  0  0 f8 f0 0a 04 08 004c 01 01
   76 2016 249 16 32 28 000 0      11.45209468       0.00000000  0  0 f8 f0 0a 04 08 004c 01 01
   76 2016 249 16 32 29 000 0      11.46286123       0.00000000  0  0 f8 f0 0a 04 08 004c 01 01
   76 2016 249 16 32 30 000 0      11.47349347       0.00000000  0  0 f8 f0 0a 04 08 004c 01 01
   76 2016 249 16 32 31 000 0      11.48409653       0.00000000  0  0 f8 f0 0a 04 08 004c 01 01
   76 2016 249 16 32 32 000 0      11.49465895       0.00000000  0  0 f8 f0 0a 04 08 004c 01 01
   76 2016 249 16 32 33 000 0      11.50509652       0.00000000  0  0 f8 f0 0a 04 08 004c 01 01
   76 2016 249 16 32 34 000 0      11.51546747       0.00000000  0  0 f8 f0 0a 04 08 004c 01 01
   76 2016 249 16 32 35 000 0      11.52581551       0.00000000  0  0 f8 f0 0a 04 08 004c 01 01
   76 2016 249 16 32 36 000 0      11.53596795       0.00000000  0  0 f8 f0 0a 04 08 004c 01 01
   77 2016 249 16 32 37 000 0      11.54610360       0.00000000  0  0 f8 f0 0a 04 08 004d 01 01
   77 2016 249 16 32 38 000 0      11.55615291       0.00000000  0  0 f8 f0 0a 04 08 004d 01 01
   77 2016 249 16 32 39 000 0      11.56619596       0.00000000  0  0 f8 f0 0a 04 08 004d 01 01
   77 2016 249 16 32 40 000 0      11.57606099       0.00000000  0  0 f8 f0 0a 04 08 004d 01 01
   77 2016 249 16 32 41 000 0      11.58593855       0.00000000  0  0 f8 f0 0a 04 08 004d 01 01
   77 2016 249 16 32 42 000 0      11.59566102       0.00000000  0  0 f8 f0 0a 04 08 004d 01 01
   77 2016 249 16 32 43 000 0      11.60538962       0.00000000  0  0 f8 f0 0a 04 08 004d 01 01
   77 2016 249 16 32 44 000 0      11.61501429       0.00000000  0  0 f8 f0 0a 04 08 004d 01 01
   77 2016 249 16 32 45 000 0      11.62454516       0.00000000  0  0 f8 f0 0a 04 08 004d 01 01
   77 2016 249 16 32 46 000 0      11.63398756       0.00000000  0  0 f8 f0 0a 04 08 004d 01 01
   78 2016 249 16 32 47 000 0      11.64345181       0.00000000  0  0 f8 f0 0a 04 08 004e 01 01
   78 2016 249 16 32 48 000 0      11.65277868       0.00000000  0  0 f8 f0 0a 04 08 004e 01 01
   78 2016 249 16 32 49 000 0      11.66204000       0.00000000  0  0 f8 f0 0a 04 08 004e 01 01
   78 2016 249 16 32 50 000 0      11.67123670       0.00000000  0  0 f8 f0 0a 04 08 004e 01 01
   78 2016 249 16 32 51 000 0      11.68042421       0.00000000  0  0 f8 f0 0a 04 08 004e 01 01
   78 2016 249 16 32 52 000 0      11.68942731       0.00000000  0  0 f8 f0 0a 04 08 004e 01 01
   78 2016 249 16 32 53 000 0      11.69841269       0.00000000  0  0 f8 f0 0a 04 08 004e 01 01
   78 2016 249 16 32 54 000 0      11.70738461       0.00000000  0  0 f8 f0 0a 04 08 004e 01 01
   78 2016 249 16 32 55 000 0      11.71622756       0.00000000  0  0 f8 f0 0a 04 08 004e 01 01
   78 2016 249 16 32 56 000 0      11.72500268       0.00000000  0  0 f8 f0 0a 04 08 004e 01 01
   79 2016 249 16 32 57 000 0      11.73373410       0.00000000  0  0 f8 f0 0a 04 08 004f 01 01
   79 2016 249 16 32 58 000 0      11.74241250       0.00000000  0  0 f8 f0 0a 04 08 004f 01 01
   79 2016 249 16 32 59 000 0      11.75103466       0.00000000  0  0 f8 f0 0a 04 08 004f 01 01
   79 2016 249 16 33 00 000 0      11.75959647       0.00000000  0  0 f8 f0 0a 04 08 004f 01 01
   79 2016 249 16 33 01 000 0      11.76803636       0.00000000  0  0 f8 f0 0a 04 08 004f 01 01
   79 2016 249 16 33 02 000 0      11.77644827       0.00000000  0  0 f8 f0 0a 04 08 004f 01 01
   79 2016 249 16 33 03 000 0      11.78474679       0.00000000  0  0 f8 f0 0a 04 08 004f 01 01
   79 2016 249 16 33 04 000 0      11.79302959       0.00000000  0  0 f8 f0 0a 04 08 004f 01 01
   79 2016 249 16 33 05 000 0      11.80125723       0.00000000  0  0 f8 f0 0a 04 08 004f 01 01
   79 2016 249 16 33 06 000 0      11.80944529       0.00000000  0  0 f8 f0 0a 04 08 004f 01 01
   80 2016 249 16 33 07 000 0      11.81751570       0.00000000  0  0 f8 f0 0a 04 08 0050 01 01
   80 2016 249 16 33 08 000 0      11.82555800       0.00000000  0  0 f8 f0 0a 04 08 0050 01 01
   80 2016 249 16 33 09 000 0      11.83355567       0.00000000  0  0 f8 f0 0a 04 08 0050 01 01
   80 2016 249 16 33 10 000 0      11.84141476       0.00000000  0  0 f8 f0 0a 04 08 0050 01 01
   80 2016 249 16 33 11 000 0      11.84926346       0.00000000  0  0 f8 f0 0a 04 08 0050 01 01
   80 2016 249 16 33 12 000 0      11.85705500       0.00000000  0  0 f8 f0 0a 04 08 0050 01 01
   80 2016 249 16 33 13 000 0      11.86480270       0.00000000  0  0 f8 f0 0a 04 08 0050 01 01
   80 2016 249 16 33 14 000 0      11.87246207       0.00000000  0  0 f8 f0 0a 04 08 0050 01 01
   80 2016 249 16 33 15 000 0      11.88012969       0.00000000  0  0 f8 f0 0a 04 08 0050 01 01
   80 2016 249 16 33 16 000 0      11.88766194       0.00000000  0  0 f8 f0 0a 04 08 0050 01 01
   81 2016 249 16 33 17 000 0      11.89514836       0.00000000  0  0 f8 f0 0a 04 08 0051 01 01
   81 2016 249 16 33 18 000 0      11.90265050       0.00000000  0  0 f8 f0 0a 04 08 0051 01 01
   81 2016 249 16 33 19 000 0      11.91005577       0.00000000  0  0 f8 f0 0a 04 08 0051 01 01
   81 2016 249 16 33 20 000 0      11.91738830       0.00000000  0  0 f8 f0 0a 04 08 0051 01 01
   81 2016 249 16 33 21 000 0      11.92466446       0.00000000  0  0 f8 f0 0a 04 08 0051 01 01
   81 2016 249 16 33 22 000 0      11.93181058       0.00000000  0  0 f8 f0 0a 04 08 0051 01 01
   81 2016 249 16 33 23 000 0      11.93908674       0.00000000  0  0 f8 f0 0a 04 08 0051 01 01
   81 2016 249 16 33 24 000 0      11.94619329       0.00000000  0  0 f8 f0 0a 04 08 0051 01 01
   81 2016 249 16 33 25 000 0      11.95326653       0.00000000  0  0 f8 f0 0a 04 08 0051 01 01
   81 2016 249 16 33 26 000 0      11.96021065       0.00000000  0  0 f8 f0 0a 04 08 0051 01 01
   82 2016 249 16 33 27 000 0      11.96724951       0.00000000  0  0 f8 f0 0a 04 08 0052 01 01
   82 2016 249 16 33 28 000 0      11.97402922       0.00000000  0  0 f8 f0 0a 04 08 0052 01 01
   82 2016 249 16 33 29 000 0      11.98094323       0.00000000  0  0 f8 f0 0a 04 08 0052 01 01
   82 2016 249 16 33 30 000 0      11.98771761       0.00000000  0  0 f8 f0 0a 04 08 0052 01 01
   82 2016 249 16 33 31 000 0      11.99459098       0.00000000  0  0 f8 f0 0a 04 08 0052 01 01
   82 2016 249 16 33 32 000 0      12.00119161       0.00000000  0  6 f8 f0 0a 04 08 0052 01 01
   82 2016 249 16 33 33 000 0      12.00766007       0.00000000  0  6 f8 f0 0a 04 08 0052 01 01
   82 2016 249 16 33 34 000 0      12.01443458       0.00000000  0  6 f8 f0 0a 04 08 0052 01 01
   82 2016 249 16 33 35 000 0      12.02093635       0.00000000  0  6 f8 f0 0a 04 08 0052 01 01
   82 2016 249 16 33 36 000 0      12.02745370       0.00000000  0  6 f8 f0 0a 04 08 0052 01 01
   83 2016 249 16 33 37 000 0      12.03386486       0.00000000  0  6 f8 f0 0a 04 08 0053 01 01
   83 2016 249 16 33 38 000 0      12.04045923       0.00000000  0  6 f8 f0 0a 04 08 0053 01 01
   83 2016 249 16 33 39 000 0      12.04650305       0.00000000  0  6 f8 f0 0a 04 08 0053 01 01
   83 2016 249 16 33 40 000 0      12.05297243       0.00000000  0  6 f8 f0 0a 04 08 0053 01 01
   83 2016 249 16 33 41 000 0      12.05912138       0.00000000  0  6 f8 f0 0a 04 08 0053 01 01
   83 2016 249 16 33 42 000 0      12.06548044       0.00000000  0  6 f8 f0 0a 04 08 0053 01 01
   83 2016 249 16 33 43 000 0      12.07155757       0.00000000  0  6 f8 f0 0a 04 08 0053 01 01
   83 2016 249 16 33 44 000 0      12.07774915       0.00000000  0  6 f8 f0 0a 04 08 0053 01 01
   83 2016 249 16 33 45 000 0      12.05071573       0.00000000  0  6 f8 f0 0a 04 08 0053 01 01
   84 2016 249 16 33 49 400 0       5.80307315       0.00000000  0  0 f8 f0 0a 04 08 0054 01 01
   84 2016 249 16 33 50 400 0       5.80949790       0.00000000  0  0 f8 f0 0a 04 08 0054 01 01
   84 2016 249 16 33 51 400 0       5.81230010       0.00000000  0  0 f8 f0 0a 04 08 0054 01 01
   84 2016 249 16 33 52 400 0       5.81502994       0.00000000  0  0 f8 f0 0a 04 08 0054 01 01
   84 2016 249 16 33 53 400 0       5.81788796       0.00000000  0  0 f8 f0 0a 04 08 0054 01 01
   84 2016 249 16 33 54 400 0       5.82065165       0.00000000  0  0 f8 f0 0a 04 08 0054 01 01
   84 2016 249 16 33 55 400 0       5.82345597       0.00000000  0  0 f8 f0 0a 04 08 0054 01 01
   84 2016 249 16 33 56 400 0       5.82624151       0.00000000  0  0 f8 f0 0a 04 08 0054 01 01
   84 2016 249 16 33 57 400 0       5.82907968       0.00000000  0  0 f8 f0 0a 04 08 0054 01 01
   84 2016 249 16 33 58 400 0       5.83169400       0.00000000  0  0 f8 f0 0a 04 08 0054 01 01
   85 2016 249 16 33 59 400 0       5.83488713       0.00000000  0  0 f8 f0 0a 04 08 0055 01 01
   85 2016 249 16 34 00 400 0       5.83726828       0.00000000  0  0 f8 f0 0a 04 08 0055 01 01
   85 2016 249 16 34 01 400 0       5.84015681       0.00000000  0  0 f8 f0 0a 04 08 0055 01 01
   85 2016 249 16 34 02 400 0       5.84237767       0.00000000  0  0 f8 f0 0a 04 08 0055 01 01
   85 2016 249 16 34 03 400 0       5.84554748       0.00000000  0  0 f8 f0 0a 04 08 0055 01 01
   85 2016 249 16 34 04 400 0       5.84807173       0.00000000  0  0 f8 f0 0a 04 08 0055 01 01
   85 2016 249 16 34 05 400 0       5.85060957       0.00000000  0  0 f8 f0 0a 04 08 0055 01 01
   85 2016 249 16 34 06 400 0       5.85284336       0.00000000  0  0 f8 f0 0a 04 08 0055 01 01
   85 2016 249 16 34 07 400 0       5.85557853       0.00000000  0  0 f8 f0 0a 04 08 0055 01 01
   85 2016 249 16 34 08 400 0       5.85832663       0.00000000  0  0 f8 f0 0a 04 08 0055 01 01
