 BkNo Year Day hh mm ss mss ns      Range (km)    RangCalib(km) Tv DvTSnRSnDTpSTpSId BkCtSRtInTim
    1 2016 248 16 41 57 885 0    2753.01422824       0.00000000  0  0 f8 f0 0a 04 01 0001 01 01
    1 2016 248 16 41 58 885 0    2746.63719297       0.00000000  0  0 f8 f0 0a 04 01 0001 01 01
    1 2016 248 16 41 59 885 0    2740.26210635       0.00000000  0  0 f8 f0 0a 04 01 0001 01 01
    1 2016 248 16 42 00 885 0    2733.88956796       0.00000000  0  0 f8 f0 0a 04 01 0001 01 01
    1 2016 248 16 42 01 885 0    2727.51897823       0.00000000  0  0 f8 f0 0a 04 01 0001 01 01
    1 2016 248 16 42 02 885 0    2721.15048704       0.00000000  0  0 f8 f0 0a 04 01 0001 01 01
    1 2016 248 16 42 03 885 0    2714.78424430       0.00000000  0  0 f8 f0 0a 04 01 0001 01 01
    1 2016 248 16 42 04 885 0    2708.42039990       0.00000000  0  0 f8 f0 0a 04 01 0001 01 01
    1 2016 248 16 42 05 885 0    2702.05865405       0.00000000  0  0 f8 f0 0a 04 01 0001 01 01
    1 2016 248 16 42 06 885 0    2695.69930653       0.00000000  0  0 f8 f0 0a 04 01 0001 01 01
    2 2016 248 16 42 07 885 0    2689.34220746       0.00000000  0  0 f8 f0 0a 04 01 0002 01 01
    2 2016 248 16 42 08 885 0    2682.98735683       0.00000000  0  0 f8 f0 0a 04 01 0002 01 01
    2 2016 248 16 42 09 885 0    2676.63475464       0.00000000  0  0 f8 f0 0a 04 01 0002 01 01
    2 2016 248 16 42 10 885 0    2670.28470070       0.00000000  0  0 f8 f0 0a 04 01 0002 01 01
    2 2016 248 16 42 11 885 0    2663.93704509       0.00000000  0  0 f8 f0 0a 04 01 0002 01 01
    2 2016 248 16 42 12 885 0    2657.59178782       0.00000000  0  0 f8 f0 0a 04 01 0002 01 01
    2 2016 248 16 42 13 885 0    2651.24877899       0.00000000  0  0 f8 f0 0a 04 01 0002 01 01
    2 2016 248 16 42 14 885 0    2644.90846830       0.00000000  0  0 f8 f0 0a 04 01 0002 01 01
    2 2016 248 16 42 15 885 0    2638.57055594       0.00000000  0  0 f8 f0 0a 04 01 0002 01 01
    2 2016 248 16 42 16 885 0    2632.23504193       0.00000000  0  0 f8 f0 0a 04 01 0002 01 01
    3 2016 248 16 42 17 885 0    2625.90222604       0.00000000  0  0 f8 f0 0a 04 01 0003 01 01
    3 2016 248 16 42 18 885 0    2619.57195840       0.00000000  0  0 f8 f0 0a 04 01 0003 01 01
    3 2016 248 16 42 19 885 0    2613.24438888       0.00000000  0  0 f8 f0 0a 04 01 0003 01 01
    3 2016 248 16 42 20 885 0    2606.91921771       0.00000000  0  0 f8 f0 0a 04 01 0003 01 01
    3 2016 248 16 42 21 885 0    2600.59689456       0.00000000  0  0 f8 f0 0a 04 01 0003 01 01
    3 2016 248 16 42 22 885 0    2594.27726955       0.00000000  0  0 f8 f0 0a 04 01 0003 01 01
    3 2016 248 16 42 23 885 0    2587.95989297       0.00000000  0  0 f8 f0 0a 04 01 0003 01 01
    3 2016 248 16 42 24 885 0    2581.64581412       0.00000000  0  0 f8 f0 0a 04 01 0003 01 01
    3 2016 248 16 42 25 885 0    2575.33413361       0.00000000  0  0 f8 f0 0a 04 01 0003 01 01
    3 2016 248 16 42 26 885 0    2569.02500133       0.00000000  0  0 f8 f0 0a 04 01 0003 01 01
    4 2016 248 16 42 27 885 0    2562.71916677       0.00000000  0  0 f8 f0 0a 04 01 0004 01 01
    4 2016 248 16 42 28 885 0    2556.41633013       0.00000000  0  0 f8 f0 0a 04 01 0004 01 01
    4 2016 248 16 42 29 885 0    2550.11589183       0.00000000  0  0 f8 f0 0a 04 01 0004 01 01
    4 2016 248 16 42 30 885 0    2543.81905104       0.00000000  0  0 f8 f0 0a 04 01 0004 01 01
    4 2016 248 16 42 31 885 0    2537.52445870       0.00000000  0  0 f8 f0 0a 04 01 0004 01 01
    4 2016 248 16 42 32 885 0    2531.23301418       0.00000000  0  0 f8 f0 0a 04 01 0004 01 01
    4 2016 248 16 42 33 885 0    2524.94441768       0.00000000  0  0 f8 f0 0a 04 01 0004 01 01
    4 2016 248 16 42 34 885 0    2518.65836942       0.00000000  0  0 f8 f0 0a 04 01 0004 01 01
    4 2016 248 16 42 35 885 0    2512.37606857       0.00000000  0  0 f8 f0 0a 04 01 0004 01 01
    4 2016 248 16 42 36 885 0    2506.09661574       0.00000000  0  0 f8 f0 0a 04 01 0004 01 01
    5 2016 248 16 42 37 885 0    2499.82091032       0.00000000  0  0 f8 f0 0a 04 01 0005 01 01
    5 2016 248 16 42 38 885 0    2493.54790303       0.00000000  0  0 f8 f0 0a 04 01 0005 01 01
    5 2016 248 16 42 39 885 0    2487.27759388       0.00000000  0  0 f8 f0 0a 04 01 0005 01 01
    5 2016 248 16 42 40 885 0    2481.01058244       0.00000000  0  0 f8 f0 0a 04 01 0005 01 01
    5 2016 248 16 42 41 885 0    2474.74671882       0.00000000  0  0 f8 f0 0a 04 01 0005 01 01
    5 2016 248 16 42 42 885 0    2468.48660261       0.00000000  0  0 f8 f0 0a 04 01 0005 01 01
    5 2016 248 16 42 43 885 0    2462.22948432       0.00000000  0  0 f8 f0 0a 04 01 0005 01 01
    5 2016 248 16 42 44 885 0    2455.97611344       0.00000000  0  0 f8 f0 0a 04 01 0005 01 01
    5 2016 248 16 42 45 885 0    2449.72604028       0.00000000  0  0 f8 f0 0a 04 01 0005 01 01
    5 2016 248 16 42 46 885 0    2443.47941473       0.00000000  0  0 f8 f0 0a 04 01 0005 01 01
    6 2016 248 16 42 47 885 0    2437.23548731       0.00000000  0  0 f8 f0 0a 04 01 0006 01 01
    6 2016 248 16 42 48 885 0    2430.99545719       0.00000000  0  0 f8 f0 0a 04 01 0006 01 01
    6 2016 248 16 42 49 885 0    2424.75887469       0.00000000  0  0 f8 f0 0a 04 01 0006 01 01
    6 2016 248 16 42 50 885 0    2418.52588969       0.00000000  0  0 f8 f0 0a 04 01 0006 01 01
    6 2016 248 16 42 51 885 0    2412.29590262       0.00000000  0  0 f8 f0 0a 04 01 0006 01 01
    6 2016 248 16 42 52 885 0    2406.07026254       0.00000000  0  0 f8 f0 0a 04 01 0006 01 01
    6 2016 248 16 42 53 885 0    2399.84836987       0.00000000  0  0 f8 f0 0a 04 01 0006 01 01
    6 2016 248 16 42 54 885 0    2393.63007471       0.00000000  0  0 f8 f0 0a 04 01 0006 01 01
    6 2016 248 16 42 55 885 0    2387.41492736       0.00000000  0  0 f8 f0 0a 04 01 0006 01 01
    6 2016 248 16 42 56 885 0    2381.20382722       0.00000000  0  0 f8 f0 0a 04 01 0006 01 01
    7 2016 248 16 42 57 885 0    2374.99677427       0.00000000  0  0 f8 f0 0a 04 01 0007 01 01
    7 2016 248 16 42 58 885 0    2368.79331884       0.00000000  0  0 f8 f0 0a 04 01 0007 01 01
    7 2016 248 16 42 59 885 0    2362.59316112       0.00000000  0  0 f8 f0 0a 04 01 0007 01 01
    7 2016 248 16 43 00 885 0    2356.39765018       0.00000000  0  0 f8 f0 0a 04 01 0007 01 01
    7 2016 248 16 43 01 885 0    2350.20573675       0.00000000  0  0 f8 f0 0a 04 01 0007 01 01
    7 2016 248 16 43 02 885 0    2344.01787052       0.00000000  0  0 f8 f0 0a 04 01 0007 01 01
    7 2016 248 16 43 03 885 0    2337.83375170       0.00000000  0  0 f8 f0 0a 04 01 0007 01 01
    7 2016 248 16 43 04 885 0    2331.65442955       0.00000000  0  0 f8 f0 0a 04 01 0007 01 01
    7 2016 248 16 43 05 885 0    2325.47795544       0.00000000  0  0 f8 f0 0a 04 01 0007 01 01
    7 2016 248 16 43 06 885 0    2319.30657779       0.00000000  0  0 f8 f0 0a 04 01 0007 01 01
    8 2016 248 16 43 07 885 0    2313.13924735       0.00000000  0  0 f8 f0 0a 04 01 0008 01 01
    8 2016 248 16 43 08 885 0    2306.97611400       0.00000000  0  0 f8 f0 0a 04 01 0008 01 01
    8 2016 248 16 43 09 885 0    2300.81687795       0.00000000  0  0 f8 f0 0a 04 01 0008 01 01
    8 2016 248 16 43 10 885 0    2294.66183899       0.00000000  0  0 f8 f0 0a 04 01 0008 01 01
    8 2016 248 16 43 11 885 0    2288.51114703       0.00000000  0  0 f8 f0 0a 04 01 0008 01 01
    8 2016 248 16 43 12 885 0    2282.36570143       0.00000000  0  0 f8 f0 0a 04 01 0008 01 01
    8 2016 248 16 43 13 885 0    2276.22415314       0.00000000  0  0 f8 f0 0a 04 01 0008 01 01
    8 2016 248 16 43 14 885 0    2270.08695183       0.00000000  0  0 f8 f0 0a 04 01 0008 01 01
    8 2016 248 16 43 15 885 0    2263.95439731       0.00000000  0  0 f8 f0 0a 04 01 0008 01 01
    8 2016 248 16 43 16 885 0    2257.82603988       0.00000000  0  0 f8 f0 0a 04 01 0008 01 01
    9 2016 248 16 43 17 885 0    2251.70172966       0.00000000  0  0 f8 f0 0a 04 01 0009 01 01
    9 2016 248 16 43 18 885 0    2245.58326538       0.00000000  0  0 f8 f0 0a 04 01 0009 01 01
    9 2016 248 16 43 19 885 0    2239.46899820       0.00000000  0  0 f8 f0 0a 04 01 0009 01 01
    9 2016 248 16 43 20 885 0    2233.35937780       0.00000000  0  0 f8 f0 0a 04 01 0009 01 01
    9 2016 248 16 43 21 885 0    2227.25500377       0.00000000  0  0 f8 f0 0a 04 01 0009 01 01
    9 2016 248 16 43 22 885 0    2221.15482684       0.00000000  0  0 f8 f0 0a 04 01 0009 01 01
    9 2016 248 16 43 23 885 0    2215.05974637       0.00000000  0  0 f8 f0 0a 04 01 0009 01 01
    9 2016 248 16 43 24 885 0    2208.96931269       0.00000000  0  0 f8 f0 0a 04 01 0009 01 01
    9 2016 248 16 43 25 885 0    2202.88382559       0.00000000  0  0 f8 f0 0a 04 01 0009 01 01
    9 2016 248 16 43 26 885 0    2196.80358485       0.00000000  0  0 f8 f0 0a 04 01 0009 01 01
   10 2016 248 16 43 27 885 0    2190.72889027       0.00000000  0  0 f8 f0 0a 04 01 000a 01 01
   10 2016 248 16 43 28 885 0    2184.65944207       0.00000000  0  0 f8 f0 0a 04 01 000a 01 01
   10 2016 248 16 43 29 885 0    2178.59449074       0.00000000  0  0 f8 f0 0a 04 01 000a 01 01
   10 2016 248 16 43 30 885 0    2172.53403631       0.00000000  0  0 f8 f0 0a 04 01 000a 01 01
   10 2016 248 16 43 31 885 0    2166.47957772       0.00000000  0  0 f8 f0 0a 04 01 000a 01 01
   10 2016 248 16 43 32 885 0    2160.43051540       0.00000000  0  0 f8 f0 0a 04 01 000a 01 01
   10 2016 248 16 43 33 885 0    2154.38669945       0.00000000  0  0 f8 f0 0a 04 01 000a 01 01
   10 2016 248 16 43 34 885 0    2148.34827976       0.00000000  0  0 f8 f0 0a 04 01 000a 01 01
   10 2016 248 16 43 35 885 0    2142.31510644       0.00000000  0  0 f8 f0 0a 04 01 000a 01 01
   10 2016 248 16 43 36 885 0    2136.28777907       0.00000000  0  0 f8 f0 0a 04 01 000a 01 01
   11 2016 248 16 43 37 885 0    2130.26569807       0.00000000  0  0 f8 f0 0a 04 01 000b 01 01
   11 2016 248 16 43 38 885 0    2124.24976282       0.00000000  0  0 f8 f0 0a 04 01 000b 01 01
   11 2016 248 16 43 39 885 0    2118.23952362       0.00000000  0  0 f8 f0 0a 04 01 000b 01 01
   11 2016 248 16 43 40 885 0    2112.23453079       0.00000000  0  0 f8 f0 0a 04 01 000b 01 01
   11 2016 248 16 43 41 885 0    2106.23538391       0.00000000  0  0 f8 f0 0a 04 01 000b 01 01
   11 2016 248 16 43 42 885 0    2100.24223288       0.00000000  0  0 f8 f0 0a 04 01 000b 01 01
   11 2016 248 16 43 43 885 0    2094.25477791       0.00000000  0  0 f8 f0 0a 04 01 000b 01 01
   11 2016 248 16 43 44 885 0    2088.27331879       0.00000000  0  0 f8 f0 0a 04 01 000b 01 01
   11 2016 248 16 43 45 885 0    2082.29800541       0.00000000  0  0 f8 f0 0a 04 01 000b 01 01
   11 2016 248 16 43 46 885 0    2076.32913758       0.00000000  0  0 f8 f0 0a 04 01 000b 01 01
   12 2016 248 16 43 47 885 0    2070.36581590       0.00000000  0  0 f8 f0 0a 04 01 000c 01 01
   12 2016 248 16 43 48 885 0    2064.40849007       0.00000000  0  0 f8 f0 0a 04 01 000c 01 01
   12 2016 248 16 43 49 885 0    2058.45880895       0.00000000  0  0 f8 f0 0a 04 01 000c 01 01
   12 2016 248 16 43 50 885 0    2052.51527357       0.00000000  0  0 f8 f0 0a 04 01 000c 01 01
   12 2016 248 16 43 51 885 0    2046.57773404       0.00000000  0  0 f8 f0 0a 04 01 000c 01 01
   12 2016 248 16 43 52 885 0    2040.64619037       0.00000000  0  0 f8 f0 0a 04 01 000c 01 01
   12 2016 248 16 43 53 885 0    2034.72124212       0.00000000  0  0 f8 f0 0a 04 01 000c 01 01
   12 2016 248 16 43 54 885 0    2028.80288931       0.00000000  0  0 f8 f0 0a 04 01 000c 01 01
   12 2016 248 16 43 55 885 0    2022.89143173       0.00000000  0  0 f8 f0 0a 04 01 000c 01 01
   12 2016 248 16 43 56 885 0    2016.98582010       0.00000000  0  0 f8 f0 0a 04 01 000c 01 01
   13 2016 248 16 43 57 885 0    2011.08740349       0.00000000  0  0 f8 f0 0a 04 01 000d 01 01
   13 2016 248 16 43 58 885 0    2005.19603200       0.00000000  0  0 f8 f0 0a 04 01 000d 01 01
   13 2016 248 16 43 59 885 0    1999.31170563       0.00000000  0  0 f8 f0 0a 04 01 000d 01 01
   13 2016 248 16 44 00 885 0    1993.43427450       0.00000000  0  0 f8 f0 0a 04 01 000d 01 01
   13 2016 248 16 44 01 885 0    1987.56373858       0.00000000  0  0 f8 f0 0a 04 01 000d 01 01
   13 2016 248 16 44 02 885 0    1981.70024779       0.00000000  0  0 f8 f0 0a 04 01 000d 01 01
   13 2016 248 16 44 03 885 0    1975.84395202       0.00000000  0  0 f8 f0 0a 04 01 000d 01 01
   13 2016 248 16 44 04 885 0    1969.99515106       0.00000000  0  0 f8 f0 0a 04 01 000d 01 01
   13 2016 248 16 44 05 885 0    1964.15324533       0.00000000  0  0 f8 f0 0a 04 01 000d 01 01
   13 2016 248 16 44 06 885 0    1958.31943399       0.00000000  0  0 f8 f0 0a 04 01 000d 01 01
   14 2016 248 16 44 07 885 0    1952.49296757       0.00000000  0  0 f8 f0 0a 04 01 000e 01 01
   14 2016 248 16 44 08 885 0    1946.67339638       0.00000000  0  0 f8 f0 0a 04 01 000e 01 01
   14 2016 248 16 44 09 885 0    1940.86191958       0.00000000  0  0 f8 f0 0a 04 01 000e 01 01
   14 2016 248 16 44 10 885 0    1935.05733801       0.00000000  0  0 f8 f0 0a 04 01 000e 01 01
   14 2016 248 16 44 11 885 0    1929.26115062       0.00000000  0  0 f8 f0 0a 04 01 000e 01 01
   14 2016 248 16 44 12 885 0    1923.47335743       0.00000000  0  0 f8 f0 0a 04 01 000e 01 01
   14 2016 248 16 44 13 885 0    1917.69320894       0.00000000  0  0 f8 f0 0a 04 01 000e 01 01
   14 2016 248 16 44 14 885 0    1911.92070516       0.00000000  0  0 f8 f0 0a 04 01 000e 01 01
   14 2016 248 16 44 15 885 0    1906.15629578       0.00000000  0  0 f8 f0 0a 04 01 000e 01 01
   14 2016 248 16 44 16 885 0    1900.39983090       0.00000000  0  0 f8 f0 0a 04 01 000e 01 01
   15 2016 248 16 44 17 885 0    1894.65220990       0.00000000  0  0 f8 f0 0a 04 01 000f 01 01
   15 2016 248 16 44 18 885 0    1888.91253339       0.00000000  0  0 f8 f0 0a 04 01 000f 01 01
   15 2016 248 16 44 19 885 0    1883.18125108       0.00000000  0  0 f8 f0 0a 04 01 000f 01 01
   15 2016 248 16 44 20 885 0    1877.45881264       0.00000000  0  0 f8 f0 0a 04 01 000f 01 01
   15 2016 248 16 44 21 885 0    1871.74461849       0.00000000  0  0 f8 f0 0a 04 01 000f 01 01
   15 2016 248 16 44 22 885 0    1866.03911833       0.00000000  0  0 f8 f0 0a 04 01 000f 01 01
   15 2016 248 16 44 23 885 0    1860.34246204       0.00000000  0  0 f8 f0 0a 04 01 000f 01 01
   15 2016 248 16 44 24 885 0    1854.65434984       0.00000000  0  0 f8 f0 0a 04 01 000f 01 01
   15 2016 248 16 44 25 885 0    1848.97583099       0.00000000  0  0 f8 f0 0a 04 01 000f 01 01
   15 2016 248 16 44 26 885 0    1843.30615603       0.00000000  0  0 f8 f0 0a 04 01 000f 01 01
   16 2016 248 16 44 27 885 0    1837.64562473       0.00000000  0  0 f8 f0 0a 04 01 0010 01 01
   16 2016 248 16 44 28 885 0    1831.99333773       0.00000000  0  0 f8 f0 0a 04 01 0010 01 01
   16 2016 248 16 44 29 885 0    1826.35034429       0.00000000  0  0 f8 f0 0a 04 01 0010 01 01
   16 2016 248 16 44 30 885 0    1820.71694421       0.00000000  0  0 f8 f0 0a 04 01 0010 01 01
   16 2016 248 16 44 31 885 0    1815.09358718       0.00000000  0  0 f8 f0 0a 04 01 0010 01 01
   16 2016 248 16 44 32 885 0    1809.48012330       0.00000000  0  0 f8 f0 0a 04 01 0010 01 01
   16 2016 248 16 44 33 885 0    1803.87550330       0.00000000  0  0 f8 f0 0a 04 01 0010 01 01
   16 2016 248 16 44 34 885 0    1798.28137604       0.00000000  0  0 f8 f0 0a 04 01 0010 01 01
   16 2016 248 16 44 35 885 0    1792.69699202       0.00000000  0  0 f8 f0 0a 04 01 0010 01 01
   16 2016 248 16 44 36 885 0    1787.12220137       0.00000000  0  0 f8 f0 0a 04 01 0010 01 01
   17 2016 248 16 44 37 885 0    1781.55775356       0.00000000  0  0 f8 f0 0a 04 01 0011 01 01
   17 2016 248 16 44 38 885 0    1776.00349869       0.00000000  0  0 f8 f0 0a 04 01 0011 01 01
   17 2016 248 16 44 39 885 0    1770.45928687       0.00000000  0  0 f8 f0 0a 04 01 0011 01 01
   17 2016 248 16 44 40 885 0    1764.92571768       0.00000000  0  0 f8 f0 0a 04 01 0011 01 01
   17 2016 248 16 44 41 885 0    1759.40264122       0.00000000  0  0 f8 f0 0a 04 01 0011 01 01
   17 2016 248 16 44 42 885 0    1753.88975771       0.00000000  0  0 f8 f0 0a 04 01 0011 01 01
   17 2016 248 16 44 43 885 0    1748.38811642       0.00000000  0  0 f8 f0 0a 04 01 0011 01 01
   17 2016 248 16 44 44 885 0    1742.89711776       0.00000000  0  0 f8 f0 0a 04 01 0011 01 01
   17 2016 248 16 44 45 885 0    1737.41706152       0.00000000  0  0 f8 f0 0a 04 01 0011 01 01
   17 2016 248 16 44 46 885 0    1731.94689844       0.00000000  0  0 f8 f0 0a 04 01 0011 01 01
   18 2016 248 16 44 47 885 0    1726.48887695       0.00000000  0  0 f8 f0 0a 04 01 0012 01 01
   18 2016 248 16 44 48 885 0    1721.04239747       0.00000000  0  0 f8 f0 0a 04 01 0012 01 01
   18 2016 248 16 44 49 885 0    1715.60656062       0.00000000  0  0 f8 f0 0a 04 01 0012 01 01
   18 2016 248 16 44 50 885 0    1710.18256557       0.00000000  0  0 f8 f0 0a 04 01 0012 01 01
   18 2016 248 16 44 51 885 0    1704.76996264       0.00000000  0  0 f8 f0 0a 04 01 0012 01 01
   18 2016 248 16 44 52 885 0    1699.36950130       0.00000000  0  0 f8 f0 0a 04 01 0012 01 01
   18 2016 248 16 44 53 885 0    1693.98028218       0.00000000  0  0 f8 f0 0a 04 01 0012 01 01
   18 2016 248 16 44 54 885 0    1688.60305476       0.00000000  0  0 f8 f0 0a 04 01 0012 01 01
   18 2016 248 16 44 55 885 0    1683.23826872       0.00000000  0  0 f8 f0 0a 04 01 0012 01 01
   18 2016 248 16 44 56 885 0    1677.88577418       0.00000000  0  0 f8 f0 0a 04 01 0012 01 01
   19 2016 248 16 44 57 885 0    1672.54482164       0.00000000  0  0 f8 f0 0a 04 01 0013 01 01
   19 2016 248 16 44 58 885 0    1667.21705997       0.00000000  0  0 f8 f0 0a 04 01 0013 01 01
   19 2016 248 16 44 59 885 0    1661.90158980       0.00000000  0  0 f8 f0 0a 04 01 0013 01 01
   19 2016 248 16 45 00 885 0    1656.59871090       0.00000000  0  0 f8 f0 0a 04 01 0013 01 01
   19 2016 248 16 45 01 885 0    1651.30977236       0.00000000  0  0 f8 f0 0a 04 01 0013 01 01
   19 2016 248 16 45 02 885 0    1646.03312531       0.00000000  0  0 f8 f0 0a 04 01 0013 01 01
   19 2016 248 16 45 03 885 0    1640.76936933       0.00000000  0  0 f8 f0 0a 04 01 0013 01 01
   19 2016 248 16 45 04 885 0    1635.51910401       0.00000000  0  0 f8 f0 0a 04 01 0013 01 01
   19 2016 248 16 45 05 885 0    1630.28128008       0.00000000  0  0 f8 f0 0a 04 01 0013 01 01
   19 2016 248 16 45 06 885 0    1625.05739650       0.00000000  0  0 f8 f0 0a 04 01 0013 01 01
   20 2016 248 16 45 07 885 0    1619.84670379       0.00000000  0  0 f8 f0 0a 04 01 0014 01 01
   20 2016 248 16 45 08 885 0    1614.65040111       0.00000000  0  0 f8 f0 0a 04 01 0014 01 01
   20 2016 248 16 45 09 885 0    1609.46818869       0.00000000  0  0 f8 f0 0a 04 01 0014 01 01
   20 2016 248 16 45 10 885 0    1604.29916712       0.00000000  0  0 f8 f0 0a 04 01 0014 01 01
   20 2016 248 16 45 11 885 0    1599.14438571       0.00000000  0  0 f8 f0 0a 04 01 0014 01 01
   20 2016 248 16 45 12 885 0    1594.00414422       0.00000000  0  0 f8 f0 0a 04 01 0014 01 01
   20 2016 248 16 45 13 885 0    1588.87829277       0.00000000  0  0 f8 f0 0a 04 01 0014 01 01
   20 2016 248 16 45 14 885 0    1583.76758085       0.00000000  0  0 f8 f0 0a 04 01 0014 01 01
   20 2016 248 16 45 15 885 0    1578.67125896       0.00000000  0  0 f8 f0 0a 04 01 0014 01 01
   20 2016 248 16 45 16 885 0    1573.58962690       0.00000000  0  0 f8 f0 0a 04 01 0014 01 01
   21 2016 248 16 45 17 885 0    1568.52283456       0.00000000  0  0 f8 f0 0a 04 01 0015 01 01
   21 2016 248 16 45 18 885 0    1563.47163144       0.00000000  0  0 f8 f0 0a 04 01 0015 01 01
   21 2016 248 16 45 19 885 0    1558.43556783       0.00000000  0  0 f8 f0 0a 04 01 0015 01 01
   21 2016 248 16 45 20 885 0    1553.41509344       0.00000000  0  0 f8 f0 0a 04 01 0015 01 01
   21 2016 248 16 45 21 885 0    1548.41035814       0.00000000  0  0 f8 f0 0a 04 01 0015 01 01
   21 2016 248 16 45 22 885 0    1543.42151185       0.00000000  0  0 f8 f0 0a 04 01 0015 01 01
   21 2016 248 16 45 23 885 0    1538.44930404       0.00000000  0  0 f8 f0 0a 04 01 0015 01 01
   21 2016 248 16 45 24 885 0    1533.49223574       0.00000000  0  0 f8 f0 0a 04 01 0015 01 01
   21 2016 248 16 45 25 885 0    1528.55165604       0.00000000  0  0 f8 f0 0a 04 01 0015 01 01
   21 2016 248 16 45 26 885 0    1523.62831439       0.00000000  0  0 f8 f0 0a 04 01 0015 01 01
   22 2016 248 16 45 27 885 0    1518.72056196       0.00000000  0  0 f8 f0 0a 04 01 0016 01 01
   22 2016 248 16 45 28 885 0    1513.82989770       0.00000000  0  0 f8 f0 0a 04 01 0016 01 01
   22 2016 248 16 45 29 885 0    1508.95662140       0.00000000  0  0 f8 f0 0a 04 01 0016 01 01
   22 2016 248 16 45 30 885 0    1504.10058316       0.00000000  0  0 f8 f0 0a 04 01 0016 01 01
   22 2016 248 16 45 31 885 0    1499.26178299       0.00000000  0  0 f8 f0 0a 04 01 0016 01 01
   22 2016 248 16 45 32 885 0    1494.43962131       0.00000000  0  0 f8 f0 0a 04 01 0016 01 01
   22 2016 248 16 45 33 885 0    1489.63649644       0.00000000  0  0 f8 f0 0a 04 01 0016 01 01
   22 2016 248 16 45 34 885 0    1484.85030985       0.00000000  0  0 f8 f0 0a 04 01 0016 01 01
   22 2016 248 16 45 35 885 0    1480.08286028       0.00000000  0  0 f8 f0 0a 04 01 0016 01 01
   22 2016 248 16 45 36 885 0    1475.33339827       0.00000000  0  0 f8 f0 0a 04 01 0016 01 01
   23 2016 248 16 45 37 885 0    1470.60177390       0.00000000  0  0 f8 f0 0a 04 01 0017 01 01
   23 2016 248 16 45 38 885 0    1465.88918636       0.00000000  0  0 f8 f0 0a 04 01 0017 01 01
   23 2016 248 16 45 39 885 0    1461.19548574       0.00000000  0  0 f8 f0 0a 04 01 0017 01 01
   23 2016 248 16 45 40 885 0    1456.52052215       0.00000000  0  0 f8 f0 0a 04 01 0017 01 01
   23 2016 248 16 45 41 885 0    1451.86414569       0.00000000  0  0 f8 f0 0a 04 01 0017 01 01
   23 2016 248 16 45 42 885 0    1447.22785533       0.00000000  0  0 f8 f0 0a 04 01 0017 01 01
   23 2016 248 16 45 43 885 0    1442.61120137       0.00000000  0  0 f8 f0 0a 04 01 0017 01 01
   23 2016 248 16 45 44 885 0    1438.01388403       0.00000000  0  0 f8 f0 0a 04 01 0017 01 01
   23 2016 248 16 45 45 885 0    1433.43650289       0.00000000  0  0 f8 f0 0a 04 01 0017 01 01
   23 2016 248 16 45 46 885 0    1428.87950763       0.00000000  0  0 f8 f0 0a 04 01 0017 01 01
   24 2016 248 16 45 47 885 0    1424.34274836       0.00000000  0  0 f8 f0 0a 04 01 0018 01 01
   24 2016 248 16 45 48 885 0    1419.82652488       0.00000000  0  0 f8 f0 0a 04 01 0018 01 01
   24 2016 248 16 45 49 885 0    1415.33083718       0.00000000  0  0 f8 f0 0a 04 01 0018 01 01
   24 2016 248 16 45 50 885 0    1410.85403640       0.00000000  0  0 f8 f0 0a 04 01 0018 01 01
   24 2016 248 16 45 51 885 0    1406.40001985       0.00000000  0  0 f8 f0 0a 04 01 0018 01 01
   24 2016 248 16 45 52 885 0    1401.96773826       0.00000000  0  0 f8 f0 0a 04 01 0018 01 01
   24 2016 248 16 45 53 885 0    1397.55779120       0.00000000  0  0 f8 f0 0a 04 01 0018 01 01
   24 2016 248 16 45 54 885 0    1393.16837993       0.00000000  0  0 f8 f0 0a 04 01 0018 01 01
   24 2016 248 16 45 55 885 0    1388.80205267       0.00000000  0  0 f8 f0 0a 04 01 0018 01 01
   24 2016 248 16 45 56 885 0    1384.45701068       0.00000000  0  0 f8 f0 0a 04 01 0018 01 01
   25 2016 248 16 45 57 885 0    1380.13475292       0.00000000  0  0 f8 f0 0a 04 01 0019 01 01
   25 2016 248 16 45 58 885 0    1375.83497959       0.00000000  0  0 f8 f0 0a 04 01 0019 01 01
   25 2016 248 16 45 59 885 0    1371.55799049       0.00000000  0  0 f8 f0 0a 04 01 0019 01 01
   25 2016 248 16 46 00 885 0    1367.30378561       0.00000000  0  0 f8 f0 0a 04 01 0019 01 01
   25 2016 248 16 46 01 885 0    1363.07281465       0.00000000  0  0 f8 f0 0a 04 01 0019 01 01
   25 2016 248 16 46 02 885 0    1358.86612688       0.00000000  0  0 f8 f0 0a 04 01 0019 01 01
   25 2016 248 16 46 03 885 0    1354.68222334       0.00000000  0  0 f8 f0 0a 04 01 0019 01 01
   25 2016 248 16 46 04 885 0    1350.52275288       0.00000000  0  0 f8 f0 0a 04 01 0019 01 01
   25 2016 248 16 46 05 885 0    1346.38786540       0.00000000  0  0 f8 f0 0a 04 01 0019 01 01
   25 2016 248 16 46 06 885 0    1342.27681143       0.00000000  0  0 f8 f0 0a 04 01 0019 01 01
   26 2016 248 16 46 07 885 0    1338.18989074       0.00000000  0  0 f8 f0 0a 04 01 001a 01 01
   26 2016 248 16 46 08 885 0    1334.12785283       0.00000000  0  0 f8 f0 0a 04 01 001a 01 01
   26 2016 248 16 46 09 885 0    1330.09219666       0.00000000  0  0 f8 f0 0a 04 01 001a 01 01
   26 2016 248 16 46 10 885 0    1326.08142326       0.00000000  0  0 f8 f0 0a 04 01 001a 01 01
   26 2016 248 16 46 11 885 0    1322.09553264       0.00000000  0  0 f8 f0 0a 04 01 001a 01 01
   26 2016 248 16 46 12 885 0    1318.13542416       0.00000000  0  0 f8 f0 0a 04 01 001a 01 01
   26 2016 248 16 46 13 885 0    1314.20199722       0.00000000  0  0 f8 f0 0a 04 01 001a 01 01
   26 2016 248 16 46 14 885 0    1310.29465221       0.00000000  0  0 f8 f0 0a 04 01 001a 01 01
   26 2016 248 16 46 15 885 0    1306.41338916       0.00000000  0  0 f8 f0 0a 04 01 001a 01 01
   26 2016 248 16 46 16 885 0    1302.55895752       0.00000000  0  0 f8 f0 0a 04 01 001a 01 01
   27 2016 248 16 46 17 885 0    1298.73210680       0.00000000  0  0 f8 f0 0a 04 01 001b 01 01
   27 2016 248 16 46 18 885 0    1294.93238729       0.00000000  0  0 f8 f0 0a 04 01 001b 01 01
   27 2016 248 16 46 19 885 0    1291.15994889       0.00000000  0  0 f8 f0 0a 04 01 001b 01 01
   27 2016 248 16 46 20 885 0    1287.41539120       0.00000000  0  0 f8 f0 0a 04 01 001b 01 01
   27 2016 248 16 46 21 885 0    1283.69916389       0.00000000  0  0 f8 f0 0a 04 01 001b 01 01
   27 2016 248 16 46 22 885 0    1280.00961811       0.00000000  0  0 f8 f0 0a 04 01 001b 01 01
   27 2016 248 16 46 23 885 0    1276.34960188       0.00000000  0  0 f8 f0 0a 04 01 001b 01 01
   27 2016 248 16 46 24 885 0    1272.71851563       0.00000000  0  0 f8 f0 0a 04 01 001b 01 01
   27 2016 248 16 46 25 885 0    1269.11605956       0.00000000  0  0 f8 f0 0a 04 01 001b 01 01
   27 2016 248 16 46 26 885 0    1265.54268336       0.00000000  0  0 f8 f0 0a 04 01 001b 01 01
   28 2016 248 16 46 27 885 0    1261.99928640       0.00000000  0  0 f8 f0 0a 04 01 001c 01 01
   28 2016 248 16 46 28 885 0    1258.48556890       0.00000000  0  0 f8 f0 0a 04 01 001c 01 01
   28 2016 248 16 46 29 885 0    1255.00168074       0.00000000  0  0 f8 f0 0a 04 01 001c 01 01
   28 2016 248 16 46 30 885 0    1251.54807163       0.00000000  0  0 f8 f0 0a 04 01 001c 01 01
   28 2016 248 16 46 31 885 0    1248.12519124       0.00000000  0  0 f8 f0 0a 04 01 001c 01 01
   28 2016 248 16 46 32 885 0    1244.73258989       0.00000000  0  0 f8 f0 0a 04 01 001c 01 01
   28 2016 248 16 46 33 885 0    1241.37131685       0.00000000  0  0 f8 f0 0a 04 01 001c 01 01
   28 2016 248 16 46 34 885 0    1238.04137212       0.00000000  0  0 f8 f0 0a 04 01 001c 01 01
   28 2016 248 16 46 35 885 0    1234.74245591       0.00000000  0  0 f8 f0 0a 04 01 001c 01 01
   28 2016 248 16 46 36 885 0    1231.47546760       0.00000000  0  0 f8 f0 0a 04 01 001c 01 01
   29 2016 248 16 46 37 885 0    1228.24070698       0.00000000  0  0 f8 f0 0a 04 01 001d 01 01
   29 2016 248 16 46 38 885 0    1225.03862374       0.00000000  0  0 f8 f0 0a 04 01 001d 01 01
   29 2016 248 16 46 39 885 0    1221.86876818       0.00000000  0  0 f8 f0 0a 04 01 001d 01 01
   29 2016 248 16 46 40 885 0    1218.73173990       0.00000000  0  0 f8 f0 0a 04 01 001d 01 01
   29 2016 248 16 46 41 885 0    1215.62753889       0.00000000  0  0 f8 f0 0a 04 01 001d 01 01
   29 2016 248 16 46 42 885 0    1212.55691464       0.00000000  0  0 f8 f0 0a 04 01 001d 01 01
   29 2016 248 16 46 43 885 0    1209.52031684       0.00000000  0  0 f8 f0 0a 04 01 001d 01 01
   29 2016 248 16 46 44 885 0    1206.51729578       0.00000000  0  0 f8 f0 0a 04 01 001d 01 01
   29 2016 248 16 46 45 885 0    1203.54815128       0.00000000  0  0 f8 f0 0a 04 01 001d 01 01
   29 2016 248 16 46 46 885 0    1200.61288332       0.00000000  0  0 f8 f0 0a 04 01 001d 01 01
   30 2016 248 16 46 47 885 0    1197.71284098       0.00000000  0  0 f8 f0 0a 04 01 001e 01 01
   30 2016 248 16 46 48 885 0    1194.84787436       0.00000000  0  0 f8 f0 0a 04 01 001e 01 01
   30 2016 248 16 46 49 885 0    1192.01798345       0.00000000  0  0 f8 f0 0a 04 01 001e 01 01
   30 2016 248 16 46 50 885 0    1189.22346805       0.00000000  0  0 f8 f0 0a 04 01 001e 01 01
   30 2016 248 16 46 51 885 0    1186.46462796       0.00000000  0  0 f8 f0 0a 04 01 001e 01 01
   30 2016 248 16 46 52 885 0    1183.74146316       0.00000000  0  0 f8 f0 0a 04 01 001e 01 01
   30 2016 248 16 46 53 885 0    1181.05397367       0.00000000  0  0 f8 f0 0a 04 01 001e 01 01
   30 2016 248 16 46 54 885 0    1178.40335866       0.00000000  0  0 f8 f0 0a 04 01 001e 01 01
   30 2016 248 16 46 55 885 0    1175.78916842       0.00000000  0  0 f8 f0 0a 04 01 001e 01 01
   30 2016 248 16 46 56 885 0    1173.21215245       0.00000000  0  0 f8 f0 0a 04 01 001e 01 01
   31 2016 248 16 46 57 885 0    1170.67261054       0.00000000  0  0 f8 f0 0a 04 01 001f 01 01
   31 2016 248 16 46 58 885 0    1168.17039279       0.00000000  0  0 f8 f0 0a 04 01 001f 01 01
   31 2016 248 16 46 59 885 0    1165.70489962       0.00000000  0  0 f8 f0 0a 04 01 001f 01 01
   31 2016 248 16 47 00 885 0    1163.27807967       0.00000000  0  0 f8 f0 0a 04 01 001f 01 01
   31 2016 248 16 47 01 885 0    1160.88948326       0.00000000  0  0 f8 f0 0a 04 01 001f 01 01
   31 2016 248 16 47 02 885 0    1158.53881060       0.00000000  0  0 f8 f0 0a 04 01 001f 01 01
   31 2016 248 16 47 03 885 0    1156.22666127       0.00000000  0  0 f8 f0 0a 04 01 001f 01 01
   31 2016 248 16 47 04 885 0    1153.95363485       0.00000000  0  0 f8 f0 0a 04 01 001f 01 01
   31 2016 248 16 47 05 885 0    1151.72033093       0.00000000  0  0 f8 f0 0a 04 01 001f 01 01
   31 2016 248 16 47 06 885 0    1149.52644973       0.00000000  0  0 f8 f0 0a 04 01 001f 01 01
   32 2016 248 16 47 07 885 0    1147.37154154       0.00000000  0  0 f8 f0 0a 04 01 0020 01 01
   32 2016 248 16 47 08 885 0    1145.25515668       0.00000000  0  0 f8 f0 0a 04 01 0020 01 01
   32 2016 248 16 47 09 885 0    1143.17864422       0.00000000  0  0 f8 f0 0a 04 01 0020 01 01
   32 2016 248 16 47 10 885 0    1141.14350312       0.00000000  0  0 f8 f0 0a 04 01 0020 01 01
   32 2016 248 16 47 11 885 0    1139.14853421       0.00000000  0  0 f8 f0 0a 04 01 0020 01 01
   32 2016 248 16 47 12 885 0    1137.19433707       0.00000000  0  0 f8 f0 0a 04 01 0020 01 01
   32 2016 248 16 47 13 885 0    1135.28091171       0.00000000  0  0 f8 f0 0a 04 01 0020 01 01
   32 2016 248 16 47 14 885 0    1133.40885770       0.00000000  0  0 f8 f0 0a 04 01 0020 01 01
   32 2016 248 16 47 15 885 0    1131.57802516       0.00000000  0  0 f8 f0 0a 04 01 0020 01 01
   32 2016 248 16 47 16 885 0    1129.78991305       0.00000000  0  0 f8 f0 0a 04 01 0020 01 01
   33 2016 248 16 47 17 885 0    1128.04227291       0.00000000  0  0 f8 f0 0a 04 01 0021 01 01
   33 2016 248 16 47 18 885 0    1126.33495486       0.00000000  0  0 f8 f0 0a 04 01 0021 01 01
   33 2016 248 16 47 19 885 0    1124.66975766       0.00000000  0  0 f8 f0 0a 04 01 0021 01 01
   33 2016 248 16 47 20 885 0    1123.04773056       0.00000000  0  0 f8 f0 0a 04 01 0021 01 01
   33 2016 248 16 47 21 885 0    1121.46857379       0.00000000  0  0 f8 f0 0a 04 01 0021 01 01
   33 2016 248 16 47 22 885 0    1119.93183765       0.00000000  0  0 f8 f0 0a 04 01 0021 01 01
   33 2016 248 16 47 23 885 0    1118.43827162       0.00000000  0  0 f8 f0 0a 04 01 0021 01 01
   33 2016 248 16 47 24 885 0    1116.98727613       0.00000000  0  0 f8 f0 0a 04 01 0021 01 01
   33 2016 248 16 47 25 885 0    1115.57960064       0.00000000  0  0 f8 f0 0a 04 01 0021 01 01
   33 2016 248 16 47 26 885 0    1114.21509527       0.00000000  0  0 f8 f0 0a 04 01 0021 01 01
   34 2016 248 16 47 27 885 0    1112.89376001       0.00000000  0  0 f8 f0 0a 04 01 0022 01 01
   34 2016 248 16 47 28 885 0    1111.61619445       0.00000000  0  0 f8 f0 0a 04 01 0022 01 01
   34 2016 248 16 47 29 885 0    1110.38239859       0.00000000  0  0 f8 f0 0a 04 01 0022 01 01
   34 2016 248 16 47 30 885 0    1109.19252232       0.00000000  0  0 f8 f0 0a 04 01 0022 01 01
   34 2016 248 16 47 31 885 0    1108.04671555       0.00000000  0  0 f8 f0 0a 04 01 0022 01 01
   34 2016 248 16 47 32 885 0    1106.94497826       0.00000000  0  0 f8 f0 0a 04 01 0022 01 01
   34 2016 248 16 47 33 885 0    1105.88791006       0.00000000  0  0 f8 f0 0a 04 01 0022 01 01
   34 2016 248 16 47 34 885 0    1104.87521113       0.00000000  0  0 f8 f0 0a 04 01 0022 01 01
   34 2016 248 16 47 35 885 0    1103.90748108       0.00000000  0  0 f8 f0 0a 04 01 0022 01 01
   34 2016 248 16 47 36 885 0    1102.98367062       0.00000000  0  0 f8 f0 0a 04 01 0022 01 01
   35 2016 248 16 47 37 885 0    1102.10452924       0.00000000  0  0 f8 f0 0a 04 01 0023 01 01
   35 2016 248 16 47 38 885 0    1101.27095631       0.00000000  0  0 f8 f0 0a 04 01 0023 01 01
   35 2016 248 16 47 39 885 0    1100.48220235       0.00000000  0  0 f8 f0 0a 04 01 0023 01 01
   35 2016 248 16 47 40 885 0    1099.73826737       0.00000000  0  0 f8 f0 0a 04 01 0023 01 01
   35 2016 248 16 47 41 885 0    1099.03975094       0.00000000  0  0 f8 f0 0a 04 01 0023 01 01
   35 2016 248 16 47 42 885 0    1098.38665307       0.00000000  0  0 f8 f0 0a 04 01 0023 01 01
   35 2016 248 16 47 43 885 0    1097.77912365       0.00000000  0  0 f8 f0 0a 04 01 0023 01 01
   35 2016 248 16 47 44 885 0    1097.21701279       0.00000000  0  0 f8 f0 0a 04 01 0023 01 01
   35 2016 248 16 47 45 885 0    1096.70062029       0.00000000  0  0 f8 f0 0a 04 01 0023 01 01
   35 2016 248 16 47 46 885 0    1096.22919665       0.00000000  0  0 f8 f0 0a 04 01 0023 01 01
   36 2016 248 16 47 47 885 0    1095.80394104       0.00000000  0  0 f8 f0 0a 04 01 0024 01 01
   36 2016 248 16 47 48 885 0    1095.42425390       0.00000000  0  0 f8 f0 0a 04 01 0024 01 01
   36 2016 248 16 47 49 885 0    1095.09193396       0.00000000  0  0 f8 f0 0a 04 01 0024 01 01
   36 2016 248 16 47 50 885 0    1094.80488268       0.00000000  0  0 f8 f0 0a 04 01 0024 01 01
   36 2016 248 16 47 51 885 0    1094.56250048       0.00000000  0  0 f8 f0 0a 04 01 0024 01 01
   36 2016 248 16 47 52 885 0    1094.36583662       0.00000000  0  0 f8 f0 0a 04 01 0024 01 01
   36 2016 248 16 47 53 885 0    1094.21564060       0.00000000  0  0 f8 f0 0a 04 01 0024 01 01
   36 2016 248 16 47 54 885 0    1094.11071324       0.00000000  0  0 f8 f0 0a 04 01 0024 01 01
   36 2016 248 16 47 55 885 0    1094.05195392       0.00000000  0  0 f8 f0 0a 04 01 0024 01 01
   36 2016 248 16 47 56 885 0    1094.03951253       0.00000000  0  0 f8 f0 0a 04 01 0024 01 01
   37 2016 248 16 47 57 885 0    1094.07278950       0.00000000  0  0 f8 f0 0a 04 01 0025 01 01
   37 2016 248 16 47 58 885 0    1094.15208460       0.00000000  0  0 f8 f0 0a 04 01 0025 01 01
   37 2016 248 16 47 59 885 0    1094.27724795       0.00000000  0  0 f8 f0 0a 04 01 0025 01 01
   37 2016 248 16 48 00 885 0    1094.44827955       0.00000000  0  0 f8 f0 0a 04 01 0025 01 01
   37 2016 248 16 48 01 885 0    1094.66517939       0.00000000  0  0 f8 f0 0a 04 01 0025 01 01
   37 2016 248 16 48 02 885 0    1094.92794748       0.00000000  0  0 f8 f0 0a 04 01 0025 01 01
   37 2016 248 16 48 03 885 0    1095.23688361       0.00000000  0  0 f8 f0 0a 04 01 0025 01 01
   37 2016 248 16 48 04 885 0    1095.59093850       0.00000000  0  0 f8 f0 0a 04 01 0025 01 01
   37 2016 248 16 48 05 885 0    1095.99131133       0.00000000  0  0 f8 f0 0a 04 01 0025 01 01
   37 2016 248 16 48 06 885 0    1096.43695282       0.00000000  0  0 f8 f0 0a 04 01 0025 01 01
   38 2016 248 16 48 07 885 0    1096.92816276       0.00000000  0  0 f8 f0 0a 04 01 0026 01 01
   38 2016 248 16 48 08 885 0    1097.46539085       0.00000000  0  0 f8 f0 0a 04 01 0026 01 01
   38 2016 248 16 48 09 885 0    1098.04803749       0.00000000  0  0 f8 f0 0a 04 01 0026 01 01
   38 2016 248 16 48 10 885 0    1098.67610269       0.00000000  0  0 f8 f0 0a 04 01 0026 01 01
   38 2016 248 16 48 11 885 0    1099.34973634       0.00000000  0  0 f8 f0 0a 04 01 0026 01 01
   38 2016 248 16 48 12 885 0    1100.06818897       0.00000000  0  0 f8 f0 0a 04 01 0026 01 01
   38 2016 248 16 48 13 885 0    1100.83191025       0.00000000  0  0 f8 f0 0a 04 01 0026 01 01
   38 2016 248 16 48 14 885 0    1101.64105010       0.00000000  0  0 f8 f0 0a 04 01 0026 01 01
   38 2016 248 16 48 15 885 0    1102.49485902       0.00000000  0  0 f8 f0 0a 04 01 0026 01 01
   38 2016 248 16 48 16 885 0    1103.39468608       0.00000000  0  0 f8 f0 0a 04 01 0026 01 01
   39 2016 248 16 48 17 885 0    1104.33843274       0.00000000  0  0 f8 f0 0a 04 01 0027 01 01
   39 2016 248 16 48 18 885 0    1105.32699837       0.00000000  0  0 f8 f0 0a 04 01 0027 01 01
   39 2016 248 16 48 19 885 0    1106.35993328       0.00000000  0  0 f8 f0 0a 04 01 0027 01 01
   39 2016 248 16 48 20 885 0    1107.43708758       0.00000000  0  0 f8 f0 0a 04 01 0027 01 01
   39 2016 248 16 48 21 885 0    1108.55921075       0.00000000  0  0 f8 f0 0a 04 01 0027 01 01
   39 2016 248 16 48 22 885 0    1109.72510362       0.00000000  0  0 f8 f0 0a 04 01 0027 01 01
   39 2016 248 16 48 23 885 0    1110.93476619       0.00000000  0  0 f8 f0 0a 04 01 0027 01 01
   39 2016 248 16 48 24 885 0    1112.18849825       0.00000000  0  0 f8 f0 0a 04 01 0027 01 01
   39 2016 248 16 48 25 885 0    1113.48585011       0.00000000  0  0 f8 f0 0a 04 01 0027 01 01
   39 2016 248 16 48 26 885 0    1114.82772116       0.00000000  0  0 f8 f0 0a 04 01 0027 01 01
   40 2016 248 16 48 27 885 0    1116.21201283       0.00000000  0  0 f8 f0 0a 04 01 0028 01 01
   40 2016 248 16 48 28 885 0    1117.63962452       0.00000000  0  0 f8 f0 0a 04 01 0028 01 01
   40 2016 248 16 48 29 885 0    1119.11070611       0.00000000  0  0 f8 f0 0a 04 01 0028 01 01
   40 2016 248 16 48 30 885 0    1120.62420833       0.00000000  0  0 f8 f0 0a 04 01 0028 01 01
   40 2016 248 16 48 31 885 0    1122.18118046       0.00000000  0  0 f8 f0 0a 04 01 0028 01 01
   40 2016 248 16 48 32 885 0    1123.77967385       0.00000000  0  0 f8 f0 0a 04 01 0028 01 01
   40 2016 248 16 48 33 885 0    1125.41953859       0.00000000  0  0 f8 f0 0a 04 01 0028 01 01
   40 2016 248 16 48 34 885 0    1127.10362273       0.00000000  0  0 f8 f0 0a 04 01 0028 01 01
   40 2016 248 16 48 35 885 0    1128.82952791       0.00000000  0  0 f8 f0 0a 04 01 0028 01 01
   40 2016 248 16 48 36 885 0    1130.59770382       0.00000000  0  0 f8 f0 0a 04 01 0028 01 01
   41 2016 248 16 48 37 885 0    1132.40710120       0.00000000  0  0 f8 f0 0a 04 01 0029 01 01
   41 2016 248 16 48 38 885 0    1134.25697057       0.00000000  0  0 f8 f0 0a 04 01 0029 01 01
   41 2016 248 16 48 39 885 0    1136.14911066       0.00000000  0  0 f8 f0 0a 04 01 0029 01 01
   41 2016 248 16 48 40 885 0    1138.08172274       0.00000000  0  0 f8 f0 0a 04 01 0029 01 01
   41 2016 248 16 48 41 885 0    1140.05615587       0.00000000  0  0 f8 f0 0a 04 01 0029 01 01
   41 2016 248 16 48 42 885 0    1142.07016161       0.00000000  0  0 f8 f0 0a 04 01 0029 01 01
   41 2016 248 16 48 43 885 0    1144.12418963       0.00000000  0  0 f8 f0 0a 04 01 0029 01 01
   41 2016 248 16 48 44 885 0    1146.21928922       0.00000000  0  0 f8 f0 0a 04 01 0029 01 01
   41 2016 248 16 48 45 885 0    1148.35411132       0.00000000  0  0 f8 f0 0a 04 01 0029 01 01
   41 2016 248 16 48 46 885 0    1150.52835612       0.00000000  0  0 f8 f0 0a 04 01 0029 01 01
   42 2016 248 16 48 47 885 0    1152.74187373       0.00000000  0  0 f8 f0 0a 04 01 002a 01 01
   42 2016 248 16 48 48 885 0    1154.99556354       0.00000000  0  0 f8 f0 0a 04 01 002a 01 01
   42 2016 248 16 48 49 885 0    1157.28777667       0.00000000  0  0 f8 f0 0a 04 01 002a 01 01
   42 2016 248 16 48 50 885 0    1159.61881293       0.00000000  0  0 f8 f0 0a 04 01 002a 01 01
   42 2016 248 16 48 51 885 0    1161.98792283       0.00000000  0  0 f8 f0 0a 04 01 002a 01 01
   42 2016 248 16 48 52 885 0    1164.39540616       0.00000000  0  0 f8 f0 0a 04 01 002a 01 01
   42 2016 248 16 48 53 885 0    1166.84081324       0.00000000  0  0 f8 f0 0a 04 01 002a 01 01
   42 2016 248 16 48 54 885 0    1169.32459376       0.00000000  0  0 f8 f0 0a 04 01 002a 01 01
   42 2016 248 16 48 55 885 0    1171.84599822       0.00000000  0  0 f8 f0 0a 04 01 002a 01 01
   42 2016 248 16 48 56 885 0    1174.40457696       0.00000000  0  0 f8 f0 0a 04 01 002a 01 01
   43 2016 248 16 48 57 885 0    1177.00018006       0.00000000  0  0 f8 f0 0a 04 01 002b 01 01
   43 2016 248 16 48 58 885 0    1179.63280753       0.00000000  0  0 f8 f0 0a 04 01 002b 01 01
   43 2016 248 16 48 59 885 0    1182.30185978       0.00000000  0  0 f8 f0 0a 04 01 002b 01 01
   43 2016 248 16 49 00 885 0    1185.00748671       0.00000000  0  0 f8 f0 0a 04 01 002b 01 01
   43 2016 248 16 49 01 885 0    1187.74893885       0.00000000  0  0 f8 f0 0a 04 01 002b 01 01
   43 2016 248 16 49 02 885 0    1190.52636607       0.00000000  0  0 f8 f0 0a 04 01 002b 01 01
   43 2016 248 16 49 03 885 0    1193.33931871       0.00000000  0  0 f8 f0 0a 04 01 002b 01 01
   43 2016 248 16 49 04 885 0    1196.18734706       0.00000000  0  0 f8 f0 0a 04 01 002b 01 01
   43 2016 248 16 49 05 885 0    1199.07060102       0.00000000  0  0 f8 f0 0a 04 01 002b 01 01
   43 2016 248 16 49 06 885 0    1201.98878081       0.00000000  0  0 f8 f0 0a 04 01 002b 01 01
   44 2016 248 16 49 07 885 0    1204.94158662       0.00000000  0  0 f8 f0 0a 04 01 002c 01 01
   44 2016 248 16 49 08 885 0    1207.92871868       0.00000000  0  0 f8 f0 0a 04 01 002c 01 01
   44 2016 248 16 49 09 885 0    1210.95002707       0.00000000  0  0 f8 f0 0a 04 01 002c 01 01
   44 2016 248 16 49 10 885 0    1214.00506211       0.00000000  0  0 f8 f0 0a 04 01 002c 01 01
   44 2016 248 16 49 11 885 0    1217.09367391       0.00000000  0  0 f8 f0 0a 04 01 002c 01 01
   44 2016 248 16 49 12 885 0    1220.21556267       0.00000000  0  0 f8 f0 0a 04 01 002c 01 01
   44 2016 248 16 49 13 885 0    1223.37042860       0.00000000  0  0 f8 f0 0a 04 01 002c 01 01
   44 2016 248 16 49 14 885 0    1226.55782202       0.00000000  0  0 f8 f0 0a 04 01 002c 01 01
   44 2016 248 16 49 15 885 0    1229.77789281       0.00000000  0  0 f8 f0 0a 04 01 002c 01 01
   44 2016 248 16 49 16 885 0    1233.03034118       0.00000000  0  0 f8 f0 0a 04 01 002c 01 01
   45 2016 248 16 49 17 885 0    1236.31456756       0.00000000  0  0 f8 f0 0a 04 01 002d 01 01
   45 2016 248 16 49 18 885 0    1239.63057194       0.00000000  0  0 f8 f0 0a 04 01 002d 01 01
   45 2016 248 16 49 19 885 0    1242.97835432       0.00000000  0  0 f8 f0 0a 04 01 002d 01 01
   45 2016 248 16 49 20 885 0    1246.35716522       0.00000000  0  0 f8 f0 0a 04 01 002d 01 01
   45 2016 248 16 49 21 885 0    1249.76700463       0.00000000  0  0 f8 f0 0a 04 01 002d 01 01
   45 2016 248 16 49 22 885 0    1253.20742288       0.00000000  0  0 f8 f0 0a 04 01 002d 01 01
   45 2016 248 16 49 23 885 0    1256.67841996       0.00000000  0  0 f8 f0 0a 04 01 002d 01 01
   45 2016 248 16 49 24 885 0    1260.17954618       0.00000000  0  0 f8 f0 0a 04 01 002d 01 01
   45 2016 248 16 49 25 885 0    1263.71050175       0.00000000  0  0 f8 f0 0a 04 01 002d 01 01
   45 2016 248 16 49 26 885 0    1267.27128667       0.00000000  0  0 f8 f0 0a 04 01 002d 01 01
   46 2016 248 16 49 27 885 0    1270.86130136       0.00000000  0  0 f8 f0 0a 04 01 002e 01 01
   46 2016 248 16 49 28 885 0    1274.48009612       0.00000000  0  0 f8 f0 0a 04 01 002e 01 01
   46 2016 248 16 49 29 885 0    1278.12842043       0.00000000  0  0 f8 f0 0a 04 01 002e 01 01
   46 2016 248 16 49 30 885 0    1281.80552483       0.00000000  0  0 f8 f0 0a 04 01 002e 01 01
   46 2016 248 16 49 31 885 0    1285.51095961       0.00000000  0  0 f8 f0 0a 04 01 002e 01 01
   46 2016 248 16 49 32 885 0    1289.24472478       0.00000000  0  0 f8 f0 0a 04 01 002e 01 01
   46 2016 248 16 49 33 885 0    1293.00637064       0.00000000  0  0 f8 f0 0a 04 01 002e 01 01
   46 2016 248 16 49 34 885 0    1296.79559742       0.00000000  0  0 f8 f0 0a 04 01 002e 01 01
   46 2016 248 16 49 35 885 0    1300.61225520       0.00000000  0  0 f8 f0 0a 04 01 002e 01 01
   46 2016 248 16 49 36 885 0    1304.45634399       0.00000000  0  0 f8 f0 0a 04 01 002e 01 01
   47 2016 248 16 49 37 885 0    1308.32726421       0.00000000  0  0 f8 f0 0a 04 01 002f 01 01
   47 2016 248 16 49 38 885 0    1312.22501585       0.00000000  0  0 f8 f0 0a 04 01 002f 01 01
   47 2016 248 16 49 39 885 0    1316.14914923       0.00000000  0  0 f8 f0 0a 04 01 002f 01 01
   47 2016 248 16 49 40 885 0    1320.09966435       0.00000000  0  0 f8 f0 0a 04 01 002f 01 01
   47 2016 248 16 49 41 885 0    1324.07596161       0.00000000  0  0 f8 f0 0a 04 01 002f 01 01
   47 2016 248 16 49 42 885 0    1328.07804103       0.00000000  0  0 f8 f0 0a 04 01 002f 01 01
   47 2016 248 16 49 43 885 0    1332.10575270       0.00000000  0  0 f8 f0 0a 04 01 002f 01 01
   47 2016 248 16 49 44 885 0    1336.15864694       0.00000000  0  0 f8 f0 0a 04 01 002f 01 01
   47 2016 248 16 49 45 885 0    1340.23657385       0.00000000  0  0 f8 f0 0a 04 01 002f 01 01
   47 2016 248 16 49 46 885 0    1344.33938354       0.00000000  0  0 f8 f0 0a 04 01 002f 01 01
   48 2016 248 16 49 47 885 0    1348.46677620       0.00000000  0  0 f8 f0 0a 04 01 0030 01 01
   48 2016 248 16 49 48 885 0    1352.61860195       0.00000000  0  0 f8 f0 0a 04 01 0030 01 01
   48 2016 248 16 49 49 885 0    1356.79456100       0.00000000  0  0 f8 f0 0a 04 01 0030 01 01
   48 2016 248 16 49 50 885 0    1360.99450344       0.00000000  0  0 f8 f0 0a 04 01 0030 01 01
   48 2016 248 16 49 51 885 0    1365.21812948       0.00000000  0  0 f8 f0 0a 04 01 0030 01 01
   48 2016 248 16 49 52 885 0    1369.46513934       0.00000000  0  0 f8 f0 0a 04 01 0030 01 01
   48 2016 248 16 49 53 885 0    1373.73538311       0.00000000  0  0 f8 f0 0a 04 01 0030 01 01
   48 2016 248 16 49 54 885 0    1378.02856101       0.00000000  0  0 f8 f0 0a 04 01 0030 01 01
   48 2016 248 16 49 55 885 0    1382.34452313       0.00000000  0  0 f8 f0 0a 04 01 0030 01 01
   48 2016 248 16 49 56 885 0    1386.68311958       0.00000000  0  0 f8 f0 0a 04 01 0030 01 01
   49 2016 248 16 49 57 885 0    1391.04405057       0.00000000  0  0 f8 f0 0a 04 01 0031 01 01
   49 2016 248 16 49 58 885 0    1395.42716620       0.00000000  0  0 f8 f0 0a 04 01 0031 01 01
   49 2016 248 16 49 59 885 0    1399.83231658       0.00000000  0  0 f8 f0 0a 04 01 0031 01 01
   49 2016 248 16 50 00 885 0    1404.25905201       0.00000000  0  0 f8 f0 0a 04 01 0031 01 01
   49 2016 248 16 50 01 885 0    1408.70737251       0.00000000  0  0 f8 f0 0a 04 01 0031 01 01
   49 2016 248 16 50 02 885 0    1413.17727805       0.00000000  0  0 f8 f0 0a 04 01 0031 01 01
   49 2016 248 16 50 03 885 0    1417.66801918       0.00000000  0  0 f8 f0 0a 04 01 0031 01 01
   49 2016 248 16 50 04 885 0    1422.17974578       0.00000000  0  0 f8 f0 0a 04 01 0031 01 01
   49 2016 248 16 50 05 885 0    1426.71200816       0.00000000  0  0 f8 f0 0a 04 01 0031 01 01
   49 2016 248 16 50 06 885 0    1431.26480632       0.00000000  0  0 f8 f0 0a 04 01 0031 01 01
   50 2016 248 16 50 07 885 0    1435.83799037       0.00000000  0  0 f8 f0 0a 04 01 0032 01 01
   50 2016 248 16 50 08 885 0    1440.43126052       0.00000000  0  0 f8 f0 0a 04 01 0032 01 01
   50 2016 248 16 50 09 885 0    1445.04446686       0.00000000  0  0 f8 f0 0a 04 01 0032 01 01
   50 2016 248 16 50 10 885 0    1449.67730961       0.00000000  0  0 f8 f0 0a 04 01 0032 01 01
   50 2016 248 16 50 11 885 0    1454.32963887       0.00000000  0  0 f8 f0 0a 04 01 0032 01 01
   50 2016 248 16 50 12 885 0    1459.00145464       0.00000000  0  0 f8 f0 0a 04 01 0032 01 01
   50 2016 248 16 50 13 885 0    1463.69230723       0.00000000  0  0 f8 f0 0a 04 01 0032 01 01
   50 2016 248 16 50 14 885 0    1468.40204674       0.00000000  0  0 f8 f0 0a 04 01 0032 01 01
   50 2016 248 16 50 15 885 0    1473.13067318       0.00000000  0  0 f8 f0 0a 04 01 0032 01 01
   50 2016 248 16 50 16 885 0    1477.87788676       0.00000000  0  0 f8 f0 0a 04 01 0032 01 01
   51 2016 248 16 50 17 885 0    1482.64323777       0.00000000  0  0 f8 f0 0a 04 01 0033 01 01
   51 2016 248 16 50 18 885 0    1487.42702602       0.00000000  0  0 f8 f0 0a 04 01 0033 01 01
   51 2016 248 16 50 19 885 0    1492.22880182       0.00000000  0  0 f8 f0 0a 04 01 0033 01 01
   51 2016 248 16 50 20 885 0    1497.04841527       0.00000000  0  0 f8 f0 0a 04 01 0033 01 01
   51 2016 248 16 50 21 885 0    1501.88571648       0.00000000  0  0 f8 f0 0a 04 01 0033 01 01
   51 2016 248 16 50 22 885 0    1506.74055555       0.00000000  0  0 f8 f0 0a 04 01 0033 01 01
   51 2016 248 16 50 23 885 0    1511.61278257       0.00000000  0  0 f8 f0 0a 04 01 0033 01 01
   51 2016 248 16 50 24 885 0    1516.50209777       0.00000000  0  0 f8 f0 0a 04 01 0033 01 01
   51 2016 248 16 50 25 885 0    1521.40850114       0.00000000  0  0 f8 f0 0a 04 01 0033 01 01
   51 2016 248 16 50 26 885 0    1526.33169288       0.00000000  0  0 f8 f0 0a 04 01 0033 01 01
   52 2016 248 16 50 27 885 0    1531.27137321       0.00000000  0  0 f8 f0 0a 04 01 0034 01 01
   52 2016 248 16 50 28 885 0    1536.22754213       0.00000000  0  0 f8 f0 0a 04 01 0034 01 01
   52 2016 248 16 50 29 885 0    1541.20019963       0.00000000  0  0 f8 f0 0a 04 01 0034 01 01
   52 2016 248 16 50 30 885 0    1546.18874613       0.00000000  0  0 f8 f0 0a 04 01 0034 01 01
   52 2016 248 16 50 31 885 0    1551.19348143       0.00000000  0  0 f8 f0 0a 04 01 0034 01 01
   52 2016 248 16 50 32 885 0    1556.21395582       0.00000000  0  0 f8 f0 0a 04 01 0034 01 01
   52 2016 248 16 50 33 885 0    1561.25016933       0.00000000  0  0 f8 f0 0a 04 01 0034 01 01
   52 2016 248 16 50 34 885 0    1566.30197204       0.00000000  0  0 f8 f0 0a 04 01 0034 01 01
   52 2016 248 16 50 35 885 0    1571.36891426       0.00000000  0  0 f8 f0 0a 04 01 0034 01 01
   52 2016 248 16 50 36 885 0    1576.45129580       0.00000000  0  0 f8 f0 0a 04 01 0034 01 01
   53 2016 248 16 50 37 885 0    1581.54866697       0.00000000  0  0 f8 f0 0a 04 01 0035 01 01
   53 2016 248 16 50 38 885 0    1586.66102775       0.00000000  0  0 f8 f0 0a 04 01 0035 01 01
   53 2016 248 16 50 39 885 0    1591.78807837       0.00000000  0  0 f8 f0 0a 04 01 0035 01 01
   53 2016 248 16 50 40 885 0    1596.92951903       0.00000000  0  0 f8 f0 0a 04 01 0035 01 01
   53 2016 248 16 50 41 885 0    1602.08564951       0.00000000  0  0 f8 f0 0a 04 01 0035 01 01
   53 2016 248 16 50 42 885 0    1607.25602014       0.00000000  0  0 f8 f0 0a 04 01 0035 01 01
   53 2016 248 16 50 43 885 0    1612.44063091       0.00000000  0  0 f8 f0 0a 04 01 0035 01 01
   53 2016 248 16 50 44 885 0    1617.63933192       0.00000000  0  0 f8 f0 0a 04 01 0035 01 01
   53 2016 248 16 50 45 885 0    1622.85182339       0.00000000  0  0 f8 f0 0a 04 01 0035 01 01
   53 2016 248 16 50 46 885 0    1628.07840510       0.00000000  0  0 f8 f0 0a 04 01 0035 01 01
   54 2016 248 16 50 47 885 0    1633.31832758       0.00000000  0  0 f8 f0 0a 04 01 0036 01 01
   54 2016 248 16 50 48 885 0    1638.57174072       0.00000000  0  0 f8 f0 0a 04 01 0036 01 01
   54 2016 248 16 50 49 885 0    1643.83879441       0.00000000  0  0 f8 f0 0a 04 01 0036 01 01
   54 2016 248 16 50 50 885 0    1649.11858928       0.00000000  0  0 f8 f0 0a 04 01 0036 01 01
   54 2016 248 16 50 51 885 0    1654.41157503       0.00000000  0  0 f8 f0 0a 04 01 0036 01 01
   54 2016 248 16 50 52 885 0    1659.71760174       0.00000000  0  0 f8 f0 0a 04 01 0036 01 01
   54 2016 248 16 50 53 885 0    1665.03651953       0.00000000  0  0 f8 f0 0a 04 01 0036 01 01
   54 2016 248 16 50 54 885 0    1670.36802860       0.00000000  0  0 f8 f0 0a 04 01 0036 01 01
   54 2016 248 16 50 55 885 0    1675.71227886       0.00000000  0  0 f8 f0 0a 04 01 0036 01 01
   54 2016 248 16 50 56 885 0    1681.06882060       0.00000000  0  0 f8 f0 0a 04 01 0036 01 01
   55 2016 248 16 50 57 885 0    1686.43840331       0.00000000  0  0 f8 f0 0a 04 01 0037 01 01
   55 2016 248 16 50 58 885 0    1691.82057731       0.00000000  0  0 f8 f0 0a 04 01 0037 01 01
   55 2016 248 16 50 59 885 0    1697.21414342       0.00000000  0  0 f8 f0 0a 04 01 0037 01 01
   55 2016 248 16 51 00 885 0    1702.61910165       0.00000000  0  0 f8 f0 0a 04 01 0037 01 01
   55 2016 248 16 51 01 885 0    1708.03590168       0.00000000  0  0 f8 f0 0a 04 01 0037 01 01
   55 2016 248 16 51 02 885 0    1713.46439361       0.00000000  0  0 f8 f0 0a 04 01 0037 01 01
   55 2016 248 16 51 03 885 0    1718.90502714       0.00000000  0  0 f8 f0 0a 04 01 0037 01 01
   55 2016 248 16 51 04 885 0    1724.35690288       0.00000000  0  0 f8 f0 0a 04 01 0037 01 01
   55 2016 248 16 51 05 885 0    1729.81987095       0.00000000  0  0 f8 f0 0a 04 01 0037 01 01
   55 2016 248 16 51 06 885 0    1735.29408123       0.00000000  0  0 f8 f0 0a 04 01 0037 01 01
   56 2016 248 16 51 07 885 0    1740.77983353       0.00000000  0  0 f8 f0 0a 04 01 0038 01 01
   56 2016 248 16 51 08 885 0    1746.27637835       0.00000000  0  0 f8 f0 0a 04 01 0038 01 01
   56 2016 248 16 51 09 885 0    1751.78371570       0.00000000  0  0 f8 f0 0a 04 01 0038 01 01
   56 2016 248 16 51 10 885 0    1757.30214537       0.00000000  0  0 f8 f0 0a 04 01 0038 01 01
   56 2016 248 16 51 11 885 0    1762.83121767       0.00000000  0  0 f8 f0 0a 04 01 0038 01 01
   56 2016 248 16 51 12 885 0    1768.37078271       0.00000000  0  0 f8 f0 0a 04 01 0038 01 01
   56 2016 248 16 51 13 885 0    1773.92084048       0.00000000  0  0 f8 f0 0a 04 01 0038 01 01
   56 2016 248 16 51 14 885 0    1779.48139099       0.00000000  0  0 f8 f0 0a 04 01 0038 01 01
   56 2016 248 16 51 15 885 0    1785.05228435       0.00000000  0  0 f8 f0 0a 04 01 0038 01 01
   56 2016 248 16 51 16 885 0    1790.63337064       0.00000000  0  0 f8 f0 0a 04 01 0038 01 01
   57 2016 248 16 51 17 885 0    1796.22420019       0.00000000  0  0 f8 f0 0a 04 01 0039 01 01
   57 2016 248 16 51 18 885 0    1801.82537258       0.00000000  0  0 f8 f0 0a 04 01 0039 01 01
   57 2016 248 16 51 19 885 0    1807.43643812       0.00000000  0  0 f8 f0 0a 04 01 0039 01 01
   57 2016 248 16 51 20 885 0    1813.05709702       0.00000000  0  0 f8 f0 0a 04 01 0039 01 01
   57 2016 248 16 51 21 885 0    1818.68779896       0.00000000  0  0 f8 f0 0a 04 01 0039 01 01
   57 2016 248 16 51 22 885 0    1824.32779448       0.00000000  0  0 f8 f0 0a 04 01 0039 01 01
   57 2016 248 16 51 23 885 0    1829.97588438       0.00000000  0  0 f8 f0 0a 04 01 0039 01 01
   57 2016 248 16 51 24 885 0    1835.63446703       0.00000000  0  0 f8 f0 0a 04 01 0039 01 01
   57 2016 248 16 51 25 885 0    1841.30279293       0.00000000  0  0 f8 f0 0a 04 01 0039 01 01
   57 2016 248 16 51 26 885 0    1846.98071219       0.00000000  0  0 f8 f0 0a 04 01 0039 01 01
   58 2016 248 16 51 27 885 0    1852.66747532       0.00000000  0  0 f8 f0 0a 04 01 003a 01 01
   58 2016 248 16 51 28 885 0    1858.36323223       0.00000000  0  0 f8 f0 0a 04 01 003a 01 01
   58 2016 248 16 51 29 885 0    1864.06798292       0.00000000  0  0 f8 f0 0a 04 01 003a 01 01
   58 2016 248 16 51 30 885 0    1869.78142758       0.00000000  0  0 f8 f0 0a 04 01 003a 01 01
   58 2016 248 16 51 31 885 0    1875.50386602       0.00000000  0  0 f8 f0 0a 04 01 003a 01 01
   58 2016 248 16 51 32 885 0    1881.23484854       0.00000000  0  0 f8 f0 0a 04 01 003a 01 01
   58 2016 248 16 51 33 885 0    1886.97452505       0.00000000  0  0 f8 f0 0a 04 01 003a 01 01
   58 2016 248 16 51 34 885 0    1892.72274564       0.00000000  0  0 f8 f0 0a 04 01 003a 01 01
   58 2016 248 16 51 35 885 0    1898.47936041       0.00000000  0  0 f8 f0 0a 04 01 003a 01 01
   58 2016 248 16 51 36 885 0    1904.24436938       0.00000000  0  0 f8 f0 0a 04 01 003a 01 01
   59 2016 248 16 51 37 885 0    1910.01762264       0.00000000  0  0 f8 f0 0a 04 01 003b 01 01
   59 2016 248 16 51 38 885 0    1915.79912019       0.00000000  0  0 f8 f0 0a 04 01 003b 01 01
   59 2016 248 16 51 39 885 0    1921.58871214       0.00000000  0  0 f8 f0 0a 04 01 003b 01 01
   59 2016 248 16 51 40 885 0    1927.38639849       0.00000000  0  0 f8 f0 0a 04 01 003b 01 01
   59 2016 248 16 51 41 885 0    1933.19202933       0.00000000  0  0 f8 f0 0a 04 01 003b 01 01
   59 2016 248 16 51 42 885 0    1939.00530489       0.00000000  0  0 f8 f0 0a 04 01 003b 01 01
   59 2016 248 16 51 43 885 0    1944.82652494       0.00000000  0  0 f8 f0 0a 04 01 003b 01 01
   59 2016 248 16 51 44 885 0    1950.65553960       0.00000000  0  0 f8 f0 0a 04 01 003b 01 01
   59 2016 248 16 51 45 885 0    1956.49219896       0.00000000  0  0 f8 f0 0a 04 01 003b 01 01
   59 2016 248 16 51 46 885 0    1962.33635314       0.00000000  0  0 f8 f0 0a 04 01 003b 01 01
   60 2016 248 16 51 47 885 0    1968.18830192       0.00000000  0  0 f8 f0 0a 04 01 003c 01 01
   60 2016 248 16 51 48 885 0    1974.04744572       0.00000000  0  0 f8 f0 0a 04 01 003c 01 01
   60 2016 248 16 51 49 885 0    1979.91393443       0.00000000  0  0 f8 f0 0a 04 01 003c 01 01
   60 2016 248 16 51 50 885 0    1985.78776806       0.00000000  0  0 f8 f0 0a 04 01 003c 01 01
   60 2016 248 16 51 51 885 0    1991.66879671       0.00000000  0  0 f8 f0 0a 04 01 003c 01 01
   60 2016 248 16 51 52 885 0    1997.55702038       0.00000000  0  0 f8 f0 0a 04 01 003c 01 01
   60 2016 248 16 51 53 885 0    2003.45213927       0.00000000  0  0 f8 f0 0a 04 01 003c 01 01
   60 2016 248 16 51 54 885 0    2009.35460308       0.00000000  0  0 f8 f0 0a 04 01 003c 01 01
   60 2016 248 16 51 55 885 0    2015.26366232       0.00000000  0  0 f8 f0 0a 04 01 003c 01 01
   60 2016 248 16 51 56 885 0    2021.17991659       0.00000000  0  0 f8 f0 0a 04 01 003c 01 01
   61 2016 248 16 51 57 885 0    2027.10276628       0.00000000  0  0 f8 f0 0a 04 01 003d 01 01
   61 2016 248 16 51 58 885 0    2033.03251121       0.00000000  0  0 f8 f0 0a 04 01 003d 01 01
   61 2016 248 16 51 59 885 0    2038.96870167       0.00000000  0  0 f8 f0 0a 04 01 003d 01 01
   61 2016 248 16 52 00 885 0    2044.91178735       0.00000000  0  0 f8 f0 0a 04 01 003d 01 01
   61 2016 248 16 52 01 885 0    2050.86116868       0.00000000  0  0 f8 f0 0a 04 01 003d 01 01
   61 2016 248 16 52 02 885 0    2056.81714545       0.00000000  0  0 f8 f0 0a 04 01 003d 01 01
   61 2016 248 16 52 03 885 0    2062.77971764       0.00000000  0  0 f8 f0 0a 04 01 003d 01 01
   61 2016 248 16 52 04 885 0    2068.74843559       0.00000000  0  0 f8 f0 0a 04 01 003d 01 01
   61 2016 248 16 52 05 885 0    2074.72359907       0.00000000  0  0 f8 f0 0a 04 01 003d 01 01
   61 2016 248 16 52 06 885 0    2080.70490829       0.00000000  0  0 f8 f0 0a 04 01 003d 01 01
   62 2016 248 16 52 07 885 0    2086.69251316       0.00000000  0  0 f8 f0 0a 04 01 003e 01 01
   62 2016 248 16 52 08 885 0    2092.68626377       0.00000000  0  0 f8 f0 0a 04 01 003e 01 01
   62 2016 248 16 52 09 885 0    2098.68571044       0.00000000  0  0 f8 f0 0a 04 01 003e 01 01
   62 2016 248 16 52 10 885 0    2104.69145275       0.00000000  0  0 f8 f0 0a 04 01 003e 01 01
   62 2016 248 16 52 11 885 0    2110.70319091       0.00000000  0  0 f8 f0 0a 04 01 003e 01 01
   62 2016 248 16 52 12 885 0    2116.72077503       0.00000000  0  0 f8 f0 0a 04 01 003e 01 01
   62 2016 248 16 52 13 885 0    2122.74405520       0.00000000  0  0 f8 f0 0a 04 01 003e 01 01
   62 2016 248 16 52 14 885 0    2128.77318132       0.00000000  0  0 f8 f0 0a 04 01 003e 01 01
   62 2016 248 16 52 15 885 0    2134.80800350       0.00000000  0  0 f8 f0 0a 04 01 003e 01 01
   62 2016 248 16 52 16 885 0    2140.84867163       0.00000000  0  0 f8 f0 0a 04 01 003e 01 01
   63 2016 248 16 52 17 885 0    2146.89473603       0.00000000  0  0 f8 f0 0a 04 01 003f 01 01
   63 2016 248 16 52 18 885 0    2152.94634659       0.00000000  0  0 f8 f0 0a 04 01 003f 01 01
   63 2016 248 16 52 19 885 0    2159.00350330       0.00000000  0  0 f8 f0 0a 04 01 003f 01 01
   63 2016 248 16 52 20 885 0    2165.06620618       0.00000000  0  0 f8 f0 0a 04 01 003f 01 01
   63 2016 248 16 52 21 885 0    2171.13430532       0.00000000  0  0 f8 f0 0a 04 01 003f 01 01
   63 2016 248 16 52 22 885 0    2177.20765083       0.00000000  0  0 f8 f0 0a 04 01 003f 01 01
   63 2016 248 16 52 23 885 0    2183.28609282       0.00000000  0  0 f8 f0 0a 04 01 003f 01 01
   63 2016 248 16 52 24 885 0    2189.37023086       0.00000000  0  0 f8 f0 0a 04 01 003f 01 01
   63 2016 248 16 52 25 885 0    2195.45946537       0.00000000  0  0 f8 f0 0a 04 01 003f 01 01
   63 2016 248 16 52 26 885 0    2201.55349656       0.00000000  0  0 f8 f0 0a 04 01 003f 01 01
   64 2016 248 16 52 27 885 0    2207.65292401       0.00000000  0  0 f8 f0 0a 04 01 0040 01 01
   64 2016 248 16 52 28 885 0    2213.75744794       0.00000000  0  0 f8 f0 0a 04 01 0040 01 01
   64 2016 248 16 52 29 885 0    2219.86691844       0.00000000  0  0 f8 f0 0a 04 01 0040 01 01
   64 2016 248 16 52 30 885 0    2225.98148541       0.00000000  0  0 f8 f0 0a 04 01 0040 01 01
   64 2016 248 16 52 31 885 0    2232.10069917       0.00000000  0  0 f8 f0 0a 04 01 0040 01 01
   64 2016 248 16 52 32 885 0    2238.22485950       0.00000000  0  0 f8 f0 0a 04 01 0040 01 01
   64 2016 248 16 52 33 885 0    2244.35396641       0.00000000  0  0 f8 f0 0a 04 01 0040 01 01
   64 2016 248 16 52 34 885 0    2250.48831968       0.00000000  0  0 f8 f0 0a 04 01 0040 01 01
   64 2016 248 16 52 35 885 0    2256.62687005       0.00000000  0  0 f8 f0 0a 04 01 0040 01 01
   64 2016 248 16 52 36 885 0    2262.77006721       0.00000000  0  0 f8 f0 0a 04 01 0040 01 01
   65 2016 248 16 52 37 885 0    2268.91776125       0.00000000  0  0 f8 f0 0a 04 01 0041 01 01
   65 2016 248 16 52 38 885 0    2275.07010207       0.00000000  0  0 f8 f0 0a 04 01 0041 01 01
   65 2016 248 16 52 39 885 0    2281.22708968       0.00000000  0  0 f8 f0 0a 04 01 0041 01 01
   65 2016 248 16 52 40 885 0    2287.38857417       0.00000000  0  0 f8 f0 0a 04 01 0041 01 01
   65 2016 248 16 52 41 885 0    2293.55425576       0.00000000  0  0 f8 f0 0a 04 01 0041 01 01
   65 2016 248 16 52 42 885 0    2299.72488392       0.00000000  0  0 f8 f0 0a 04 01 0041 01 01
   65 2016 248 16 52 43 885 0    2305.89955928       0.00000000  0  0 f8 f0 0a 04 01 0041 01 01
   65 2016 248 16 52 44 885 0    2312.07828184       0.00000000  0  0 f8 f0 0a 04 01 0041 01 01
   65 2016 248 16 52 45 885 0    2318.26180108       0.00000000  0  0 f8 f0 0a 04 01 0041 01 01
   65 2016 248 16 52 46 885 0    2324.44921762       0.00000000  0  0 f8 f0 0a 04 01 0041 01 01
   66 2016 248 16 52 47 885 0    2330.64113105       0.00000000  0  0 f8 f0 0a 04 01 0042 01 01
   66 2016 248 16 52 48 885 0    2336.83694178       0.00000000  0  0 f8 f0 0a 04 01 0042 01 01
   66 2016 248 16 52 49 885 0    2343.03724939       0.00000000  0  0 f8 f0 0a 04 01 0042 01 01
   66 2016 248 16 52 50 885 0    2349.24145431       0.00000000  0  0 f8 f0 0a 04 01 0042 01 01
   66 2016 248 16 52 51 885 0    2355.44970643       0.00000000  0  0 f8 f0 0a 04 01 0042 01 01
   66 2016 248 16 52 52 885 0    2361.66215564       0.00000000  0  0 f8 f0 0a 04 01 0042 01 01
   66 2016 248 16 52 53 885 0    2367.87805246       0.00000000  0  0 f8 f0 0a 04 01 0042 01 01
   66 2016 248 16 52 54 885 0    2374.09799648       0.00000000  0  0 f8 f0 0a 04 01 0042 01 01
   66 2016 248 16 52 55 885 0    2380.32228750       0.00000000  0  0 f8 f0 0a 04 01 0042 01 01
   66 2016 248 16 52 56 885 0    2386.55017602       0.00000000  0  0 f8 f0 0a 04 01 0042 01 01
   67 2016 248 16 52 57 885 0    2392.78211174       0.00000000  0  0 f8 f0 0a 04 01 0043 01 01
   67 2016 248 16 52 58 885 0    2399.01749507       0.00000000  0  0 f8 f0 0a 04 01 0043 01 01
   67 2016 248 16 52 59 885 0    2405.25692561       0.00000000  0  0 f8 f0 0a 04 01 0043 01 01
   67 2016 248 16 53 00 885 0    2411.49965386       0.00000000  0  0 f8 f0 0a 04 01 0043 01 01
   67 2016 248 16 53 01 885 0    2417.74657920       0.00000000  0  0 f8 f0 0a 04 01 0043 01 01
   67 2016 248 16 53 02 885 0    2423.99680226       0.00000000  0  0 f8 f0 0a 04 01 0043 01 01
   67 2016 248 16 53 03 885 0    2430.25062283       0.00000000  0  0 f8 f0 0a 04 01 0043 01 01
   67 2016 248 16 53 04 885 0    2436.50849060       0.00000000  0  0 f8 f0 0a 04 01 0043 01 01
   67 2016 248 16 53 05 885 0    2442.76965608       0.00000000  0  0 f8 f0 0a 04 01 0043 01 01
   67 2016 248 16 53 06 885 0    2449.03396939       0.00000000  0  0 f8 f0 0a 04 01 0043 01 01
   68 2016 248 16 53 07 885 0    2455.30188021       0.00000000  0  0 f8 f0 0a 04 01 0044 01 01
   68 2016 248 16 53 08 885 0    2461.57338853       0.00000000  0  0 f8 f0 0a 04 01 0044 01 01
   68 2016 248 16 53 09 885 0    2467.84849436       0.00000000  0  0 f8 f0 0a 04 01 0044 01 01
   68 2016 248 16 53 10 885 0    2474.12674802       0.00000000  0  0 f8 f0 0a 04 01 0044 01 01
   68 2016 248 16 53 11 885 0    2480.40829939       0.00000000  0  0 f8 f0 0a 04 01 0044 01 01
   68 2016 248 16 53 12 885 0    2486.69314848       0.00000000  0  0 f8 f0 0a 04 01 0044 01 01
   68 2016 248 16 53 13 885 0    2492.98129529       0.00000000  0  0 f8 f0 0a 04 01 0044 01 01
   68 2016 248 16 53 14 885 0    2499.27273981       0.00000000  0  0 f8 f0 0a 04 01 0044 01 01
   68 2016 248 16 53 15 885 0    2505.56763195       0.00000000  0  0 f8 f0 0a 04 01 0044 01 01
   68 2016 248 16 53 16 885 0    2511.86552201       0.00000000  0  0 f8 f0 0a 04 01 0044 01 01
   69 2016 248 16 53 17 885 0    2518.16641000       0.00000000  0  0 f8 f0 0a 04 01 0045 01 01
   69 2016 248 16 53 18 885 0    2524.47074560       0.00000000  0  0 f8 f0 0a 04 01 0045 01 01
   69 2016 248 16 53 19 885 0    2530.77792922       0.00000000  0  0 f8 f0 0a 04 01 0045 01 01
   69 2016 248 16 53 20 885 0    2537.08796088       0.00000000  0  0 f8 f0 0a 04 01 0045 01 01
   69 2016 248 16 53 21 885 0    2543.40114036       0.00000000  0  0 f8 f0 0a 04 01 0045 01 01
   69 2016 248 16 53 22 885 0    2549.71776745       0.00000000  0  0 f8 f0 0a 04 01 0045 01 01
   69 2016 248 16 53 23 885 0    2556.03709267       0.00000000  0  0 f8 f0 0a 04 01 0045 01 01
   69 2016 248 16 53 24 885 0    2562.35941582       0.00000000  0  0 f8 f0 0a 04 01 0045 01 01
   69 2016 248 16 53 25 885 0    2568.68473689       0.00000000  0  0 f8 f0 0a 04 01 0045 01 01
   69 2016 248 16 53 26 885 0    2575.01275609       0.00000000  0  0 f8 f0 0a 04 01 0045 01 01
   70 2016 248 16 53 27 885 0    2581.34377322       0.00000000  0  0 f8 f0 0a 04 01 0046 01 01
   70 2016 248 16 53 28 885 0    2587.67763837       0.00000000  0  0 f8 f0 0a 04 01 0046 01 01
   70 2016 248 16 53 29 885 0    2594.01405177       0.00000000  0  0 f8 f0 0a 04 01 0046 01 01
   70 2016 248 16 53 30 885 0    2600.35346308       0.00000000  0  0 f8 f0 0a 04 01 0046 01 01
   70 2016 248 16 53 31 885 0    2606.69557253       0.00000000  0  0 f8 f0 0a 04 01 0046 01 01
   70 2016 248 16 53 32 885 0    2613.04038011       0.00000000  0  0 f8 f0 0a 04 01 0046 01 01
   70 2016 248 16 53 33 885 0    2619.38773593       0.00000000  0  0 f8 f0 0a 04 01 0046 01 01
   70 2016 248 16 53 34 885 0    2625.73808967       0.00000000  0  0 f8 f0 0a 04 01 0046 01 01
   70 2016 248 16 53 35 885 0    2632.09084175       0.00000000  0  0 f8 f0 0a 04 01 0046 01 01
   70 2016 248 16 53 36 885 0    2638.44659176       0.00000000  0  0 f8 f0 0a 04 01 0046 01 01
   71 2016 248 16 53 37 885 0    2644.80459021       0.00000000  0  0 f8 f0 0a 04 01 0047 01 01
   71 2016 248 16 53 38 885 0    2651.16498700       0.00000000  0  0 f8 f0 0a 04 01 0047 01 01
   71 2016 248 16 53 39 885 0    2657.52838171       0.00000000  0  0 f8 f0 0a 04 01 0047 01 01
   71 2016 248 16 53 40 885 0    2663.89432466       0.00000000  0  0 f8 f0 0a 04 01 0047 01 01
   71 2016 248 16 53 41 885 0    2670.26251605       0.00000000  0  0 f8 f0 0a 04 01 0047 01 01
   71 2016 248 16 53 42 885 0    2676.63295589       0.00000000  0  0 f8 f0 0a 04 01 0047 01 01
   71 2016 248 16 53 43 885 0    2683.00609386       0.00000000  0  0 f8 f0 0a 04 01 0047 01 01
   71 2016 248 16 53 44 885 0    2689.38163017       0.00000000  0  0 f8 f0 0a 04 01 0047 01 01
   71 2016 248 16 53 45 885 0    2695.75956481       0.00000000  0  0 f8 f0 0a 04 01 0047 01 01
   71 2016 248 16 53 46 885 0    2702.14004770       0.00000000  0  0 f8 f0 0a 04 01 0047 01 01
   72 2016 248 16 53 47 885 0    2708.52277902       0.00000000  0  0 f8 f0 0a 04 01 0048 01 01
   72 2016 248 16 53 48 885 0    2714.90760890       0.00000000  0  0 f8 f0 0a 04 01 0048 01 01
   72 2016 248 16 53 49 885 0    2721.29498701       0.00000000  0  0 f8 f0 0a 04 01 0048 01 01
   72 2016 248 16 53 50 885 0    2727.68461356       0.00000000  0  0 f8 f0 0a 04 01 0048 01 01
   72 2016 248 16 53 51 885 0    2734.07648856       0.00000000  0  0 f8 f0 0a 04 01 0048 01 01
   72 2016 248 16 53 52 885 0    2740.47046210       0.00000000  0  0 f8 f0 0a 04 01 0048 01 01
   72 2016 248 16 53 53 885 0    2746.86683399       0.00000000  0  0 f8 f0 0a 04 01 0048 01 01
   72 2016 248 16 53 54 885 0    2753.26515452       0.00000000  0  0 f8 f0 0a 04 01 0048 01 01
   72 2016 248 16 53 55 885 0    2759.66587340       0.00000000  0  0 f8 f0 0a 04 01 0048 01 01
   72 2016 248 16 53 56 885 0    2766.06869082       0.00000000  0  0 f8 f0 0a 04 01 0048 01 01
   73 2016 248 16 53 57 885 0    2772.47390658       0.00000000  0  0 f8 f0 0a 04 01 0049 01 01
   73 2016 248 16 53 58 885 0    2778.88077120       0.00000000  0  0 f8 f0 0a 04 01 0049 01 01
   73 2016 248 16 53 59 885 0    2785.28988426       0.00000000  0  0 f8 f0 0a 04 01 0049 01 01
   73 2016 248 16 54 00 885 0    2791.70124577       0.00000000  0  0 f8 f0 0a 04 01 0049 01 01
   73 2016 248 16 54 01 885 0    2798.11440603       0.00000000  0  0 f8 f0 0a 04 01 0049 01 01
   73 2016 248 16 54 02 885 0    2804.52966484       0.00000000  0  0 f8 f0 0a 04 01 0049 01 01
   73 2016 248 16 54 03 885 0    2810.94687230       0.00000000  0  0 f8 f0 0a 04 01 0049 01 01
   73 2016 248 16 54 04 885 0    2817.36602841       0.00000000  0  0 f8 f0 0a 04 01 0049 01 01
   73 2016 248 16 54 05 885 0    2823.78728307       0.00000000  0  0 f8 f0 0a 04 01 0049 01 01
   73 2016 248 16 54 06 885 0    2830.21033648       0.00000000  0  0 f8 f0 0a 04 01 0049 01 01
   74 2016 248 16 54 07 885 0    2836.63533855       0.00000000  0  0 f8 f0 0a 04 01 004a 01 01
   74 2016 248 16 54 08 885 0    2843.06243916       0.00000000  0  0 f8 f0 0a 04 01 004a 01 01
   74 2016 248 16 54 09 885 0    2849.49103873       0.00000000  0  0 f8 f0 0a 04 01 004a 01 01
   74 2016 248 16 54 10 885 0    2855.92173685       0.00000000  0  0 f8 f0 0a 04 01 004a 01 01
   74 2016 248 16 54 11 885 0    2862.35408383       0.00000000  0  0 f8 f0 0a 04 01 004a 01 01
   74 2016 248 16 54 12 885 0    2868.78867925       0.00000000  0  0 f8 f0 0a 04 01 004a 01 01
   74 2016 248 16 54 13 885 0    2875.22477364       0.00000000  0  0 f8 f0 0a 04 01 004a 01 01
   74 2016 248 16 54 14 885 0    2881.66281667       0.00000000  0  0 f8 f0 0a 04 01 004a 01 01
   74 2016 248 16 54 15 885 0    2888.10235867       0.00000000  0  0 f8 f0 0a 04 01 004a 01 01
   74 2016 248 16 54 16 885 0    2894.54369942       0.00000000  0  0 f8 f0 0a 04 01 004a 01 01
   75 2016 248 16 54 17 885 0    2900.98698882       0.00000000  0  0 f8 f0 0a 04 01 004b 01 01
   75 2016 248 16 54 18 885 0    2907.43162729       0.00000000  0  0 f8 f0 0a 04 01 004b 01 01
   75 2016 248 16 54 19 885 0    2913.87821442       0.00000000  0  0 f8 f0 0a 04 01 004b 01 01
   75 2016 248 16 54 20 885 0    2920.32660029       0.00000000  0  0 f8 f0 0a 04 01 004b 01 01
   75 2016 248 16 54 21 885 0    2926.77663502       0.00000000  0  0 f8 f0 0a 04 01 004b 01 01
   75 2016 248 16 54 22 885 0    2933.22801882       0.00000000  0  0 f8 f0 0a 04 01 004b 01 01
   75 2016 248 16 54 23 885 0    2939.68120138       0.00000000  0  0 f8 f0 0a 04 01 004b 01 01
   75 2016 248 16 54 24 885 0    2946.13588290       0.00000000  0  0 f8 f0 0a 04 01 004b 01 01
   75 2016 248 16 54 25 885 0    2952.59206338       0.00000000  0  0 f8 f0 0a 04 01 004b 01 01
   75 2016 248 16 54 26 885 0    2959.04989271       0.00000000  0  0 f8 f0 0a 04 01 004b 01 01
   76 2016 248 16 54 27 885 0    2965.50937091       0.00000000  0  0 f8 f0 0a 04 01 004c 01 01
   76 2016 248 16 54 28 885 0    2971.97049796       0.00000000  0  0 f8 f0 0a 04 01 004c 01 01
   76 2016 248 16 54 29 885 0    2978.43297408       0.00000000  0  0 f8 f0 0a 04 01 004c 01 01
   76 2016 248 16 54 30 885 0    2984.89709906       0.00000000  0  0 f8 f0 0a 04 01 004c 01 01
   76 2016 248 16 54 31 885 0    2991.36287290       0.00000000  0  0 f8 f0 0a 04 01 004c 01 01
   76 2016 248 16 54 32 885 0    2997.82939622       0.00000000  0  0 f8 f0 0a 04 01 004c 01 01
   76 2016 248 16 54 33 885 0    3004.29786819       0.00000000  0  0 f8 f0 0a 04 01 004c 01 01
   76 2016 248 16 54 34 885 0    3010.76783912       0.00000000  0  0 f8 f0 0a 04 01 004c 01 01
   76 2016 248 16 54 35 885 0    3017.23915912       0.00000000  0  0 f8 f0 0a 04 01 004c 01 01
   76 2016 248 16 54 36 885 0    3023.71152839       0.00000000  0  0 f8 f0 0a 04 01 004c 01 01
   77 2016 248 16 54 37 885 0    3030.18584632       0.00000000  0  0 f8 f0 0a 04 01 004d 01 01
   77 2016 248 16 54 38 885 0    3036.66076382       0.00000000  0  0 f8 f0 0a 04 01 004d 01 01
   77 2016 248 16 54 39 885 0    3043.13718030       0.00000000  0  0 f8 f0 0a 04 01 004d 01 01
   77 2016 248 16 54 40 885 0    3049.61614500       0.00000000  0  0 f8 f0 0a 04 01 004d 01 01
   77 2016 248 16 54 41 885 0    3056.09570929       0.00000000  0  0 f8 f0 0a 04 01 004d 01 01
   77 2016 248 16 54 42 885 0    3062.57632286       0.00000000  0  0 f8 f0 0a 04 01 004d 01 01
   77 2016 248 16 54 43 885 0    3069.05873518       0.00000000  0  0 f8 f0 0a 04 01 004d 01 01
   77 2016 248 16 54 44 885 0    3075.54189698       0.00000000  0  0 f8 f0 0a 04 01 004d 01 01
   77 2016 248 16 54 45 885 0    3082.02610805       0.00000000  0  0 f8 f0 0a 04 01 004d 01 01
   77 2016 248 16 54 46 885 0    3088.51211788       0.00000000  0  0 f8 f0 0a 04 01 004d 01 01
   78 2016 248 16 54 47 885 0    3094.99917698       0.00000000  0  0 f8 f0 0a 04 01 004e 01 01
   78 2016 248 16 54 48 885 0    3101.48713546       0.00000000  0  0 f8 f0 0a 04 01 004e 01 01
   78 2016 248 16 54 49 885 0    3107.97704259       0.00000000  0  0 f8 f0 0a 04 01 004e 01 01
   78 2016 248 16 54 50 885 0    3114.46709962       0.00000000  0  0 f8 f0 0a 04 01 004e 01 01
   78 2016 248 16 54 51 885 0    3120.95955499       0.00000000  0  0 f8 f0 0a 04 01 004e 01 01
   78 2016 248 16 54 52 885 0    3127.45275983       0.00000000  0  0 f8 f0 0a 04 01 004e 01 01
   78 2016 248 16 54 53 885 0    3133.94701396       0.00000000  0  0 f8 f0 0a 04 01 004e 01 01
   78 2016 248 16 54 54 885 0    3140.44216745       0.00000000  0  0 f8 f0 0a 04 01 004e 01 01
   78 2016 248 16 54 55 885 0    3146.93747085       0.00000000  0  0 f8 f0 0a 04 01 004e 01 01
   78 2016 248 16 54 56 885 0    3153.50817205       0.00000000  0  0 f8 f0 0a 04 01 004e 01 01
